0.503975
0.479296
0.474345
0.454968
0.434578
0.402001
0.373069
0.374635
0.387086
0.372774
0.425201
0.420088
0.396568
0.383255
0.376481
0.434391
0.39447
0.436879
0.401138
0.435948
0.401863
0.431105
0.397585
0.394359
0.39378
0.406463
0.409453
0.415693
0.403168
0.426237
0.362969
0.377069
0.374063
0.398726
0.36051
0.372618
0.397543
0.403828
0.40116
0.474048
0.404923
0.412023
0.390312
0.41315
0.454996
0.404548
0.389039
0.358722
0.378506
0.421603
0.419041
0.382286
0.378973
0.368761
0.397732
0.414063
0.470468
0.389507
0.363454
0.386213
0.360099
0.388832
0.37098
0.369283
0.37376
0.365834
0.356999
0.383447
0.382461
0.366526
0.368001
0.402186
0.438705
0.37801
0.368284
0.384291
0.390065
0.401378
0.361122
0.366767
0.374823
0.375803
0.411549
0.414324
0.419765
0.391676
0.462018
0.421287
0.407556
0.4339
0.443888
0.368186
0.373079
0.381465
0.361985
0.395335
0.371429
0.383072
0.382836
0.412692
0.427751
0.444864
0.371862
0.410043
0.414238
0.415639
0.41071
0.365993
0.432222
0.375986
0.364052
0.416277
0.404466
0.45836
0.427383
0.404468
0.418292
0.404939
0.387421
0.374987
0.370433
0.39664
0.374567
0.377531
0.413943
0.467069
0.387299
0.382234
0.378408
0.402887
0.396246
0.432827
0.398139
0.418627
0.430767
0.524204
0.421737
0.403394
0.412328
0.371813
0.419172
0.419891
0.409589
0.41839
0.419621
0.467888
0.451506
0.395139
0.389335
0.424071
0.470453
0.383345
0.375594
0.384508
0.444352
0.428784
0.435213
0.38286
0.387511
0.4495
0.383713
0.369387
0.357531
0.395199
0.431365
0.452726
0.464473
0.416977
0.391334
0.401881
0.370876
0.344025
0.37264
0.349083
0.399615
0.418952
0.396587
0.386218
0.369015
0.396011
0.422554
0.404513
0.423964
0.473852
0.424607
0.412063
0.395581
0.422396
0.447574
0.433356
0.418891
0.484107
0.444571
0.440704
0.41081
0.429546
0.483766
0.478918
0.445072
0.44414
0.469197
0.425956
0.429027
0.485081
0.40092
0.379589
0.412372
0.385334
0.407017
0.520719
0.467275
0.483572
0.41648
0.435356
0.45533
0.469715
0.364663
0.397298
0.465758
0.47549
0.466445
0.49789
0.417081
0.403304
0.371477
0.403415
0.412671
0.375154
0.362407
0.390325
0.39301
0.382721
0.39414
0.415764
0.406455
0.391927
