0.544956
0.499507
0.487553
0.479261
0.475846
0.473413
0.495987
0.471648
0.476958
0.48006
0.469334
0.47478
0.451545
0.467779
0.448569
0.450327
0.453734
0.448071
0.393344
0.440983
0.433896
0.4121
0.394358
0.405261
0.389418
0.382246
0.363134
0.359892
0.385253
0.360084
0.365136
0.385014
0.38452
0.391561
0.406471
0.388939
0.361
0.377854
0.349022
0.35219
0.419591
0.430675
0.41175
0.416947
0.408315
0.414652
0.441467
0.454214
0.466572
0.411522
0.425477
0.396669
0.412285
0.382305
0.391907
0.401058
0.40528
0.417033
0.411994
0.373967
0.345525
0.342654
0.356953
0.350023
0.376377
0.466158
0.468342
0.430661
0.412348
0.421432
0.379841
0.378043
0.393934
0.423431
0.428948
0.462904
0.429536
0.421144
0.410556
0.382243
0.40104
0.420727
0.406541
0.446307
0.427507
0.407653
0.457477
0.424971
0.384301
0.40388
0.419555
0.40275
0.436615
0.451861
0.429152
0.39632
0.374962
0.407267
0.383935
0.427969
0.439004
0.385489
0.357343
0.395988
0.366937
0.396037
0.401199
0.416862
0.390834
0.436425
0.431451
0.395408
0.360537
0.37029
0.369212
0.443736
0.430638
0.419479
0.428549
0.38546
0.412064
0.430368
0.42907
0.392316
0.38264
0.455583
0.39966
0.375397
0.452648
0.441583
0.405309
0.406597
0.371728
0.350362
0.369556
0.360043
0.385368
0.392882
0.361154
0.368911
0.395251
0.36596
0.363951
0.370828
0.397029
0.408081
0.399215
0.390465
0.366304
0.368438
0.349804
0.357374
0.386095
0.342648
0.380174
0.381521
0.4125
0.391607
0.410975
0.375125
0.355237
0.374384
0.447063
0.438627
0.394958
0.389869
0.392509
0.4272
0.453957
0.457455
0.474569
0.510214
0.368804
0.404366
0.380745
0.449433
0.457491
0.460793
0.393787
0.37417
0.377713
0.385977
0.382239
0.381005
0.413191
0.377657
0.433386
0.413216
0.432163
0.449645
0.495565
0.46339
0.424478
0.4222
0.393644
0.399554
0.407816
0.390495
0.396053
0.414052
0.378132
0.357434
0.354505
0.344019
0.351317
0.35657
0.3662
0.386011
0.357634
0.361764
0.385937
0.373104
0.386581
0.374695
0.391568
0.400238
0.434301
0.477655
0.438087
0.401617
0.420669
0.415181
0.420064
0.383592
0.35487
0.375994
0.383917
0.376225
0.393894
0.389141
0.360788
0.347651
0.358773
0.391523
0.381116
0.35608
0.387911
0.384677
0.432196
0.42411
0.393344
0.371449
0.433654
0.450546
0.506217
0.475759
0.506237
0.443131
0.384242
0.400886
0.38363
0.374547
0.396133
0.404617
0.349241
0.352051
0.345939
0.390104
0.418848
0.382718
0.35654
0.397871
0.406541
0.359785
0.353512
0.345391
0.356112
0.360768
0.377813
0.379371
0.405803
0.368296
0.401618
0.374462
0.393297
0.360021
0.355943
0.363975
0.375841
0.370529
0.366717
0.36767
0.394443
0.375462
0.357216
0.348623
0.377176
0.381073
0.355634
0.380496
0.35704
0.34481
0.345143
0.382863
0.386943
0.375614
0.388402
0.37931
0.398126
0.392053
0.360311
0.373707
0.354061
0.374028
0.364018
0.375669
0.37288
0.363388
0.359959
0.370007
0.4205
0.413489
0.404385
0.509025
0.422715
0.420929
0.409741
0.375724
0.407966
0.395841
0.352921
0.353599
0.34882
0.346703
0.394161
0.399604
0.392927
0.387395
0.389817
0.362513
0.392868
0.403336
0.378241
0.39353
0.373058
0.392893
0.396766
0.403481
0.401012
0.405222
0.401141
0.374768
0.3486
0.36577
0.366848
0.365505
0.383646
0.366276
0.356981
0.355268
0.357322
0.374323
0.386612
0.38629
0.37291
0.371472
0.373441
0.380013
0.39042
0.369328
0.445666
0.437779
0.433259
0.447242
0.40724
0.388241
0.409794
0.44349
0.412202
0.402215
0.416896
0.372819
0.365769
0.384065
0.441978
0.448408
0.442029
0.483109
0.472868
0.429305
0.438323
0.431174
0.388026
0.408238
0.431005
0.417048
0.390115
0.387847
0.40684
0.40331
0.465241
0.470093
0.456481
0.429975
0.459606
0.454241
0.396955
0.359409
0.400613
0.364654
0.371807
0.348425
0.346683
0.373893
0.381835
0.370607
0.370025
0.367606
0.379969
0.392326
0.403816
0.359763
0.347917
0.366346
0.374838
0.345426
0.395098
0.416548
0.408311
0.37089
0.371482
0.377937
0.365855
0.367482
0.367477
0.373403
0.38112
0.391326
0.403418
0.37361
0.38031
0.379474
0.395425
0.428
0.38103
0.402917
0.440436
0.41524
0.397122
0.436561
0.460783
0.544599
0.467671
0.43723
0.359698
0.362578
0.355073
0.371548
0.369816
0.403174
0.409717
0.408955
0.425301
0.401844
0.406143
0.395728
0.398681
0.435801
0.424715
0.399798
0.409658
0.378655
0.420379
0.435022
0.425391
0.437601
0.494066
0.429326
0.361098
0.353722
0.345535
0.368715
0.374785
0.374736
0.381956
0.44642
0.502965
0.395857
0.406325
0.365604
0.375153
0.356685
0.37418
0.356129
0.368903
0.35699
0.434799
0.435436
0.404247
0.390274
0.433476
0.419265
0.386642
0.378101
0.462939
0.436047
0.457235
0.477633
0.455061
0.383596
0.434272
0.434799
0.419149
0.360703
0.396534
0.441296
0.433791
0.421127
0.428844
0.389397
0.389203
0.418274
0.402793
0.429298
0.370246
0.396765
0.404378
0.387268
0.388459
0.374964
0.396914
0.388589
0.383329
0.388704
0.35055
0.382035
0.364096
0.370232
0.360072
0.371242
0.386504
0.404078
0.399297
0.41579
0.390872
0.369708
0.366155
0.343419
0.350082
0.389862
0.389175
0.404267
0.415646
0.406713
0.402762
0.430073
0.400828
0.422342
0.502026
0.547004
0.408655
0.391429
0.398963
0.356926
0.356985
0.391063
0.390533
0.388926
0.37159
0.363395
0.369184
0.358138
0.44131
0.443605
0.411012
0.392912
0.400022
0.401176
0.39272
0.370479
0.399815
0.393033
0.38588
0.406308
0.416646
0.433754
0.444139
0.436804
0.439594
0.403868
0.358237
0.390527
0.416758
0.404721
0.446149
0.407045
0.388027
0.441444
0.439735
0.453168
0.513939
0.488188
0.54069
0.553992
0.439736
0.416611
0.435666
0.378793
0.444025
0.417581
0.396874
0.386553
0.404196
0.396355
0.416603
0.405469
0.416663
0.413005
0.425044
0.439318
0.396666
0.362355
0.346245
0.372876
0.38356
0.388536
0.357146
0.43859
0.475223
0.420841
0.42789
0.462402
0.376797
0.395472
0.423261
0.385194
0.409971
0.40831
0.438572
0.450698
0.455515
0.391438
0.378045
0.415124
0.423284
0.40603
0.432207
0.434975
0.462288
0.437669
0.454842
0.523239
0.549523
0.431551
0.413265
0.424287
0.427428
0.400302
0.428255
0.409506
0.361058
0.357517
0.375791
0.386639
0.416796
0.400049
0.3596
0.371244
0.452991
0.449053
0.380753
0.40099
0.480647
0.497663
0.49958
0.505536
0.461572
0.44523
0.433576
0.374411
0.379924
0.388839
0.370419
0.366787
0.405413
0.371202
0.357527
0.381932
0.36326
0.385856
0.390586
0.427915
0.429374
0.467697
0.456654
0.409437
0.447758
0.404748
0.434148
0.444008
0.447589
0.450998
0.456439
0.403448
0.412972
0.389601
0.359275
0.374985
0.369823
0.386652
0.383671
0.40908
0.3865
0.378028
0.374113
0.405202
0.449956
0.472999
0.437898
0.437492
0.35619
0.384095
0.396443
0.398273
0.381334
0.353616
0.380138
0.362566
0.358025
0.352307
0.349996
0.369929
0.381647
0.413919
0.396441
0.38851
0.399184
0.42031
0.441925
0.463691
0.459436
0.438188
0.438152
0.474312
0.490696
0.412124
0.445831
0.508629
0.420738
0.405759
0.419098
0.422083
0.420135
0.392607
0.382081
0.370218
0.403795
0.404419
0.40045
0.398881
0.412727
0.353471
0.344334
0.372099
0.345054
0.344269
0.344184
0.342593
0.377162
0.378842
0.373488
0.361162
0.344774
0.34497
0.34568
0.360789
0.390453
0.39694
0.430657
0.380061
0.363721
0.384018
0.433954
0.494417
0.412847
0.439158
0.38195
0.35265
0.387253
0.39933
0.391344
0.376064
0.345364
0.363208
0.352741
0.39527
0.396272
0.408362
0.396658
0.39488
0.394864
0.409349
0.433484
0.41469
0.451795
0.453983
0.397504
0.376364
0.360633
0.378146
0.427407
0.446322
0.461551
0.420558
0.481825
0.484457
0.508751
0.427531
0.411362
0.421483
0.43725
0.414899
0.379224
0.387201
0.45993
0.428429
0.387307
0.387402
0.41039
0.382638
0.399402
0.412071
0.423838
0.456426
0.435359
0.436491
0.460851
0.441521
0.453874
0.434324
0.4275
0.412611
0.463362
0.427731
0.389742
0.408578
0.439077
0.56954
0.503017
0.419929
0.440242
0.465314
0.44558
0.44807
0.437104
0.444788
0.425697
0.482253
0.477089
0.416898
0.451969
0.407783
0.444269
0.431863
0.366083
0.371219
0.472641
0.461685
0.421931
0.420832
0.412679
0.439849
0.444414
0.505841
0.542296
0.503625
0.475847
0.484912
0.450922
0.414227
0.415852
0.484584
0.465141
0.443144
0.438905
0.439299
0.455411
0.46691
0.46809
0.488093
0.453331
0.475613
0.413729
0.375549
0.438526
0.420279
0.419977
0.438692
0.437382
0.376461
0.46452
0.511134
0.529615
0.39396
0.396356
0.41482
0.421217
0.418486
0.401911
0.377832
0.358277
0.374106
0.400878
0.397353
0.366593
0.373427
0.433635
0.447454
0.390809
0.380238
0.415488
0.394205
0.403587
0.351093
0.351956
0.369082
0.388119
0.429988
0.462415
0.561027
0.537375
0.495449
0.488007
0.497081
0.50915
0.463461
0.422333
0.444185
0.477937
0.466314
0.491159
0.463666
0.49805
0.514688
0.474127
0.492151
0.458445
0.453163
0.453857
0.394246
0.389615
0.390318
0.38424
0.420128
0.425768
0.423528
0.457116
0.462477
0.459773
0.422414
0.448645
0.453556
0.477284
0.441812
0.400304
0.472017
0.449727
0.558131
0.38568
0.372328
0.351439
0.34857
0.360296
0.374373
0.381659
0.437007
0.42837
0.432256
0.427718
0.501685
0.515299
0.449805
0.512176
0.482574
0.462227
0.450373
0.470144
0.431985
0.484907
0.50069
0.483743
0.501205
0.491249
0.522656
0.457385
0.384213
0.403643
0.408209
0.39755
0.406883
0.421916
0.381152
0.404237
0.363872
0.376658
0.362226
0.363034
0.394057
0.441395
0.393812
0.410613
0.447244
0.407544
0.423247
0.390656
0.389413
0.426559
0.424737
0.394301
0.38434
0.368458
0.360399
0.364728
0.358255
0.36105
0.360396
0.372693
0.387094
0.405572
0.379085
0.395012
0.394568
0.372926
0.382902
0.421905
0.377009
0.378714
0.359995
0.410933
0.401465
0.414076
0.389634
0.390826
0.3684
0.374871
0.408203
0.425325
0.462964
0.423912
0.387221
0.414057
0.392866
0.385446
0.390221
0.394857
0.396277
