0.496326
0.560999
0.570607
0.587854
0.569905
0.55974
0.479788
0.478781
0.453124
0.496467
0.55427
0.47213
0.482461
0.468012
0.455853
0.443682
0.505619
0.492631
0.441657
0.52425
0.485274
0.520273
0.462409
0.462688
0.432895
0.428956
0.493001
0.476095
0.506323
0.485324
0.498883
0.514165
0.49186
0.49319
0.488588
0.472302
0.466611
0.472553
0.437984
0.497531
0.496313
0.501198
0.442373
0.482029
0.469586
0.458862
0.470478
0.489252
0.489458
0.484557
0.48958
0.474804
0.447244
0.458327
0.477607
0.476042
0.476623
0.47956
0.462625
0.487624
0.473385
0.474455
0.459996
0.452724
0.437974
0.450861
0.420468
0.439658
0.487003
0.490532
0.46603
0.484242
0.445683
0.447969
0.449743
0.452971
0.435619
0.447179
0.493875
0.434338
0.406821
0.456597
0.48944
0.466588
0.469602
0.438969
0.44001
0.432456
0.473129
0.426638
0.478076
0.431473
0.419837
0.387586
0.370267
0.410585
0.384871
0.414503
0.40204
0.42507
0.427913
0.469091
0.472412
0.480873
0.482516
0.429636
0.40307
0.404136
0.40431
0.408365
0.403614
0.414876
0.420206
0.40759
0.394867
0.374352
0.40378
0.393589
0.403468
0.423798
0.391455
0.388776
0.416452
0.40586
0.412513
0.396652
0.371849
0.387138
0.375159
0.418083
0.406848
0.381092
0.376503
0.361553
0.356906
0.383173
0.377445
0.359951
0.342558
0.352039
0.351784
0.351031
0.350399
0.37283
0.371585
0.382219
0.387937
0.379211
0.381463
0.395884
0.385462
0.36687
0.352955
0.357348
0.353467
0.348647
0.365664
0.368387
0.369738
0.360616
0.371563
0.374205
0.382896
0.402965
0.398956
0.366666
0.38138
0.395583
0.397886
0.376157
0.373762
0.386052
0.395639
0.397974
0.385279
0.397802
0.40455
0.398744
0.395676
0.390003
0.42164
0.415172
0.412332
0.402595
0.381094
0.365389
0.374752
0.366027
0.345209
0.358313
0.364369
0.370025
0.382851
0.385844
0.37889
0.388004
0.3576
0.347078
0.348906
0.349556
0.349817
0.351341
0.342675
0.341902
0.351448
0.356336
0.370017
0.381665
0.396859
0.411099
0.45727
0.475015
0.474421
0.388765
0.411693
0.446803
0.419288
0.449119
0.388299
0.423117
0.407302
0.388553
0.426276
0.406585
0.437756
0.428469
0.40819
0.382192
0.369319
0.403548
0.428209
0.407022
0.417634
0.424373
0.409384
0.415025
0.425463
0.454175
0.435908
0.464607
0.440453
0.412422
0.40348
0.466632
0.459663
0.462455
0.513504
0.450805
0.485403
0.505733
0.473826
0.41129
0.428445
0.371211
0.392388
0.39187
0.465301
0.426997
0.464072
0.428876
0.42929
0.400949
0.37829
0.373497
0.377193
0.412257
0.426358
0.420512
0.403292
0.402027
0.417523
0.412885
0.41459
0.399215
0.374626
0.376945
0.379318
0.379547
0.407029
0.386065
0.382276
0.384625
0.396838
0.398834
0.371922
0.414314
0.435814
0.388396
0.391806
0.41495
0.39982
0.397968
0.404364
0.416864
0.40792
0.414811
0.382881
0.455992
0.428945
0.422726
0.416874
0.418167
0.402951
0.401306
0.397372
0.387158
0.374253
0.362053
0.370247
0.357567
0.357414
0.342779
0.342639
0.339612
0.339458
0.332931
0.340692
0.341083
0.344696
0.353653
0.37324
0.370819
0.358536
0.346089
0.339798
0.33873
0.347199
0.343351
0.355583
0.353555
0.380373
0.356401
0.355019
0.363584
0.404903
0.409731
0.476699
0.494076
0.487536
0.43221
0.470262
0.467452
0.464996
0.466578
0.47647
0.473008
0.446757
0.446843
0.386281
0.442835
0.425369
0.398645
0.431825
0.397105
0.428052
0.406498
0.436529
0.410781
0.440573
0.405169
0.418083
0.408691
0.409202
0.374345
0.373156
0.359389
0.364865
0.386103
0.370745
0.375266
0.394011
0.36609
0.38948
0.394857
0.405201
0.391818
0.391053
0.40238
0.401659
0.437348
0.442906
0.424622
0.409964
0.39438
0.471719
0.455365
0.438355
0.408538
0.502907
0.501562
0.447907
0.432099
0.444643
0.445312
0.441297
0.409971
0.416635
0.417447
0.412995
0.400606
0.4183
0.43843
0.435816
0.416964
0.437815
0.421212
0.404041
0.383751
0.381844
0.358351
0.370925
0.388124
0.396634
0.400775
0.397908
0.396054
0.411057
0.411703
0.381236
0.402817
0.417818
0.436808
0.446619
0.416227
0.413136
0.426332
0.414697
0.378598
0.402098
0.431861
0.449166
0.449051
0.483285
0.418947
0.469333
0.478666
0.444935
0.378423
0.380802
0.403698
0.407033
0.393715
0.425969
0.400311
0.4144
0.467457
0.41877
0.449108
0.477966
0.48546
0.463343
0.444362
0.431306
0.40317
0.376133
0.355357
0.352363
0.388379
0.403616
0.414972
0.44989
0.414168
0.381932
0.388345
0.396236
0.38636
0.396761
0.426046
0.439945
0.450617
0.403333
0.375422
0.364564
0.382766
0.440457
0.449713
0.426033
0.417095
0.481378
0.427091
0.444448
0.482975
0.490202
0.410016
0.435473
0.445827
0.438683
0.423216
0.433726
0.436383
0.432339
0.393176
0.397362
0.407322
0.401997
0.396698
0.375525
0.357736
0.356785
0.366441
0.39415
0.398566
0.395413
0.413657
0.421655
0.414868
0.394759
0.390559
0.367375
0.349951
0.368039
0.438
0.417154
0.484514
0.411791
0.411171
0.381486
0.448179
0.406183
0.442781
0.429474
0.463368
0.454508
0.406218
0.402761
0.39868
0.367567
0.359219
0.362635
0.356615
0.349241
0.351604
0.365847
0.363815
0.389169
0.39918
0.414119
0.404288
0.393803
0.390003
0.363845
0.356096
0.354391
0.359234
0.372448
0.378548
0.382277
0.416642
0.432184
0.394357
0.428794
0.427564
0.391301
0.373215
0.380158
0.411903
0.429435
0.436406
0.422119
0.397878
0.383267
0.374299
0.404035
0.388774
0.404371
0.418359
0.425455
0.442907
0.452829
0.430444
0.464576
0.394914
0.428302
0.43135
0.442979
0.46706
0.427939
0.399168
0.372208
0.36194
0.355364
0.34656
0.353235
0.345849
0.385193
0.375996
0.393145
0.387667
0.360593
0.356102
0.354747
0.346896
0.359271
0.350102
0.381885
0.388056
0.451407
0.487849
0.447255
0.413762
0.422171
0.426396
0.403881
0.421687
0.434825
0.475823
0.489164
0.41269
0.420679
0.447103
0.392249
0.419943
0.425905
0.448897
0.441576
0.424008
0.410718
0.393586
0.366197
0.356951
0.374488
0.416963
0.429384
0.438672
0.429766
0.395418
0.381722
0.383986
0.409049
0.45463
0.451045
0.426885
0.436527
0.41695
0.434927
0.445174
0.402664
0.380865
0.373294
0.355687
0.36506
0.360869
0.367982
0.390109
0.414527
0.416585
0.458136
0.43589
0.408733
0.511221
0.494782
0.42336
0.429865
0.378263
0.351224
0.364403
0.38137
0.390173
0.364527
0.369478
0.376725
0.434431
0.46363
0.460404
0.468016
0.451022
0.413092
0.436598
0.459018
0.442308
0.402863
0.420795
0.394046
0.394064
0.423587
0.430145
0.401616
0.386035
0.420559
0.409194
0.379951
0.372598
0.378325
0.378797
0.364547
0.360342
0.354951
0.344422
0.350025
0.355062
0.346642
0.359894
0.367529
0.372105
0.374602
0.374294
0.362847
0.356872
0.347308
0.358365
0.373971
0.385241
0.362537
0.399161
0.405779
0.378997
0.377565
0.385211
0.393321
0.395577
0.406581
0.385604
0.375799
0.359882
0.353011
0.350778
0.342084
0.351227
0.380361
0.363232
0.376241
0.398631
0.38036
0.428869
0.379655
0.390988
0.392996
0.38125
0.366433
0.368669
0.355373
0.353871
0.362796
0.360864
0.365305
0.363391
0.366653
0.359354
0.357744
0.359029
0.37377
0.399231
0.395985
0.389278
0.400202
0.38254
0.416694
0.398813
0.395722
0.426729
0.409624
0.404553
0.410178
0.396317
0.410014
0.382027
0.392767
0.409284
0.394973
0.396788
0.390716
0.391799
0.377389
0.376349
0.371164
0.362826
0.359635
0.361721
0.374101
0.365788
0.377325
0.37468
0.357558
0.339525
0.340272
0.344967
0.347933
0.366458
0.370149
0.352832
0.359072
0.354026
0.35059
0.372027
0.374143
0.395791
0.387286
0.39745
0.371271
0.349007
0.339397
0.340467
0.343079
0.337121
0.353544
0.384056
0.380676
0.387348
0.396357
0.402583
0.379284
0.356354
0.372914
0.396968
0.397256
0.412428
0.411353
0.397374
0.439584
0.40361
0.39298
0.40961
0.401614
0.375339
0.374325
0.431268
0.413801
0.389501
0.406928
0.420737
0.401967
0.369614
0.363777
0.370501
0.37306
0.358071
0.359431
0.347723
0.342579
0.367579
0.361034
0.358919
0.363661
0.376871
0.394582
0.409451
0.441531
0.440856
0.412717
0.485914
0.465352
0.476484
0.517417
0.421011
0.387318
0.381369
0.389777
0.3878
0.404624
0.40806
0.388229
0.423993
0.402949
0.385016
0.375947
0.363468
0.389449
0.402805
0.409742
0.389382
0.375622
0.386399
0.408243
0.416506
0.419292
0.450811
0.489689
0.439832
0.475747
0.477446
0.42876
0.429263
0.444959
0.456489
0.471592
0.461336
0.455437
0.439311
0.476528
0.48674
0.468597
0.510047
0.490584
0.508174
0.553362
0.487545
0.508408
0.373798
0.364601
0.362388
0.368882
0.37233
0.389799
0.390082
0.396037
0.403281
0.433606
0.406016
0.382197
0.370887
0.373206
0.38019
0.392745
0.425803
0.442708
0.441314
0.478577
0.490903
0.469688
0.438745
0.422753
0.431327
0.524029
0.509335
0.450572
0.491327
0.446204
0.417386
0.419213
0.413675
0.392902
0.372303
0.380871
0.371173
0.365332
0.377934
0.3931
0.368106
0.36468
0.365214
0.361414
0.376216
0.383192
0.417013
0.391494
0.374705
0.389696
0.385483
0.379454
0.3855
0.390956
0.393107
0.36784
0.375831
0.366098
0.366266
0.376736
0.389269
0.391878
0.427762
0.427148
0.441035
0.388708
0.400204
0.380445
0.364373
0.357835
0.369074
0.395822
0.416552
0.428547
0.449294
0.45183
0.433347
0.40687
0.402616
0.417372
0.417202
0.386422
0.436175
0.456338
0.432484
0.414665
0.416831
0.43331
0.448122
0.440432
0.430304
0.476025
0.45845
0.446241
0.464764
0.494039
0.490848
0.496672
0.540946
0.434367
0.426941
0.476132
0.529047
0.440683
0.457599
0.441613
0.421297
0.420287
0.423089
0.401167
0.400571
0.433498
0.401932
0.440159
0.455795
0.384146
0.408149
0.396994
0.383175
0.387219
0.409093
0.404128
0.401797
0.388463
0.392046
0.411198
0.406203
0.397756
0.397135
0.420196
0.40944
0.38856
0.385192
0.381691
0.393651
0.406991
0.39326
0.36997
0.384241
0.414213
0.426487
0.448168
0.429156
0.419531
0.39049
0.371646
0.366812
0.431264
0.375199
0.360321
0.355838
0.357077
0.364312
0.366896
0.353803
0.345242
0.350567
0.346819
0.354966
0.357003
0.364394
0.355911
0.333702
0.342766
0.342369
0.345992
0.346359
0.340335
0.346745
0.354242
0.3601
0.360718
0.369469
0.352267
0.348421
0.355107
0.372531
0.361426
0.345586
0.344629
0.344168
0.355831
0.353782
0.356711
0.373138
0.382935
0.371702
0.382815
0.390723
0.38487
0.37513
0.408306
0.373715
0.363162
0.349872
0.342991
0.350329
0.353289
0.355394
0.362673
0.368618
0.365079
0.384227
0.38643
0.389041
0.373246
0.40001
0.365957
0.354846
0.371025
0.373633
0.394565
0.380591
0.394178
0.405875
0.397444
0.387755
0.350242
0.381165
0.381404
0.372006
0.369947
0.368398
0.363388
0.374193
0.393699
0.418938
0.393963
0.409869
0.367115
0.39167
0.395538
0.403119
0.446538
0.465604
0.417986
0.435183
0.429224
0.427627
0.463684
0.468617
0.499427
0.485194
0.454652
0.489954
0.487629
0.451605
0.431653
0.385287
0.389032
0.389552
0.38996
0.386501
0.414512
0.44331
0.423821
0.449045
0.419796
0.404444
0.400982
0.41242
0.390051
0.410694
0.424939
0.427736
0.426505
0.421727
0.418622
0.417733
0.419842
0.413135
0.383518
0.401654
0.395
0.379653
0.353736
0.350393
0.349531
0.35751
0.365608
0.349674
0.368824
0.35607
0.362213
0.389654
0.402979
0.388017
0.397877
0.403654
0.373191
0.363107
0.367218
0.392157
0.369933
0.377793
0.363426
0.382037
0.399411
0.403491
0.390913
0.392859
0.386768
0.363549
0.392599
0.384411
0.399417
0.404757
0.382458
0.383978
0.365998
0.34799
0.349683
0.343999
0.348741
0.350963
0.337847
0.348653
0.352051
0.341562
0.355268
0.365772
0.366714
0.364666
0.359117
0.37597
0.401408
0.416196
0.399121
0.395297
0.395771
0.403451
0.373947
0.362043
0.35099
0.359273
0.355221
0.347366
0.357182
0.365134
0.394686
0.412509
0.368503
0.376842
0.384781
0.409971
0.378892
0.370461
0.380391
0.378583
0.39164
0.384942
0.410446
0.432751
0.471298
0.488251
0.397051
0.424904
0.435433
0.432962
0.431948
0.410023
0.416449
0.381388
0.394471
0.371533
0.38043
0.367922
0.371423
0.367586
0.367793
0.392981
0.391047
0.414203
0.457865
0.46298
0.448387
0.484261
0.459441
0.44453
0.430049
0.435583
0.415342
0.561124
0.541263
0.53106
0.491019
0.478577
0.526079
0.501738
0.452027
0.449784
0.439571
0.491004
0.51585
0.493632
0.534901
0.518928
0.495936
0.458397
0.450361
0.403552
0.400231
0.376445
0.367218
0.381678
0.396351
0.400851
0.381514
0.390616
0.399467
0.422793
0.400496
0.402636
0.424574
0.382024
0.381912
0.362127
0.362715
0.368849
0.368163
0.380082
0.372873
0.380245
0.388881
0.372334
0.374158
0.401217
0.417269
0.422411
0.437645
0.435841
0.392981
0.393989
0.356028
0.354776
0.357019
0.344479
0.343313
0.348882
0.359116
0.354382
0.347235
0.3515
0.346625
0.348598
0.348155
0.34465
0.340309
0.348059
0.352408
0.363619
0.368712
0.389286
0.422531
0.420051
0.411403
0.405875
0.42483
0.43092
0.424217
0.409656
0.397646
0.406408
0.374363
0.356946
0.356872
0.358902
0.361213
0.352841
0.347893
0.360582
0.362487
0.378168
0.390346
0.381646
0.412218
0.411712
0.400457
0.403106
0.418935
0.406495
0.401877
0.382988
0.401799
0.428874
0.4147
0.373295
0.362929
0.342305
0.349418
0.347899
0.34552
0.354655
0.352159
0.354638
0.362358
0.345168
0.347006
0.337418
0.34514
0.351106
0.33865
0.349292
0.346774
0.362822
0.378967
0.366021
0.369924
0.352455
0.356544
0.357871
0.398336
0.379871
0.368226
0.362722
0.382677
0.370817
0.376504
0.368231
0.389486
0.394559
0.405111
0.407901
0.413663
0.417062
0.384152
0.401149
0.366078
0.361072
0.366131
0.360364
0.367638
0.389684
0.393385
0.427122
0.406549
0.397833
0.37781
0.384079
0.373088
0.37033
0.367891
0.381346
0.403866
0.389646
0.406348
0.39003
0.383798
0.362175
0.358486
0.349393
0.35276
0.352334
0.354775
0.341725
0.34651
0.36802
0.377218
0.372421
0.372923
0.362333
0.353136
0.3528
0.357315
0.358976
0.388883
0.397068
0.380618
0.387052
0.366487
0.364358
0.36963
0.359896
0.385438
0.378158
0.368314
0.351308
0.357204
0.36764
0.368972
0.367593
0.364149
0.360447
0.384176
0.399108
0.400559
0.373517
0.397356
0.400797
0.383973
0.357115
0.352883
0.386283
0.39856
0.370561
0.362761
0.364258
0.357094
0.344108
0.340227
0.343662
0.343353
0.343404
0.357824
0.378883
0.388649
0.380422
0.365777
0.36375
0.376195
0.382441
0.374935
0.377162
0.378068
0.393555
0.360977
0.35962
0.357622
0.354386
0.347029
0.350648
0.367402
0.376286
0.397609
0.414264
0.368856
0.359184
0.350169
0.348548
0.342891
0.362868
0.345296
0.344773
0.344943
0.348872
0.344121
0.34483
0.344264
0.337837
0.344949
0.35458
0.35195
0.359042
0.370876
0.411862
0.412812
0.41817
0.399096
0.393129
0.374849
0.367333
0.364611
0.373573
0.388317
0.373782
0.373288
0.381559
0.396972
0.401402
0.37584
0.374398
0.400586
0.395461
0.375257
0.371884
0.357384
0.387268
0.354884
0.411414
0.410412
0.408447
0.396341
0.426265
0.411248
0.387528
0.382161
0.372221
0.372125
0.358342
0.362057
0.352809
0.358066
0.372344
0.397687
0.388803
0.375807
0.356067
0.343297
0.34571
0.339178
0.346348
0.36453
0.375851
0.356821
0.36103
0.410555
0.385415
0.359457
0.351319
0.350088
0.356715
0.360048
0.385839
0.404429
0.382549
0.408515
0.366748
0.342934
0.354875
0.352541
0.362605
0.393757
0.393107
0.362532
0.364905
0.358081
0.362115
0.366311
0.368012
0.368497
0.377513
0.349533
0.349146
0.354043
0.361967
0.351664
0.369147
0.37201
0.384003
0.396292
0.407116
0.419311
0.430461
0.434255
0.432231
0.422846
0.405335
0.41988
0.417602
0.388916
0.389293
0.422064
0.380302
0.395794
0.432333
0.51463
0.539228
0.541943
0.491718
0.4561
0.444418
0.449394
0.418649
0.397992
0.399907
0.427808
0.416824
0.449511
0.421159
0.404213
0.402663
0.384486
0.392774
0.400909
0.422112
0.455888
0.41532
0.38571
0.364725
0.356368
0.356551
0.387296
0.416963
0.437452
0.401257
0.394059
0.395933
0.428593
0.436422
0.400704
0.361273
0.351315
0.351199
0.348128
0.349722
0.353838
0.360263
0.353173
0.351838
0.356635
0.353342
0.350259
0.353744
0.348446
0.347918
0.352201
0.350199
0.344296
0.344979
0.344997
0.349031
0.348067
0.34485
0.35264
0.358295
0.386304
0.43804
0.431907
0.418626
0.381761
0.40866
0.392179
0.412326
0.386647
0.392616
0.392631
0.379943
0.399901
0.41212
0.414854
0.386563
0.381871
0.364549
0.380542
0.390106
0.376813
0.369957
0.380298
0.424289
0.396059
0.367664
0.362652
0.362026
0.353481
0.370666
0.367262
0.355008
0.34843
0.357134
0.380557
0.380017
0.388701
0.411043
0.408921
0.390891
0.412478
0.416988
0.404613
0.396053
0.377241
0.381193
0.384031
0.370857
0.369099
0.391973
0.384883
0.40575
0.404193
0.395593
0.368736
0.360639
0.371259
0.374749
0.373066
0.390056
0.392444
0.393337
0.391465
0.381245
0.406662
0.398759
0.425531
0.387681
0.407626
0.406942
0.406418
0.408735
0.404739
0.408314
0.400167
0.380922
0.406962
0.420338
0.414233
0.394782
0.382279
0.417837
0.404153
0.403308
0.423677
0.395266
0.402929
0.381913
0.388014
0.382771
0.363114
0.366041
0.354222
0.347629
0.340669
0.344091
0.351965
0.364675
0.368454
0.360372
0.368822
0.370365
0.358694
0.359645
0.371489
0.371677
0.382712
0.347753
0.348577
0.362341
0.383835
0.365135
0.365386
0.371028
0.380254
0.390075
0.392333
0.38567
0.373275
0.362625
0.376731
0.375194
0.351959
0.358047
0.357618
0.345332
0.352404
0.364199
0.367736
0.366042
0.370928
0.342156
0.350357
0.335558
0.344842
0.34443
0.352924
0.379435
0.374774
0.377
0.361669
0.393351
0.375971
0.3637
0.372259
0.381336
0.381178
0.401866
0.41073
0.393857
0.376944
0.378532
0.387591
0.39115
0.372712
0.408099
0.373844
0.355108
0.355768
0.377761
0.387722
0.382428
0.356498
0.357867
0.349188
0.356695
0.376104
0.393685
0.391252
0.366864
0.381803
0.404839
0.377862
0.360507
0.38325
0.42684
0.391387
0.385126
0.372207
0.371365
0.361235
0.361136
0.360736
0.37689
0.390009
0.417284
0.441902
0.439638
0.456888
0.477661
0.448602
0.451565
0.458931
0.43361
0.406372
0.407479
0.430726
0.408573
0.461173
0.439577
0.476692
0.465165
0.432263
0.3977
0.450037
0.464216
0.447362
0.422377
0.387964
0.383921
0.375205
0.364166
0.383319
0.406357
0.406109
0.386611
0.392548
0.369171
0.390918
0.43912
0.459815
0.487544
0.458521
0.446173
0.439279
0.397976
0.377374
0.384656
0.411851
0.433479
0.449918
0.403933
0.389244
0.380763
0.399164
0.43452
0.423568
0.404948
0.400584
0.408147
0.421333
0.44525
0.398391
0.367798
0.350389
0.365853
0.364191
0.386913
0.369685
0.354786
0.356024
0.362217
0.365963
0.369027
0.387774
0.378358
0.417168
0.449007
0.45081
0.408581
0.439151
0.458473
0.389242
0.460568
0.444775
0.477015
0.468189
0.461531
0.437083
0.441716
0.42355
0.442444
0.457872
0.510017
0.488178
0.474293
0.48792
0.469896
0.498179
0.483366
0.473659
0.449668
0.432534
0.431226
0.458016
0.400214
0.424993
0.449406
0.459729
0.432862
0.429122
0.430795
0.412338
0.428656
0.425369
0.456212
0.42742
0.418098
0.376254
0.37117
0.374003
0.408076
0.430893
0.419263
0.407527
0.394606
0.397667
0.426302
0.417208
0.430095
0.436523
0.442199
0.422045
0.432676
0.406049
0.417185
0.417007
0.413905
0.376052
0.38226
0.396309
0.419822
0.375809
0.413443
0.420646
0.378573
0.37021
0.370805
0.375983
0.407051
0.409721
0.397869
0.398902
0.426528
0.399056
0.422248
0.395072
0.413951
0.383123
0.448836
0.433287
0.482067
0.456314
0.507265
0.459678
0.411334
0.482652
0.526448
0.495047
0.436976
0.482449
0.428363
0.449222
0.486796
0.461286
0.432547
0.412483
0.409887
0.443692
0.428178
0.461042
0.446965
0.480456
0.479667
0.43525
0.478471
0.482197
0.505029
0.46341
0.38062
0.398208
0.411004
0.386191
0.402656
0.389471
0.365526
0.354784
0.35623
0.370281
0.353345
0.367927
0.377694
0.377431
0.409465
0.426997
0.415023
0.397246
0.359677
0.362424
0.353451
0.353307
0.368966
0.387287
0.380107
0.376138
0.371495
0.34898
0.350795
0.369979
0.385757
0.365064
0.353345
0.341041
0.342647
0.348489
0.344907
0.340336
0.339064
0.355293
0.349655
0.352828
0.369359
0.371872
0.38219
0.382986
0.370316
0.357242
0.367808
0.415382
0.407976
0.365783
0.365204
0.377582
0.383486
0.369201
0.361621
0.360698
0.366317
0.362862
0.367018
0.380819
0.381436
0.371488
0.349945
0.358374
0.374831
0.38232
0.379669
0.374479
0.384156
0.376419
0.386056
0.398495
0.38703
0.386027
0.386878
0.400656
0.389217
0.384945
0.417943
0.427136
0.406551
0.388447
0.372129
0.354571
0.3487
0.35178
0.349104
0.347903
0.344362
0.3446
0.354951
0.35487
0.37472
0.375387
0.351899
0.355244
0.376443
0.399673
0.386192
0.376827
0.352943
0.365208
0.338421
0.342564
0.341899
0.343702
0.351259
0.371672
0.378594
0.402618
0.401347
0.399407
0.434573
0.408042
0.427913
0.41306
0.40262
0.409255
0.405126
0.410871
0.420081
0.406049
0.404423
0.37178
0.358264
0.384801
0.38339
0.36405
0.356999
0.36306
0.373536
0.375163
0.375622
0.387052
0.386396
0.390928
0.38831
0.3642
0.344039
0.35687
0.369289
0.370063
0.363038
0.377382
0.35106
0.363368
0.357428
0.370755
0.394741
0.388407
0.362827
0.364774
0.370925
0.35567
0.358463
0.360684
0.366813
0.382103
0.385836
0.389244
0.390903
0.379265
0.375066
0.381453
0.375515
0.400164
0.402887
0.400462
0.374335
0.385169
0.395308
0.40406
0.397429
0.406227
0.414457
0.403946
0.40122
0.366565
0.353062
0.350926
0.348176
0.365469
0.384494
0.391073
0.397086
0.40608
0.376208
0.384013
0.374796
0.367807
0.369024
0.368459
0.388596
0.409976
0.415258
0.405011
0.42697
0.45937
0.425613
0.43607
0.403516
0.393335
0.372151
0.374498
0.362473
0.393881
0.41169
0.423445
0.371915
0.397276
0.414016
0.425021
0.451928
0.437267
0.448244
0.430883
0.435357
0.427958
0.402751
0.432607
0.406817
0.39457
0.380954
0.415604
0.42529
0.38055
0.382193
0.392466
0.428946
0.459462
0.447678
0.456786
0.493452
0.458852
0.438902
0.451169
0.462757
0.52768
0.561917
0.560696
0.552649
0.530039
0.470677
0.394031
0.474085
0.479349
0.495576
0.50712
0.464031
0.485961
0.387822
0.374506
0.393074
0.355918
0.347145
0.350259
0.357783
0.373291
0.363568
0.34894
0.365645
0.374133
0.349325
0.363743
0.349394
0.355617
0.350906
0.36057
0.376578
0.377213
0.374456
0.372323
0.356095
0.365904
0.361715
0.362919
0.372541
0.389978
0.388099
0.404151
0.409606
0.40501
0.411794
0.397385
0.400335
0.411678
0.407342
0.427681
0.402344
0.433824
0.394766
0.408161
0.408256
0.41426
0.410587
0.410836
0.460877
0.438081
0.392072
0.41064
0.411649
0.381218
0.407029
0.396868
0.392686
0.402471
0.408009
0.428034
0.409586
0.408374
0.379767
0.397179
0.382004
0.40771
0.412042
0.382926
0.391831
0.39624
0.411667
0.394222
0.400459
0.414873
0.501332
0.467757
0.474086
0.434591
0.408027
0.387541
0.411398
0.47388
0.4144
0.382333
0.365269
0.383304
0.393639
0.442086
0.438395
0.397349
0.379572
0.365083
0.364456
0.361304
0.369616
0.399049
0.450568
0.443034
0.433206
0.458385
0.380848
0.397044
0.437097
0.407262
0.41742
0.412501
0.442679
0.466634
0.437779
0.443125
0.427359
0.433771
0.440868
0.399733
0.408382
0.440802
0.444249
0.438377
0.432274
0.466935
0.510452
0.514049
0.483781
0.484333
0.443873
0.415965
0.398939
0.378642
0.359526
0.355841
0.354264
0.366876
0.3665
0.358914
0.347563
0.362522
0.347164
0.350089
0.350921
0.341199
0.348383
0.343008
0.348171
0.353865
0.376941
0.378514
0.37036
0.36887
0.349
0.355883
0.368656
0.385165
0.383122
0.387432
0.37647
0.391977
0.375036
0.359062
0.372553
0.370314
0.371156
0.381609
0.390995
0.381116
0.40137
0.403626
0.475528
0.474277
0.473759
0.434313
0.507328
0.520975
0.508803
0.485284
0.480597
0.39629
0.3746
0.384307
0.410592
0.411191
0.44615
0.409267
0.406776
0.3737
0.400475
0.392164
0.37792
0.348372
0.355595
0.364271
0.365422
0.365333
0.392174
0.392008
0.370528
0.360557
0.361071
0.348621
0.366011
0.349512
0.355489
0.386245
0.394629
0.374069
0.376789
0.350212
0.344476
0.343793
0.350805
0.355957
0.368579
0.37176
0.370996
0.36455
0.366543
0.373264
0.368613
0.361297
0.359243
0.346511
0.351021
0.365551
0.387176
0.409907
0.474507
0.469241
0.424106
0.448661
0.434042
0.407829
0.415296
0.448293
0.470856
0.412048
0.387426
0.391663
0.417074
0.392423
0.415353
0.416932
0.372328
0.364314
0.382285
0.409486
0.416494
0.436067
0.442211
0.436883
0.466383
0.407195
0.422785
0.394127
0.41829
0.430688
0.41248
0.39488
0.373862
0.360646
0.359179
0.356411
0.361838
0.371913
0.40138
0.427486
0.461719
0.466361
0.450767
0.446967
0.514904
0.475476
0.410599
0.450587
0.415486
0.42158
0.423343
0.46191
0.479672
0.48546
0.42499
0.447155
0.516634
0.500283
0.482514
0.459571
0.45215
0.476173
0.479942
0.476032
0.399783
0.392722
0.389581
0.379766
0.375946
0.378187
0.379915
0.416979
0.441541
0.450745
0.427328
0.428465
0.408829
0.429477
0.475248
0.444544
0.472044
0.429559
0.400108
0.364473
0.350372
0.349353
0.373037
0.371682
0.359729
0.368892
0.385572
0.398412
0.396787
0.397332
0.419041
0.406534
0.446423
0.429631
0.432526
0.481577
0.483772
0.487944
0.462652
0.4053
0.369143
0.398297
0.414094
0.416117
0.430809
0.400177
0.463184
0.431209
0.434878
0.410077
0.429501
0.422355
0.427403
0.3927
0.382757
0.376206
0.381104
0.383912
0.429994
0.388214
0.370081
0.374426
0.38667
0.386038
0.38317
0.408212
0.464261
0.445881
0.450224
0.398831
0.349857
0.396353
0.409933
0.442002
0.470506
0.434916
0.442346
0.410308
0.431077
0.402989
0.404093
0.424087
0.433767
0.419031
0.370604
0.365661
0.361028
0.351682
0.378985
0.388376
0.400078
0.395479
0.399457
0.409235
0.419233
0.383861
0.4023
0.41845
0.400614
0.383683
0.401912
0.389938
0.385351
0.378918
0.362
0.369235
0.40795
0.415266
0.388823
0.375236
0.371102
0.389656
0.379224
0.357323
0.379511
0.378793
0.396845
0.407285
0.41098
0.389852
0.402385
0.376226
0.367533
0.378026
0.399566
0.408292
0.388906
0.381694
0.382425
0.382596
0.385492
0.419645
0.388922
0.402235
0.372534
0.360029
0.349198
0.347111
0.365645
0.341977
0.346416
0.353022
0.35563
0.369412
0.398321
0.417874
0.408209
0.381757
0.373171
0.346713
0.342124
0.351564
0.353103
0.350618
0.371779
0.39271
0.384217
0.374396
0.354516
0.361742
0.355528
0.352933
0.36101
0.377195
0.376487
0.373805
0.367687
0.378231
0.376338
0.358499
0.394604
0.411129
0.404428
0.414759
0.405315
0.39921
0.413827
0.384741
0.418446
0.43945
0.393562
0.386713
0.3601
0.39253
0.424098
0.439891
0.418019
0.398263
0.445047
0.41758
0.373026
0.357668
0.393681
0.365333
0.362564
0.369049
0.373706
0.368088
0.376855
0.377087
0.36796
0.372049
0.367919
0.35121
0.342981
0.340823
0.348929
0.347852
0.34093
0.334479
0.34831
0.344293
0.346773
0.363147
0.359297
0.384925
0.392903
0.380637
0.404206
0.399697
0.380728
0.389694
0.409369
0.378502
0.386142
0.378718
0.377935
0.38637
0.436339
0.435991
0.41676
0.422539
0.420974
0.440706
0.390659
0.405152
0.386863
0.412913
0.454389
0.38854
0.384384
0.391583
0.419367
0.427513
0.396381
0.382448
0.406734
0.416297
0.453677
0.460376
0.405179
0.434719
0.425969
0.415986
0.392127
0.370607
0.370877
0.379541
0.413858
0.448556
0.429272
0.483319
0.459176
0.441501
0.518887
0.537356
0.550656
0.544295
0.54746
0.578074
0.576084
0.483084
0.417448
0.426724
0.395024
0.400324
0.401279
0.391399
0.364422
0.400305
0.409711
0.393588
0.390728
0.395287
0.427498
0.398878
0.393075
0.380193
0.373123
0.356137
0.348399
0.34683
0.354617
0.354496
0.347761
0.34834
0.35881
0.371205
0.380295
0.389218
0.386095
0.403493
0.375375
0.424004
0.397799
0.372223
0.38728
0.378748
0.414651
0.413657
0.385103
0.386646
0.370511
0.376297
0.390492
0.362221
0.356151
0.380051
0.368606
0.357342
0.345754
0.358272
0.364297
0.381565
0.398156
0.39504
0.366601
0.353648
0.354327
0.34985
0.346943
0.344529
0.353968
0.362983
0.386014
0.414418
0.454547
0.427493
0.469282
0.452357
0.430113
0.453745
0.434618
0.45745
0.425891
0.457226
0.442283
0.394758
0.399672
0.392142
0.41596
0.420704
0.394068
0.404954
0.378169
0.378084
0.405076
0.401854
0.369583
0.349503
0.35691
0.369993
0.4012
0.389356
0.392919
0.419495
0.403423
0.39782
0.397672
0.40148
0.384243
0.389322
0.378574
0.365228
0.372809
0.418903
0.39084
0.38647
0.400928
0.403851
0.416042
0.406158
0.410615
0.388815
0.416437
0.411678
0.414721
0.450215
0.443895
0.423827
0.453101
0.452191
0.397644
0.44066
0.412386
0.448531
0.423502
0.491293
0.451931
0.439034
0.432305
0.429126
0.44365
0.433876
0.422457
0.425067
0.433464
0.467663
0.460461
0.426194
0.388143
0.394013
0.387759
0.388478
0.372417
0.354017
0.343583
0.354692
0.356862
0.370106
0.41331
0.393478
0.398097
0.382797
0.401988
0.43993
0.422183
0.403946
0.412896
0.435239
0.425818
0.38753
0.380921
0.402228
0.41474
0.40043
0.437025
0.467746
0.47486
0.461583
0.409388
0.382446
0.391454
0.419065
0.418354
0.398049
0.369859
0.376116
0.387766
0.401348
0.435381
0.425956
0.420334
0.490678
0.454544
0.403175
0.427553
0.416391
0.484707
0.461129
0.437091
0.401843
0.462346
0.490165
0.459308
0.525792
0.525099
0.499096
0.525692
0.514047
0.508195
0.493223
0.495038
0.482624
0.471257
0.473101
0.533948
0.556265
0.562355
0.529368
0.533958
0.543731
0.59082
0.58868
0.570487
0.490447
0.444285
0.467244
0.480291
0.42054
0.396334
0.435125
0.441989
0.422586
0.382651
0.392306
0.44783
0.452582
0.432933
0.417118
0.436439
0.422407
0.393292
0.361577
0.359716
0.371569
0.39657
0.419794
0.441771
0.448074
0.455225
0.444287
0.44183
0.43129
0.425043
0.442306
0.397317
0.388426
0.408934
0.397867
0.401483
0.40373
0.376991
0.355772
0.376478
0.381953
0.392174
0.426244
0.387118
0.409233
0.403117
0.405215
0.398303
0.415617
0.399157
0.382705
0.392565
0.405201
0.402499
0.394155
0.387938
0.422604
0.421718
0.434006
0.43228
0.43686
0.389102
0.405847
0.408523
0.379132
0.416212
0.413449
0.397379
0.428731
0.423435
0.417566
0.378277
0.387941
0.38572
0.412211
0.39309
0.435431
0.492867
0.435873
0.43149
0.430701
0.414724
0.419845
0.440059
0.430153
0.453141
0.448845
0.411582
0.395902
0.369263
0.363769
0.367084
0.374151
0.36083
0.353352
0.353463
0.344472
0.344451
0.343456
0.345828
0.35403
0.348417
0.361787
0.383765
0.38784
0.376471
0.40216
0.378871
0.385713
0.369978
0.387805
0.384178
0.414891
0.387235
0.404199
0.365335
0.351418
0.35248
0.355222
0.357706
0.358952
0.372394
0.399078
0.426937
0.430006
0.479378
0.469136
0.491757
0.481752
0.520767
0.478778
0.4316
0.396125
0.424696
0.437966
0.380288
0.440764
0.430714
0.418555
0.384366
0.419714
0.463518
0.470307
0.467388
0.526424
0.43126
0.456274
0.376873
0.358189
0.375333
0.375333
0.373532
0.366092
0.425832
0.40342
0.38985
0.395802
0.464577
0.453856
0.416013
0.38725
0.376831
0.378309
0.401038
0.383477
0.373472
0.401582
0.397433
0.391205
0.421454
0.408846
0.431375
0.411996
0.396476
0.387867
0.434104
0.396267
0.434896
0.448464
0.486508
0.454035
0.416738
0.384394
0.429763
0.434624
0.474013
0.488024
0.4411
0.451219
0.4874
0.429998
0.503852
0.414947
0.423369
0.395873
0.379394
0.368577
0.39788
0.381955
0.371432
0.371422
0.371652
0.386546
0.409734
0.432754
0.406002
0.41053
0.398228
0.41302
0.430293
0.439974
0.415302
0.436334
0.407421
0.34717
0.391146
0.405764
0.430992
0.449711
0.412563
0.408993
0.446586
0.485201
0.420099
0.416299
0.419293
0.444788
0.439819
0.457443
0.423785
0.457757
0.477487
0.496911
0.457302
0.425445
0.427768
0.432225
0.448686
0.427485
0.455408
0.443646
0.433666
0.46877
0.464101
0.462966
0.483316
0.488818
0.55414
0.563946
0.525303
0.532864
0.579644
0.55546
0.561624
0.524271
0.525745
0.457155
0.414155
0.387886
0.3801
0.386717
0.434466
0.401634
0.403673
0.422118
0.433425
0.448995
0.433205
0.393986
0.421482
0.422558
0.455596
0.421796
0.43224
0.423656
0.405901
0.407865
0.402932
0.401925
0.408015
0.390045
0.363347
0.441297
0.476373
0.421257
0.437838
0.407812
0.446683
0.42808
0.405895
0.384442
0.364618
0.366868
0.362381
0.362474
0.356424
0.35733
0.351019
0.348923
0.356094
0.360149
0.367304
0.392168
0.39893
0.362577
0.367501
0.361893
0.375377
0.387364
0.375287
0.361086
0.406676
0.427653
0.390765
0.412597
0.429816
0.449005
0.399842
0.41984
0.425247
0.416292
0.382112
0.357009
0.348671
0.351288
0.352388
0.36642
0.373771
0.36726
0.362881
0.370139
0.364129
0.378055
0.398594
0.395576
0.445362
0.484465
0.484681
0.476346
0.453211
0.454358
0.459932
0.461779
0.430893
0.377483
0.363871
0.375193
0.382171
0.372098
0.363463
0.356201
0.375064
0.473603
0.431827
0.374521
0.395319
0.413299
0.397455
0.388289
0.488772
0.511744
0.496928
0.482607
0.449585
0.424665
0.54576
0.52746
0.51908
0.522652
0.501604
0.499395
0.494603
0.518873
0.484857
0.477741
0.516303
0.516371
0.497557
0.523963
0.493533
0.453222
0.465147
0.45341
0.471584
0.43777
0.407404
0.435193
0.499784
0.42244
0.464018
0.470272
0.413363
0.432649
0.412849
0.443155
0.424893
0.385839
0.375393
0.36089
0.356835
0.359362
0.378559
0.39794
0.3936
0.369383
0.366075
0.361805
0.386775
0.396615
0.41509
0.389453
0.383533
0.376103
0.364374
0.352503
0.373056
0.352489
0.350048
0.363058
0.385147
0.397085
0.39323
0.412075
0.411025
0.407244
0.402888
0.378956
0.392579
0.368336
0.361666
0.352519
0.354522
0.35602
0.343425
0.353574
0.368385
0.380472
0.379553
0.382096
0.40112
0.386482
0.36306
0.378505
0.357864
0.363032
0.351196
0.361741
0.374375
0.363977
0.382074
0.415719
0.396542
0.385561
0.378907
0.389549
0.395255
0.397506
0.41944
0.416467
0.431222
0.4236
0.443311
0.458248
0.390927
0.419557
0.424259
0.43335
0.46895
0.440008
0.499982
0.464189
0.449303
0.493529
0.501584
0.480675
0.451459
0.425496
0.418481
0.392003
0.425757
0.436825
0.428484
0.371863
0.425053
0.457236
0.415557
0.469343
0.46676
0.407576
0.380162
0.392065
0.450892
0.390877
0.428373
0.450746
0.426243
0.431456
0.431248
0.423839
0.410238
0.425706
0.464589
0.471091
0.454164
0.468661
0.42673
0.406912
0.451222
0.476678
0.484572
0.493159
0.431449
0.420999
0.437502
0.436509
0.458555
0.494236
0.491437
0.396362
0.44501
0.427431
0.410831
0.396132
0.380482
0.36905
0.385474
0.427029
0.417271
0.433184
0.423702
0.399177
0.402605
0.385885
0.373696
0.380048
0.37096
0.355778
0.353569
0.356103
0.35814
0.379106
0.401731
0.375841
0.358745
0.360775
0.374943
0.376953
0.371611
0.376545
0.355381
0.358191
0.382654
0.394845
0.388627
0.402616
0.38196
0.390731
0.402977
0.362599
0.373167
0.380574
0.391062
0.394113
0.424848
0.424186
0.431566
0.407813
0.400727
0.366907
0.370569
0.409291
0.387498
0.364062
0.375591
0.365589
0.366476
0.358034
0.364332
0.38771
0.399275
0.387935
0.362666
0.379817
0.367108
0.371863
0.395575
0.378344
0.391977
0.384259
0.402764
0.477047
0.405876
0.490009
0.464725
0.478736
0.4213
0.433507
0.431776
0.507176
0.479243
0.493841
0.468905
0.472594
0.448198
0.373486
0.418563
0.480786
0.452887
0.480182
0.482024
0.396402
0.378832
0.364895
0.36337
0.347926
0.346641
0.35586
0.366586
0.369546
0.406512
0.379664
0.3839
0.409416
0.41517
0.37927
0.395162
0.398447
0.381784
0.391621
0.396751
0.400957
0.409998
0.398735
0.389649
0.383749
0.374392
0.374081
0.382643
0.359274
0.357353
0.350729
0.34775
0.353632
0.347895
0.373281
0.407529
0.384587
0.384656
0.36537
0.351811
0.353925
0.3527
0.382055
0.372116
0.357641
0.352005
0.350378
0.359675
0.372296
0.365509
0.358395
0.348263
0.343539
0.342334
0.350422
0.347793
0.344662
0.349759
0.358947
0.359584
0.367131
0.393414
0.373976
0.358757
0.352121
0.35722
0.373472
0.394783
0.396907
0.415989
0.413209
0.415505
0.419643
0.412353
0.415816
0.403356
0.381831
0.385984
0.388452
0.413068
0.39564
0.365195
0.389368
0.400317
0.39012
0.399413
0.393425
0.393303
0.394732
0.404372
0.418863
0.448629
0.391965
0.419202
0.430843
0.412061
0.404457
0.449151
0.444249
0.458367
0.45737
0.496623
0.442222
0.455515
0.488622
0.454964
0.42903
0.438521
0.496644
0.485972
0.447622
0.446174
0.420643
0.433455
0.404934
0.462719
0.470895
0.446254
0.429669
0.426146
0.440026
0.438248
0.483096
0.459329
0.472548
0.502853
0.47116
0.471482
0.477668
0.457732
0.519449
0.511066
0.464927
0.413001
0.403981
0.404489
0.415916
0.416147
0.440423
0.461865
0.425059
0.441156
0.467472
0.485195
0.505642
0.510519
0.580702
0.462737
0.415107
0.41051
0.420786
0.432369
0.429184
0.412478
0.420013
0.379281
0.405285
0.413472
0.423481
0.437938
0.413792
0.408727
0.414446
0.417212
0.435068
0.429431
0.421016
0.417242
0.401255
0.422942
0.428945
0.436594
0.427324
0.390433
0.390798
0.391835
0.408294
0.383552
0.385587
0.390383
0.345175
0.394308
0.390967
0.396447
0.376871
0.354858
0.357534
0.375846
0.386646
0.381336
0.427915
0.410173
0.410695
0.37987
0.391411
0.397423
0.396693
0.388759
0.418756
0.427547
0.422503
0.408415
0.402633
0.382117
0.380224
0.405152
0.389422
0.391475
0.408637
0.407035
0.395481
0.412737
0.401247
0.423496
0.418375
0.401586
0.355514
0.35835
0.358564
0.342968
0.341817
0.342708
0.33771
0.349017
0.342572
0.349417
0.360089
0.385587
0.364212
0.379867
0.373737
0.352905
0.344088
0.344891
0.333603
0.346623
0.346696
0.340451
0.343101
0.342364
0.350639
0.351357
0.345514
0.350296
0.34819
0.336771
0.335812
0.345065
0.341304
0.341557
0.347709
0.339468
0.362139
0.372001
0.390957
0.389622
0.37549
0.375354
0.376806
0.386672
0.364777
0.381875
0.376953
0.378216
0.366536
0.381462
0.37251
0.379099
0.389856
0.356753
0.353592
0.345207
0.343832
0.340352
0.340851
0.351563
0.346157
0.345292
0.351848
0.345169
0.340247
0.345828
0.342087
0.346411
0.348845
0.338716
0.346921
0.344722
0.360033
0.366467
0.368217
0.356322
0.356141
0.363484
0.364909
0.369185
0.40268
0.407267
0.423925
0.379366
0.376105
0.399163
0.40144
0.42987
0.453208
0.419643
0.435829
0.421347
0.427301
0.392591
0.364735
0.375288
0.390762
0.386804
0.363219
0.356142
0.361081
0.357087
0.366195
0.394809
0.405256
0.379595
0.374467
0.371637
0.383708
0.397476
0.420386
0.44982
0.461344
0.457666
0.480583
0.462015
0.520491
0.498594
0.512455
0.402493
0.395001
0.43067
0.435518
0.397925
0.394276
0.458957
0.468025
0.438308
0.487992
0.399374
0.382035
0.369458
0.35803
0.351978
0.345293
0.345005
0.356845
0.357861
0.360134
0.372445
0.376693
0.393644
0.399491
0.390962
0.387689
0.377465
0.381622
0.415924
0.430232
0.40805
0.399597
0.39164
0.401738
0.379578
0.371812
0.376704
0.373652
0.396001
0.377823
0.359883
0.343408
0.34511
0.349066
0.347642
0.340675
0.342508
0.350167
0.354888
0.380443
0.381668
0.36801
0.34441
0.344078
0.354102
0.35901
0.353004
0.35788
0.398095
0.430239
0.393012
0.410152
0.399816
0.406462
0.392534
0.39156
0.398028
0.38724
0.410751
0.425557
0.403579
0.409122
0.39894
0.405122
0.386088
0.399942
0.394567
0.398028
0.395193
0.379441
0.391036
0.389643
0.417055
0.391817
0.371094
0.378005
0.413729
0.41039
0.448921
0.449488
0.394077
0.421066
0.371804
0.37065
0.443994
0.383768
0.453661
0.455633
0.446785
0.431908
0.419429
0.407095
0.400021
0.408232
0.457307
0.440312
0.451841
0.45379
0.457303
0.453269
0.424549
0.448469
0.473184
0.478736
0.446688
0.432678
0.395051
0.384162
0.382778
0.376827
0.368056
0.401599
0.394486
0.36487
0.355326
0.349784
0.353877
0.359504
0.359225
0.371662
0.374947
0.356433
0.36367
0.375421
0.398155
0.412221
0.397793
0.446357
0.417364
0.461367
0.426156
0.468955
0.405379
0.463518
0.493779
0.409578
0.479778
0.436188
0.458195
0.467785
0.453399
0.4352
0.434045
0.419971
0.41569
0.412516
0.44752
0.493952
0.469495
0.50525
0.481921
0.475762
0.460299
0.479548
0.496772
0.477286
0.494268
0.535055
0.569166
0.578169
0.443738
0.415402
0.422057
0.419192
0.441537
0.41183
0.389067
0.401064
0.415609
0.440843
0.413917
0.408793
0.409103
0.420916
0.437094
0.449351
0.418021
0.426195
0.47408
0.416789
0.418418
0.406059
0.413651
0.424242
0.39894
0.365169
0.370035
0.365934
0.380886
0.366237
0.381609
0.389355
0.398208
0.400103
0.419407
0.47632
0.472243
0.461933
0.480236
0.418913
0.41162
0.450651
0.41608
0.412755
0.443483
0.424865
0.379967
0.36373
0.368579
0.395504
0.393409
0.384667
0.38351
0.37171
0.402282
0.402716
0.424534
0.398535
0.428962
0.406976
0.391688
0.371694
0.359428
0.375963
0.406569
0.398166
0.376567
0.3735
0.41461
0.4107
0.423418
0.392323
0.428653
0.408969
0.403902
0.419575
0.405238
0.38407
0.433394
0.440923
0.429897
0.428119
0.421963
0.478668
0.457402
0.440394
0.458302
0.48218
0.40589
0.420077
0.458248
0.446326
0.437269
0.474686
0.472897
0.398342
0.422184
0.40788
0.433538
0.410918
0.438276
0.504825
0.49194
0.499115
0.484736
0.428062
0.377071
0.412777
0.495183
0.491747
0.459388
0.455071
0.418562
0.427379
0.451286
0.430336
0.395171
0.448471
0.431131
0.415835
0.416853
0.455221
0.426355
0.439588
0.392484
0.382959
0.387143
0.435824
0.461735
0.462309
0.466086
0.486915
0.444008
0.457717
0.403185
0.438283
0.444588
0.443913
0.415619
0.390048
0.393095
0.378554
0.378002
0.393069
0.407903
0.379545
0.378034
0.413175
0.441019
0.43636
0.413615
0.451914
0.428607
0.47392
0.439458
0.545455
0.607638
0.602705
0.551513
0.545963
0.544554
0.478007
0.471173
0.535337
0.50126
0.44737
0.428919
0.410599
0.411538
0.418906
0.404446
0.448249
0.469416
0.422324
0.432536
0.452418
0.49239
0.483074
0.46316
0.457938
0.427013
0.416266
0.429419
0.457369
0.463951
0.464037
0.440027
0.431819
0.442901
0.453388
0.447333
0.433284
0.42132
0.445483
0.44463
0.431418
0.457831
0.44609
0.436745
0.439235
0.427976
0.41848
0.404457
0.44045
0.474871
0.48516
0.491387
0.485418
0.50359
0.503459
0.510142
0.432755
0.418213
0.423526
0.415142
0.40469
0.409499
0.39434
0.437554
0.431802
0.439081
0.502545
0.448615
0.466288
0.436884
0.401269
0.388689
0.402413
0.400981
0.399315
0.445137
0.422457
0.444199
0.429419
0.435968
0.468992
0.485706
0.509483
0.459208
0.419364
0.377387
0.365336
0.373093
0.35896
0.360647
0.368311
0.367301
0.366931
0.357819
0.363482
0.368827
0.385463
0.398733
0.434529
0.477388
0.46997
0.512277
0.493219
0.479842
0.455061
0.426281
0.461604
0.500465
0.409298
0.439653
0.435089
0.38392
0.450892
0.41696
0.407183
0.45179
0.464107
0.426728
0.364318
0.365374
0.399576
0.423285
0.42414
0.427847
0.437136
0.418458
0.412448
0.417262
0.460568
0.489035
0.41635
0.421611
0.417603
0.455796
0.490864
0.491143
0.547846
0.526994
0.48574
0.489665
0.48735
0.530368
0.560099
0.590884
0.534369
0.51594
0.498041
0.525691
0.520616
0.490332
0.478466
0.462678
0.472887
0.476247
0.513013
0.481264
0.452701
0.460814
0.468466
0.497622
0.511441
0.501693
0.450217
0.470903
0.441297
0.462063
0.426685
0.425697
0.429499
0.402036
0.405418
0.411411
0.400819
0.414156
0.398846
0.424288
0.435033
0.448757
0.478287
0.514902
0.520764
0.47568
0.477792
0.427234
0.436513
0.49768
0.422152
0.391605
0.479656
0.428782
0.490615
0.489082
0.437389
0.404203
0.438039
0.408702
0.474074
0.442193
0.418795
0.451813
0.443954
0.435169
0.471441
0.430381
0.438123
0.470166
0.436504
0.434331
0.485708
0.493177
0.477246
0.484534
0.479254
0.399367
0.472042
0.515086
0.481992
0.468308
0.4798
0.512395
0.476359
0.510348
0.487653
0.429633
0.45212
0.451897
0.437356
0.470482
0.465499
0.481164
0.513633
0.498828
0.42852
0.414274
0.376913
0.36784
0.352411
0.360128
0.370262
0.381206
0.399682
0.397773
0.39626
0.44283
0.457606
0.473877
0.452941
0.419882
0.43259
0.41487
0.426398
0.38169
0.435524
0.392043
0.440617
0.39838
0.452869
0.468735
0.438703
0.452994
0.431235
0.392075
0.445071
0.446496
0.443721
0.449201
0.416436
0.370471
0.392781
0.375678
0.368476
0.37588
0.382012
0.44695
0.46545
0.485316
0.494035
0.514507
0.514207
0.488394
0.536358
0.505811
0.503838
0.511737
0.486742
0.520303
0.49832
0.538931
0.500967
0.56328
0.571067
0.558502
0.528592
0.423476
0.41452
0.367518
0.36201
0.383675
0.412687
0.421358
0.399384
0.368477
0.387447
0.395402
0.402469
0.398105
0.419544
0.420316
0.392369
0.440683
0.413343
0.416841
0.434614
0.425112
0.402775
0.424787
0.458894
0.421906
0.442402
0.436556
0.410293
0.388626
0.410153
0.43253
0.388708
0.447449
0.432887
0.411822
0.414228
0.390323
0.393415
0.391736
0.408154
0.375532
0.373349
0.371458
0.352471
0.343985
0.348298
0.347137
0.360948
0.373552
0.409893
0.396752
0.373347
0.353774
0.357231
0.362905
0.381353
0.409199
0.406325
0.428898
0.390075
0.486241
0.402446
0.370036
0.364854
0.368805
0.369826
0.355525
0.353799
0.369196
0.377929
0.376823
0.358489
0.36394
0.357516
0.382214
0.409034
0.431407
0.428297
0.467723
0.415018
0.442416
0.444781
0.478163
0.434241
0.43359
0.439177
0.436833
0.413513
0.39883
0.379625
0.378555
0.360561
0.369762
0.38643
0.377465
0.387314
0.379922
0.393878
0.375074
0.424478
0.431829
0.435804
0.435202
0.4273
0.425514
0.367102
0.35564
0.378171
0.411561
0.390389
0.41353
0.421362
0.38694
0.374533
0.35546
0.343259
0.350524
0.344118
0.341602
0.354025
0.349042
0.354718
0.353161
0.35448
0.378486
0.39363
0.376493
0.352108
0.349583
0.365259
0.371259
0.361697
0.409545
0.437748
0.39954
0.426442
0.407359
0.444583
0.454672
0.415856
0.409069
0.455852
0.45543
0.511115
0.487102
0.53096
0.603009
0.579027
0.583992
0.544744
0.529708
0.566498
0.544986
0.540867
0.541746
0.516095
0.506071
0.500509
0.466185
0.538097
0.512779
0.485595
0.436463
0.476283
0.527192
0.522502
0.523619
0.445054
0.441025
0.537073
0.483658
0.521299
0.514567
0.451512
0.503341
0.467929
0.509083
0.506816
0.527741
0.534301
0.548604
0.537312
0.516499
0.416781
0.401552
0.402399
0.414488
0.405732
0.419641
0.414556
0.412854
0.38862
0.42087
0.426025
0.451406
0.492296
0.457404
0.460507
0.432988
0.438077
0.432359
0.441431
0.49181
0.505321
0.439262
0.445949
0.49599
0.514249
0.500706
0.416145
0.431312
0.428711
0.519408
0.516289
0.510836
0.446233
0.487731
0.492495
0.485405
0.500014
0.511217
0.427699
0.476375
0.4212
0.435596
0.533778
0.522425
0.49017
0.499002
0.495591
0.518892
0.473884
0.533536
0.512797
0.536424
0.511469
0.527862
0.490892
0.450451
0.431353
0.449882
0.444751
0.479553
0.512339
0.466762
0.547719
0.475114
0.457264
0.441649
0.441531
0.463157
0.501608
0.441269
0.48298
0.440906
0.452027
0.444854
0.470791
0.443894
0.485237
0.432235
0.452967
0.431049
0.424867
0.387155
0.380285
0.36491
0.376286
0.378237
0.394086
0.398226
0.39043
0.409063
0.387421
0.380339
0.392948
0.385212
0.403212
0.389968
0.377022
0.370238
0.381445
0.391363
0.404567
0.40581
0.400896
0.468009
0.427787
0.42459
0.425141
0.444488
0.418435
0.417942
0.414722
0.412109
0.401564
0.432685
0.451874
0.44451
0.435627
0.477522
0.472322
0.410633
0.484176
0.473778
0.497208
0.475258
0.470058
0.446976
0.449077
0.463769
0.452017
0.499407
0.464381
0.482661
0.449517
0.4631
0.463042
0.411209
0.390165
0.425306
0.446101
0.432896
0.427292
0.414112
0.433254
0.464533
0.462478
0.473413
0.424375
0.437785
0.501639
0.449129
0.45339
0.464561
0.471478
0.489446
0.450571
0.463989
0.506834
0.472447
0.466612
0.46633
0.423329
0.400298
0.420429
0.435445
0.400015
0.388012
0.374437
0.390693
0.439856
0.480121
0.494768
0.480796
0.460588
0.461423
0.463967
0.434732
0.429986
0.442548
0.500049
0.538066
0.583873
0.555244
0.585303
0.540605
0.39505
0.391428
0.386219
0.370187
0.379192
0.367098
0.353083
0.355136
0.393659
0.391878
0.355399
0.355353
0.348829
0.347517
0.350127
0.356623
0.341153
0.352985
0.348185
0.347346
0.342422
0.363125
0.347862
0.360328
0.376974
0.400742
0.379472
0.374571
0.359716
0.362921
0.379289
0.395607
0.392795
0.368123
0.36493
0.41205
0.438097
0.445324
0.429605
0.446251
0.426937
0.435237
0.444739
0.411642
0.409667
0.453362
0.459229
0.418246
0.430761
0.418109
0.430894
0.42942
0.433179
0.410551
0.411195
0.459585
0.488822
0.496397
0.498914
0.519647
0.509046
0.542861
0.518395
0.529242
0.506147
0.478521
0.410528
0.462669
0.469031
0.479041
0.478666
0.541304
0.523989
0.491458
0.496758
0.442298
0.479952
0.50663
0.504805
0.482567
0.477997
0.450144
0.444721
0.466344
0.453367
0.484498
0.420013
0.403287
0.474374
0.490392
0.445828
0.49495
0.48165
0.458061
0.453789
0.454372
0.433109
0.443589
0.411123
0.413771
0.471189
0.444343
0.477795
0.486332
0.538362
0.534379
0.517056
0.485177
0.524962
0.47704
0.437562
0.442475
0.497267
0.489217
0.512157
0.502498
0.518549
0.475853
0.51057
0.515938
0.490005
0.504379
0.526562
0.501665
0.472012
0.448452
0.521337
0.504839
0.50173
0.542633
0.543407
0.471349
0.430778
0.4023
0.3766
0.371689
0.380767
0.392797
0.399992
0.410781
0.390243
0.386897
0.393447
0.430727
0.461974
0.420547
0.388855
0.393458
0.390701
0.390458
0.414193
0.407768
0.407892
0.374469
0.381317
0.397103
0.401085
0.409242
0.417328
0.418586
0.417881
0.415903
0.433079
0.431449
0.4152
0.391451
0.374309
0.373295
0.405143
0.372148
0.38436
0.418251
0.424929
0.404435
0.399647
0.367285
0.368112
0.359564
0.36248
0.367031
0.363783
0.361912
0.363255
0.365685
0.385296
0.403064
0.388674
0.36041
0.352715
0.363593
0.357378
0.355443
0.362538
0.368425
0.368773
0.358509
0.360706
0.387223
0.392176
0.39035
0.397277
0.42123
0.474477
0.486017
0.428722
0.430765
0.395747
0.39235
0.381007
0.377857
0.398267
0.404442
0.415458
0.388044
0.393038
0.408992
0.412066
0.465685
0.426724
0.460401
0.50224
0.424432
0.406562
0.398527
0.399753
0.397887
0.434158
0.447375
0.418914
0.427588
0.404964
0.397408
0.387555
0.399307
0.384129
0.384379
0.391177
0.385082
0.399146
0.400316
0.383374
0.415025
0.39473
0.381202
0.376898
0.383775
0.383988
0.436195
0.480523
0.409446
0.415668
0.406185
0.451629
0.44367
0.431447
0.402297
0.384353
0.404631
0.407989
0.386244
0.392001
0.383382
0.385519
0.401421
0.387861
0.383059
0.3695
0.366668
0.368066
0.374966
0.370293
0.361573
0.365354
0.356571
0.36556
0.362806
0.356372
0.357247
0.374648
0.365781
0.37081
0.359141
0.356829
0.362339
0.360559
0.358566
0.351129
0.359789
0.359597
0.362965
0.360473
0.363111
0.364736
0.357512
0.359519
0.356348
0.363622
0.375805
0.363847
0.38083
0.374388
0.369705
0.360286
0.35527
0.37228
0.401792
0.417124
0.409178
0.401264
0.400501
0.400489
0.421235
0.401053
0.379316
0.367563
0.37615
0.375196
0.384225
0.442481
0.407175
0.364353
0.377074
0.396757
0.403429
0.399783
0.393828
0.384355
0.390528
0.396373
0.373559
0.367724
0.36618
0.360181
0.386041
0.415891
0.365665
0.367801
0.379161
0.383308
0.406262
0.427857
0.453562
0.423635
0.410117
0.376517
0.362005
0.367226
0.372672
0.390943
0.410272
0.389018
0.363097
0.366956
0.36431
0.357775
0.3572
0.35772
0.350396
0.371276
0.389292
0.418902
0.461236
0.400909
0.394673
0.391717
0.387608
0.394162
0.412496
0.409639
0.398023
0.415335
0.422086
0.415957
0.408404
0.410871
0.40181
0.387586
0.376858
0.394269
0.382869
0.398394
0.398221
0.390696
0.380666
0.381128
0.37046
0.372588
0.36979
0.363091
0.369372
0.376779
0.38685
0.370213
0.368962
0.373336
0.387803
0.386049
0.400015
0.431131
0.441838
0.432043
0.408203
0.420528
0.383966
0.462601
0.549041
0.529195
0.442718
0.392913
0.452239
0.358942
0.359459
0.377214
0.429416
0.404186
0.390059
0.421569
0.417957
0.425062
0.399058
0.423898
0.383518
0.382485
0.393675
0.390388
0.381505
0.39632
0.377865
0.376031
0.388766
0.394838
0.38024
0.39547
0.396965
0.400344
0.394989
