0.427595
0.538571
0.611326
0.593231
0.547098
0.533055
0.572724
0.610112
0.576726
0.568301
0.568909
0.601286
0.545753
0.504796
0.472352
0.475821
0.48735
0.435501
0.456856
0.470588
0.512691
0.543003
0.542995
0.536574
0.444713
0.477624
0.465017
0.538507
0.435452
0.448146
0.477896
0.405682
0.449768
0.492754
0.520472
0.500128
0.490479
0.45289
0.440471
0.502844
0.527016
0.462226
0.50026
0.520855
0.517862
0.516056
0.417802
0.476316
0.452735
0.45992
0.467234
0.460498
0.43605
0.427266
0.421131
0.447487
0.490284
0.502451
0.484622
0.462213
0.489027
0.546192
0.470944
0.48718
0.500969
0.495715
0.498462
0.531947
0.481527
0.495469
0.478289
0.504343
0.507769
0.466475
0.488511
0.480873
0.440683
0.473237
0.49039
0.487167
0.391711
0.451611
0.483501
0.4895
0.523018
0.496474
0.471279
0.522352
0.468017
0.437384
0.484021
0.480229
0.459266
0.482025
0.456727
0.442252
0.513782
0.462812
0.466872
0.487151
0.485186
0.495281
0.483295
0.471672
0.502811
0.487093
0.507691
0.46014
0.434996
0.463948
0.455246
0.477088
0.428699
0.488457
0.47972
0.475098
0.482793
0.475709
0.471433
0.519128
0.436386
0.466044
0.477869
0.492724
0.459617
0.494399
0.445482
0.487754
0.472295
0.464911
0.447485
0.454372
0.458904
0.431154
0.437347
0.473042
0.420142
0.402956
0.450327
0.419936
0.473738
0.483015
0.482988
0.496257
0.463315
0.482614
0.479839
0.469064
0.491602
0.427274
0.449372
0.446956
0.440617
0.438907
0.48494
0.463692
0.414659
0.432156
0.457939
0.482606
0.403566
0.520354
0.483415
0.428151
0.40401
0.408836
0.4367
0.468952
0.453497
0.493904
0.457812
0.49813
0.455131
0.452513
0.502052
0.4322
0.426207
0.439243
0.42262
0.412515
0.472231
0.513405
0.416589
0.410594
0.445351
0.4811
0.485289
0.444775
0.397786
0.424718
0.420041
0.391996
0.377331
0.371404
0.368587
0.394519
0.442507
0.378917
0.384984
0.398748
0.421109
0.407812
0.412197
0.423075
0.411716
0.438875
0.421789
0.46536
0.500603
0.500916
0.428153
0.474376
0.502154
0.486775
0.477644
0.412679
0.427354
0.404022
0.394157
0.392079
0.424379
0.384699
0.421271
0.408728
0.402841
0.401505
0.408568
0.417453
0.408772
0.417134
0.430857
0.408025
0.403037
0.394013
0.387386
0.374641
0.376366
0.392674
0.413957
0.387927
0.406514
0.405055
0.40324
0.458282
0.37371
0.383433
0.40773
0.405283
0.379861
0.423061
0.407939
0.408887
0.401558
0.405716
0.427791
0.404888
0.378553
0.372626
0.367786
0.393448
0.38107
0.366912
0.389671
0.409677
0.429022
0.405624
0.403563
0.392891
0.367361
0.382633
0.367507
0.367125
0.35189
0.356427
0.361298
0.392121
0.376211
0.380345
0.371638
0.360727
0.356749
0.347926
0.340327
0.352367
0.348545
0.350629
0.351718
0.346219
0.357574
0.354853
0.346322
0.374142
0.370036
0.370934
0.374702
0.376101
0.386538
0.389204
0.390151
0.375484
0.387756
0.38325
0.376615
0.394179
0.398734
0.384655
0.382302
0.368098
0.362626
0.351578
0.356619
0.361259
0.355406
0.353141
0.350079
0.345098
0.353853
0.358931
0.37235
0.386422
0.346895
0.375744
0.36925
0.351983
0.367509
0.367062
0.372207
0.392036
0.368808
0.362135
0.387148
0.404147
0.408509
0.398877
0.394589
0.376461
0.362461
0.373667
0.39129
0.389825
0.384825
0.413006
0.394324
0.376627
0.376588
0.372738
0.378964
0.376265
0.390837
0.391769
0.391954
0.409724
0.391312
0.383981
0.374494
0.404047
0.405778
0.381359
0.413524
0.427052
0.387637
0.400704
0.378461
0.406477
0.383364
0.390683
0.436443
0.420757
0.416212
0.394512
0.429151
0.421416
0.39336
0.389481
0.380492
0.358516
0.373281
0.376328
0.369537
0.377242
0.35894
0.354928
0.339715
0.349575
0.360448
0.361063
0.368551
0.373079
0.366288
0.374276
0.391477
0.375913
0.392121
0.384718
0.377415
0.36862
0.401805
0.374289
0.351879
0.355912
0.339674
0.352209
0.350255
0.336675
0.350328
0.354132
0.350834
0.34804
0.352397
0.354055
0.350778
0.340572
0.338678
0.339721
0.351224
0.348137
0.353111
0.358042
0.358401
0.373141
0.374043
0.385301
0.383127
0.403564
0.393893
0.403774
0.401281
0.471725
0.448843
0.465997
0.456837
0.503923
0.457586
0.433608
0.37992
0.399093
0.41195
0.419869
0.471203
0.424841
0.420225
0.448954
0.443382
0.41609
0.373386
0.381833
0.433096
0.443052
0.395427
0.388776
0.381774
0.424146
0.41725
0.421935
0.397102
0.424568
0.444353
0.437953
0.426644
0.408518
0.409557
0.399369
0.376662
0.379518
0.369514
0.381739
0.409459
0.414413
0.429661
0.42085
0.403001
0.405982
0.400429
0.403183
0.41618
0.412611
0.4133
0.422354
0.395218
0.419367
0.454662
0.416617
0.426843
0.406696
0.398927
0.426839
0.419129
0.429848
0.41588
0.422057
0.386625
0.431834
0.416602
0.41512
0.440704
0.440046
0.455553
0.41703
0.458238
0.475005
0.453283
0.457887
0.426568
0.410457
0.414836
0.410775
0.4029
0.429778
0.479512
0.473114
0.455232
0.462246
0.468545
0.475655
0.525076
0.495908
0.430289
0.444599
0.508931
0.495457
0.509
0.520747
0.454513
0.429532
0.405227
0.398312
0.460943
0.382704
0.36581
0.374981
0.408016
0.37431
0.384751
0.472868
0.469013
0.433363
0.414002
0.443196
0.485503
0.468118
0.431616
0.399814
0.418684
0.423456
0.404895
0.392659
0.379293
0.378071
0.373962
0.369931
0.369709
0.393255
0.41709
0.408151
0.422507
0.431028
0.411172
0.43417
0.414899
0.381246
0.391467
0.422619
0.39606
0.438224
0.435227
0.38995
0.420609
0.403009
0.39492
0.402132
0.365983
0.383986
0.396485
0.356677
0.381864
0.383179
0.375436
0.37689
0.408954
0.410003
0.392946
0.37338
0.377584
0.390206
0.383638
0.384934
0.400358
0.39285
0.40007
0.396868
0.363642
0.381438
0.395877
0.430949
0.43351
0.44312
0.400481
0.372267
0.398431
0.385859
0.421655
0.410209
0.394493
0.404784
0.42325
0.370667
0.413888
0.393218
0.426677
0.411742
0.395212
0.418533
0.38015
0.446881
0.398409
0.371135
0.471811
0.441945
0.435904
0.419316
0.417048
0.429364
0.423763
0.409258
0.400517
0.438265
0.402161
0.402596
0.398785
0.403707
0.406968
0.387034
0.388323
0.386471
0.383975
0.363217
0.362497
0.361746
0.377584
0.363059
0.358986
0.356102
0.363496
0.351307
0.345905
0.339654
0.344849
0.340217
0.338895
0.340236
0.33992
0.339583
0.334036
0.331794
0.337039
0.343315
0.343474
0.339995
0.345716
0.342824
0.349312
0.356939
0.369239
0.37895
0.366636
0.37383
0.357568
0.358196
0.346208
0.347513
0.34027
0.341582
0.335116
0.340418
0.341301
0.351587
0.34817
0.341029
0.353044
0.356072
0.360276
0.351944
0.370825
0.382583
0.358928
0.359
0.352055
0.352613
0.360823
0.364557
0.38235
0.415522
0.414669
0.40776
0.417136
0.512015
0.506032
0.491601
0.458967
0.505436
0.440227
0.447297
0.439427
0.486523
0.460564
0.479336
0.425093
0.489575
0.480536
0.467367
0.463323
0.466243
0.492322
0.471838
0.448349
0.430397
0.466632
0.452473
0.44149
0.380916
0.388232
0.420921
0.452929
0.451597
0.41012
0.399689
0.400954
0.40745
0.446081
0.435176
0.372761
0.420999
0.419984
0.423738
0.399574
0.40834
0.455332
0.421372
0.403018
0.427193
0.454777
0.422464
0.401506
0.414697
0.411605
0.412931
0.408115
0.41593
0.406884
0.380587
0.368257
0.369644
0.379028
0.358595
0.36307
0.357328
0.367593
0.381847
0.391519
0.38146
0.363137
0.372532
0.370668
0.401124
0.390687
0.370364
0.357896
0.382443
0.392181
0.393668
0.390961
0.410856
0.402069
0.411341
0.379273
0.38725
0.388483
0.409746
0.397817
0.424789
0.390504
0.404152
0.446243
0.458337
0.443215
0.418494
0.420325
0.438179
0.423862
0.36939
0.399133
0.410896
0.486986
0.457806
0.440683
0.483604
0.470856
0.367031
0.412682
0.431682
0.494583
0.521882
0.525236
0.476992
0.446166
0.446625
0.43927
0.426899
0.429089
0.465656
0.443142
0.44155
0.434278
0.446885
0.396232
0.422435
0.416036
0.422724
0.417042
0.410647
0.426724
0.399089
0.400001
0.40109
0.407842
0.429645
0.430958
0.449546
0.464185
0.40869
0.449617
0.384019
0.458116
0.417836
0.426454
0.416143
0.427755
0.380236
0.375725
0.390697
0.385848
0.380074
0.358957
0.35738
0.363168
0.37803
0.379401
0.39394
0.412021
0.383148
0.409942
0.39201
0.394826
0.401322
0.384158
0.405393
0.425758
0.39904
0.402217
0.414262
0.393128
0.394328
0.365875
0.413069
0.441637
0.403419
0.432579
0.420606
0.450346
0.446804
0.437086
0.415019
0.390817
0.41968
0.437049
0.4172
0.440821
0.419058
0.381164
0.377362
0.371483
0.382729
0.43485
0.417709
0.446343
0.446551
0.451521
0.428772
0.46549
0.50068
0.47321
0.424569
0.407632
0.491636
0.447975
0.481596
0.474665
0.467592
0.427117
0.387084
0.375065
0.377918
0.383476
0.390163
0.409297
0.417721
0.400568
0.392861
0.395947
0.420551
0.429697
0.410157
0.391094
0.407542
0.422154
0.439487
0.491457
0.399789
0.437881
0.457238
0.439494
0.454174
0.50029
0.51916
0.453339
0.487009
0.441481
0.417474
0.470299
0.447953
0.413553
0.394181
0.412994
0.391929
0.359515
0.350495
0.359726
0.349101
0.356035
0.380354
0.396528
0.400593
0.408
0.374706
0.458597
0.455743
0.439451
0.418496
0.409229
0.375864
0.387948
0.382653
0.396294
0.405172
0.384472
0.391264
0.382981
0.389352
0.406267
0.397158
0.454209
0.43121
0.443091
0.503154
0.399148
0.40235
0.408415
0.378441
0.372575
0.36215
0.365648
0.377576
0.388277
0.42534
0.453103
0.508206
0.3941
0.440407
0.411348
0.368619
0.465681
0.487081
0.473365
0.415787
0.441254
0.432363
0.461037
0.50308
0.46191
0.502944
0.470292
0.431544
0.384159
0.398039
0.483702
0.450136
0.442099
0.435197
0.432886
0.424732
0.422078
0.449881
0.411165
0.432108
0.454021
0.448904
0.408178
0.392036
0.396863
0.412588
0.375168
0.402199
0.41636
0.395754
0.406753
0.403995
0.386257
0.373453
0.374166
0.365915
0.349523
0.350566
0.359721
0.365193
0.378058
0.387676
0.399005
0.405249
0.39771
0.393393
0.401547
0.41704
0.407232
0.422304
0.429579
0.425445
0.39364
0.377597
0.411236
0.386445
0.387965
0.37799
0.351476
0.344538
0.353113
0.36642
0.385991
0.433396
0.43225
0.418439
0.435223
0.480712
0.506363
0.397201
0.39156
0.408129
0.419579
0.370934
0.397108
0.469844
0.439015
0.379753
0.433385
0.44141
0.441649
0.445546
0.401144
0.497049
0.447812
0.45131
0.446321
0.396016
0.400058
0.414118
0.39768
0.401576
0.384058
0.365225
0.369395
0.358038
0.35486
0.364669
0.359802
0.351515
0.357238
0.352981
0.345744
0.353542
0.352219
0.370711
0.361401
0.359884
0.370673
0.402003
0.388122
0.409476
0.393158
0.426178
0.400921
0.410044
0.386141
0.397625
0.392903
0.39738
0.378611
0.363666
0.352351
0.362375
0.351431
0.355282
0.353022
0.355192
0.373545
0.368837
0.379183
0.385544
0.368583
0.376659
0.401296
0.415655
0.444026
0.429364
0.408615
0.394893
0.411566
0.430235
0.410868
0.438721
0.428106
0.383359
0.374004
0.371473
0.37217
0.38911
0.384244
0.415396
0.421138
0.428057
0.448505
0.429117
0.443725
0.412391
0.406667
0.392308
0.395669
0.380206
0.368834
0.375064
0.389937
0.412346
0.396278
0.395349
0.382156
0.418286
0.409107
0.418747
0.416866
0.417873
0.460177
0.435918
0.434401
0.458757
0.449707
0.407193
0.495119
0.450206
0.44698
0.368043
0.364773
0.45704
0.487364
0.404174
0.417932
0.444406
0.459357
0.486427
0.427624
0.436823
0.396179
0.397809
0.396052
0.36871
0.361245
0.363918
0.361243
0.347703
0.34948
0.35073
0.352187
0.353055
0.340159
0.345636
0.363068
0.393088
0.390272
0.371477
0.37564
0.398509
0.400288
0.382127
0.372193
0.355222
0.35374
0.359571
0.357345
0.356511
0.348432
0.346945
0.3507
0.360453
0.353191
0.34894
0.368767
0.379822
0.399597
0.38327
0.43532
0.436863
0.486646
0.476602
0.469557
0.44679
0.420913
0.400603
0.422342
0.406193
0.465936
0.434261
0.385495
0.439788
0.434421
0.410538
0.398876
0.406295
0.405276
0.414772
0.439385
0.39853
0.461083
0.492108
0.402391
0.410133
0.484815
0.464721
0.478669
0.516802
0.396636
0.404028
0.453258
0.396747
0.419003
0.450281
0.430927
0.418013
0.402787
0.409084
0.421048
0.407252
0.433304
0.432121
0.446838
0.454851
0.434385
0.43713
0.425189
0.424089
0.411434
0.394538
0.399012
0.377321
0.373049
0.357798
0.363415
0.349877
0.372274
0.39757
0.4281
0.402273
0.443076
0.436097
0.435195
0.442883
0.424901
0.427396
0.404294
0.386969
0.385361
0.37805
0.390583
0.377059
0.405097
0.407647
0.40237
0.469197
0.486828
0.459716
0.415466
0.449084
0.440498
0.415464
0.430685
0.421034
0.447154
0.440788
0.429449
0.428671
0.400208
0.437611
0.437906
0.431721
0.465956
0.419157
0.406275
0.395719
0.379754
0.380393
0.36964
0.370669
0.356383
0.351767
0.364431
0.366704
0.362424
0.361943
0.3662
0.371188
0.382175
0.412965
0.410006
0.412151
0.413694
0.445095
0.439114
0.458971
0.446363
0.414955
0.377267
0.48616
0.503505
0.507877
0.503482
0.464687
0.407706
0.448624
0.43439
0.407105
0.376272
0.373057
0.351336
0.351502
0.366142
0.360825
0.381307
0.388876
0.394179
0.382916
0.362182
0.365944
0.370801
0.368933
0.374485
0.386268
0.41863
0.460415
0.489373
0.428452
0.48417
0.441853
0.434035
0.51423
0.464502
0.427945
0.401913
0.415057
0.434204
0.439664
0.467705
0.448696
0.456669
0.474348
0.437031
0.450586
0.42412
0.363621
0.411604
0.429163
0.402065
0.389319
0.389508
0.398584
0.409051
0.435226
0.418325
0.438597
0.409403
0.399461
0.38922
0.379616
0.411131
0.427954
0.424611
0.399497
0.385274
0.375825
0.374531
0.372192
0.376971
0.377972
0.373663
0.382114
0.379647
0.352295
0.359967
0.362915
0.359456
0.352004
0.344131
0.344381
0.345942
0.353419
0.352005
0.356805
0.344339
0.347874
0.363906
0.358748
0.369627
0.363845
0.359285
0.380053
0.38097
0.367829
0.38584
0.367582
0.368232
0.359725
0.355284
0.354321
0.351586
0.346758
0.358103
0.358448
0.371355
0.373877
0.388816
0.385785
0.350738
0.369307
0.400454
0.389876
0.416727
0.397882
0.385843
0.376165
0.374842
0.380872
0.383532
0.384943
0.386753
0.402602
0.383134
0.396698
0.415693
0.403994
0.392441
0.38449
0.371789
0.375113
0.371225
0.359589
0.350708
0.353734
0.358015
0.349021
0.340376
0.346282
0.337583
0.355527
0.362127
0.398401
0.369728
0.356769
0.371205
0.377801
0.381713
0.410461
0.386151
0.37729
0.414432
0.425888
0.419076
0.360464
0.380178
0.394932
0.398303
0.390985
0.380668
0.388498
0.367395
0.372529
0.348596
0.381243
0.363548
0.355761
0.345814
0.360798
0.352354
0.365928
0.360174
0.363718
0.359933
0.37191
0.361754
0.364521
0.359238
0.365876
0.371774
0.362218
0.345956
0.359821
0.359266
0.360801
0.366239
0.368071
0.392819
0.40026
0.397406
0.392006
0.391836
0.392834
0.393449
0.395981
0.385669
0.392742
0.402468
0.415098
0.420411
0.3888
0.39874
0.395311
0.40412
0.431864
0.428668
0.405784
0.405962
0.395618
0.414093
0.406343
0.419006
0.378348
0.40946
0.428016
0.376473
0.376419
0.39243
0.397013
0.403245
0.414298
0.395886
0.395299
0.391157
0.405363
0.379787
0.395399
0.385465
0.394898
0.392522
0.370553
0.379003
0.379753
0.365206
0.376496
0.363827
0.361146
0.36342
0.361825
0.358132
0.361056
0.371751
0.374297
0.367786
0.365077
0.373972
0.372096
0.380338
0.374545
0.361909
0.362405
0.348474
0.333665
0.34246
0.340978
0.339722
0.34885
0.341127
0.350831
0.354842
0.368959
0.370248
0.379595
0.356042
0.340802
0.356005
0.365214
0.360486
0.354661
0.343996
0.35586
0.355374
0.371626
0.378056
0.368644
0.387147
0.400334
0.395226
0.382018
0.395717
0.401096
0.386413
0.369059
0.352978
0.355724
0.339721
0.340565
0.33532
0.346047
0.339358
0.341439
0.341724
0.3373
0.3384
0.354314
0.366628
0.396434
0.368153
0.381359
0.391278
0.389178
0.376545
0.399409
0.418793
0.405335
0.381364
0.377665
0.370124
0.356869
0.355388
0.377241
0.392373
0.391621
0.391212
0.40088
0.401048
0.409648
0.40804
0.431639
0.390197
0.392575
0.437334
0.4337
0.422539
0.401496
0.392486
0.394032
0.397982
0.417949
0.403449
0.406864
0.395431
0.367868
0.365418
0.375379
0.387171
0.440266
0.431466
0.419565
0.390957
0.392981
0.399601
0.409576
0.399469
0.437592
0.415778
0.406184
0.377373
0.370509
0.362076
0.363673
0.36188
0.371435
0.371229
0.376774
0.366976
0.361531
0.349186
0.365238
0.352349
0.350181
0.345287
0.337891
0.357758
0.377858
0.353336
0.365537
0.362866
0.353142
0.354345
0.360662
0.376487
0.379747
0.386166
0.397351
0.389328
0.413799
0.418384
0.436073
0.468004
0.439
0.411078
0.410573
0.431155
0.524899
0.463737
0.473017
0.447483
0.497704
0.48384
0.524033
0.476387
0.417003
0.40532
0.386822
0.379729
0.383788
0.379427
0.396753
0.386041
0.391945
0.400678
0.402042
0.407551
0.408711
0.392191
0.378963
0.415203
0.427467
0.40748
0.399572
0.408419
0.388016
0.367175
0.377208
0.37147
0.362266
0.373386
0.383064
0.404662
0.403302
0.398508
0.405709
0.423374
0.387208
0.376566
0.371953
0.376678
0.386465
0.398899
0.41028
0.399213
0.428445
0.409154
0.424341
0.452455
0.433538
0.472725
0.500463
0.470555
0.397768
0.500777
0.500433
0.432922
0.484463
0.474992
0.395679
0.446116
0.418143
0.447127
0.440733
0.456879
0.451129
0.453652
0.48245
0.458168
0.479666
0.431546
0.472492
0.446324
0.428212
0.464034
0.482968
0.455868
0.512898
0.473494
0.45709
0.49051
0.510545
0.505691
0.498118
0.457554
0.512608
0.539074
0.556965
0.539735
0.482799
0.494039
0.54443
0.476884
0.378795
0.369264
0.355405
0.372659
0.365811
0.360815
0.366345
0.371521
0.372901
0.370114
0.384356
0.391667
0.401468
0.381141
0.401995
0.391863
0.391836
0.410193
0.433538
0.431794
0.425936
0.393539
0.387676
0.378793
0.3697
0.369635
0.377546
0.368869
0.372748
0.38679
0.389339
0.393206
0.398635
0.446921
0.435901
0.449447
0.429489
0.445171
0.500472
0.460335
0.496747
0.487353
0.465706
0.476336
0.426072
0.449805
0.44352
0.412682
0.404129
0.445238
0.513629
0.526923
0.509092
0.526227
0.465049
0.426775
0.509722
0.476294
0.465299
0.425572
0.453732
0.403526
0.394164
0.43506
0.428461
0.399511
0.391889
0.401642
0.356661
0.378723
0.395193
0.37773
0.364514
0.37634
0.368331
0.364919
0.365092
0.379533
0.406194
0.383249
0.376395
0.365763
0.360621
0.36568
0.370717
0.367622
0.360989
0.355889
0.368729
0.376663
0.390419
0.379293
0.396095
0.425292
0.407584
0.384786
0.377249
0.375516
0.376443
0.395787
0.397064
0.380929
0.38213
0.37752
0.388086
0.377025
0.384461
0.385119
0.420612
0.383385
0.376355
0.35677
0.387253
0.371447
0.371003
0.365296
0.363586
0.359948
0.376327
0.375139
0.38962
0.388549
0.399171
0.394662
0.402652
0.420195
0.432486
0.429303
0.435281
0.4416
0.412501
0.396342
0.376401
0.409873
0.393995
0.38118
0.368002
0.360458
0.356516
0.359869
0.368063
0.365279
0.375841
0.39682
0.420498
0.407606
0.40422
0.445285
0.437652
0.478447
0.427701
0.467609
0.413537
0.441913
0.437617
0.399902
0.386435
0.410365
0.413392
0.424105
0.411233
0.419004
0.401313
0.384241
0.406063
0.448944
0.439683
0.466716
0.436663
0.437396
0.407542
0.417286
0.428473
0.413373
0.426616
0.420001
0.455351
0.451343
0.431278
0.447162
0.441244
0.414746
0.445883
0.461125
0.500587
0.438313
0.483341
0.434683
0.437636
0.463441
0.516714
0.484738
0.485687
0.488018
0.476277
0.521373
0.469039
0.570044
0.552227
0.409064
0.387927
0.432691
0.448775
0.445409
0.539531
0.526639
0.478689
0.470191
0.46166
0.449424
0.428911
0.448902
0.434375
0.416472
0.426439
0.424912
0.40157
0.419101
0.437843
0.401394
0.385884
0.406841
0.403772
0.427272
0.441575
0.391794
0.411623
0.43161
0.463713
0.446365
0.439703
0.382414
0.387961
0.407905
0.412289
0.396611
0.383326
0.384174
0.385744
0.384136
0.392778
0.414011
0.407351
0.400401
0.408921
0.400953
0.398608
0.391007
0.385354
0.390982
0.398666
0.414498
0.408215
0.4089
0.400085
0.394114
0.403239
0.391749
0.405271
0.416403
0.430893
0.412004
0.39227
0.389552
0.386242
0.389902
0.380454
0.379356
0.382534
0.392049
0.395315
0.414861
0.407724
0.39597
0.382758
0.372644
0.366514
0.377452
0.400038
0.411964
0.416067
0.419735
0.446561
0.463465
0.433855
0.42938
0.420861
0.419003
0.415215
0.395122
0.377979
0.369898
0.372494
0.364472
0.36784
0.419011
0.456356
0.384682
0.352286
0.357498
0.361398
0.352699
0.358842
0.363524
0.354909
0.362315
0.362623
0.365972
0.367643
0.353033
0.35378
0.348825
0.342795
0.3548
0.345406
0.34816
0.345762
0.354218
0.354289
0.365152
0.357031
0.366433
0.357385
0.353293
0.356556
0.334241
0.332298
0.349518
0.337215
0.340657
0.343159
0.34033
0.35269
0.352806
0.337564
0.340696
0.340977
0.34505
0.350303
0.351732
0.355928
0.365583
0.35594
0.362368
0.357768
0.370342
0.368171
0.350784
0.354886
0.348793
0.347866
0.348425
0.361421
0.364515
0.374587
0.377349
0.365425
0.35754
0.34887
0.342176
0.336795
0.351923
0.343872
0.345655
0.350928
0.360506
0.35105
0.355804
0.352669
0.361143
0.374028
0.37221
0.375193
0.391004
0.376462
0.367838
0.376621
0.388162
0.387641
0.395956
0.396141
0.371315
0.378113
0.373135
0.415911
0.399577
0.38274
0.362998
0.368767
0.358212
0.349816
0.347734
0.349017
0.336627
0.350353
0.352844
0.352783
0.351762
0.356541
0.355084
0.361899
0.365173
0.370282
0.361861
0.364632
0.368175
0.386853
0.386542
0.366369
0.409009
0.385263
0.385801
0.370461
0.378221
0.401261
0.397727
0.375568
0.354457
0.354033
0.356693
0.365978
0.375226
0.3718
0.380174
0.394123
0.397861
0.376233
0.383779
0.393792
0.394813
0.415094
0.394774
0.396195
0.402051
0.398609
0.368384
0.357155
0.348779
0.378466
0.382751
0.38613
0.374387
0.373003
0.370764
0.364932
0.372392
0.368052
0.371082
0.367039
0.357584
0.364439
0.388437
0.390528
0.398665
0.417148
0.41776
0.382424
0.407808
0.419201
0.397729
0.368877
0.360258
0.389697
0.396024
0.391395
0.407655
0.397691
0.403048
0.466179
0.453718
0.45565
0.45494
0.410852
0.427527
0.425538
0.447317
0.443486
0.406138
0.418121
0.447285
0.467317
0.463313
0.479549
0.456451
0.532698
0.465402
0.491901
0.475627
0.434961
0.486704
0.503162
0.468769
0.485339
0.485632
0.500871
0.40309
0.470662
0.385747
0.387156
0.38286
0.385061
0.393828
0.395473
0.383678
0.392672
0.387122
0.378467
0.395503
0.395728
0.434091
0.41784
0.472367
0.412625
0.431992
0.450154
0.448676
0.432716
0.40564
0.413391
0.393847
0.417678
0.384236
0.415033
0.410887
0.392406
0.387776
0.402239
0.419316
0.429508
0.418654
0.432532
0.424647
0.430658
0.424995
0.414991
0.425642
0.424966
0.412632
0.403393
0.434883
0.435762
0.401949
0.429451
0.397291
0.379013
0.381454
0.399695
0.411459
0.396163
0.389515
0.383178
0.371752
0.358418
0.349581
0.353577
0.345334
0.345131
0.351937
0.358276
0.360134
0.378421
0.349581
0.351013
0.350184
0.379233
0.358053
0.354307
0.357641
0.360018
0.368444
0.389033
0.391786
0.404818
0.399734
0.383125
0.395831
0.382242
0.418243
0.410999
0.384349
0.379437
0.367212
0.364806
0.361084
0.370841
0.365492
0.395486
0.392734
0.366661
0.369519
0.377177
0.374749
0.364809
0.36496
0.380839
0.389915
0.393422
0.405521
0.406224
0.402305
0.393332
0.376471
0.407524
0.384497
0.38912
0.385661
0.36787
0.353914
0.396801
0.39595
0.386894
0.379143
0.401631
0.415106
0.410758
0.380955
0.386474
0.38464
0.385803
0.374811
0.363915
0.362821
0.350075
0.348768
0.355802
0.33958
0.344843
0.340348
0.344943
0.356416
0.352446
0.346031
0.34589
0.329935
0.347215
0.355595
0.34529
0.349453
0.34301
0.346413
0.351374
0.363567
0.367827
0.362602
0.363363
0.37539
0.366607
0.357659
0.361811
0.35741
0.372687
0.391131
0.404943
0.401613
0.416051
0.416532
0.395208
0.393563
0.397161
0.392199
0.399273
0.396993
0.397388
0.410161
0.371209
0.369573
0.360421
0.35381
0.352799
0.353503
0.363478
0.353678
0.356316
0.347766
0.35256
0.348136
0.362768
0.34964
0.366487
0.373938
0.388638
0.420746
0.41402
0.393445
0.369755
0.358781
0.377771
0.382106
0.389877
0.389066
0.401154
0.414435
0.375681
0.372232
0.372067
0.379698
0.375908
0.372761
0.367349
0.412444
0.384083
0.381726
0.380308
0.38113
0.424431
0.422451
0.434757
0.445567
0.462401
0.506831
0.493538
0.418493
0.410707
0.395758
0.437596
0.425234
0.438203
0.436708
0.428841
0.442681
0.428463
0.412239
0.413938
0.415687
0.421934
0.391192
0.380903
0.396069
0.394687
0.37409
0.370504
0.379729
0.383169
0.37237
0.367422
0.371857
0.36105
0.378195
0.366628
0.36417
0.366333
0.376966
0.383929
0.409518
0.387734
0.394016
0.410432
0.449952
0.477818
0.442395
0.471109
0.475695
0.441017
0.421642
0.519423
0.474883
0.468205
0.4465
0.432592
0.432937
0.404779
0.483947
0.431435
0.428532
0.40507
0.420056
0.538009
0.577791
0.517794
0.56533
0.579132
0.502449
0.472479
0.506407
0.494839
0.467003
0.479975
0.553875
0.558239
0.469685
0.464106
0.438721
0.47398
0.43102
0.425973
0.443969
0.483692
0.492402
0.521782
0.510156
0.47154
0.501802
0.533537
0.533294
0.488423
0.540081
0.532219
0.522769
0.453089
0.457054
0.453716
0.468227
0.417184
0.406882
0.394893
0.396099
0.40055
0.378427
0.369326
0.365377
0.375069
0.375555
0.389395
0.399565
0.394922
0.399825
0.399098
0.381801
0.382998
0.404505
0.378808
0.400524
0.393138
0.422036
0.421864
0.404729
0.400193
0.40496
0.400477
0.411665
0.443838
0.374998
0.382393
0.383145
0.375985
0.364095
0.363141
0.358721
0.364819
0.371517
0.363328
0.356745
0.384626
0.380608
0.377562
0.375364
0.371464
0.380827
0.380563
0.388242
0.388947
0.378261
0.365065
0.36821
0.380727
0.391999
0.41036
0.410162
0.425028
0.439705
0.404921
0.431781
0.443645
0.448324
0.42363
0.400833
0.384773
0.392055
0.397743
0.357696
0.353503
0.357576
0.352158
0.358529
0.356139
0.348069
0.341176
0.338825
0.347981
0.348189
0.348511
0.35144
0.367468
0.349039
0.360251
0.349113
0.345102
0.359505
0.344464
0.342169
0.349335
0.352608
0.344722
0.354236
0.343026
0.342471
0.344864
0.34359
0.338031
0.350761
0.347225
0.344433
0.358245
0.357397
0.369495
0.366111
0.368494
0.377764
0.392711
0.423648
0.418273
0.43386
0.411257
0.421396
0.410471
0.387735
0.413688
0.428828
0.423674
0.420643
0.432548
0.42583
0.430825
0.411047
0.408944
0.404665
0.390371
0.426807
0.389915
0.380749
0.371659
0.360793
0.352855
0.355346
0.357385
0.355407
0.364506
0.366085
0.354969
0.349844
0.358271
0.349427
0.345929
0.357232
0.360153
0.366582
0.359806
0.372711
0.37971
0.37681
0.395161
0.393652
0.37083
0.403628
0.414263
0.422097
0.396939
0.403906
0.415651
0.415496
0.387938
0.397759
0.408555
0.406586
0.430291
0.411378
0.403707
0.399271
0.40465
0.383054
0.381813
0.399675
0.405362
0.40992
0.446139
0.423882
0.404635
0.383672
0.362519
0.361406
0.367706
0.349249
0.33617
0.349413
0.347336
0.348287
0.348088
0.343118
0.348618
0.355718
0.353323
0.358176
0.34539
0.360426
0.350798
0.360421
0.363526
0.340132
0.350787
0.349062
0.344833
0.33041
0.344851
0.344096
0.3453
0.35162
0.348761
0.343287
0.336559
0.351734
0.346685
0.345004
0.347305
0.358655
0.367089
0.385972
0.371323
0.366925
0.367203
0.37542
0.37371
0.372867
0.352753
0.352134
0.353488
0.359136
0.353839
0.340578
0.374744
0.386003
0.409836
0.391257
0.372604
0.373243
0.361758
0.366341
0.359234
0.374156
0.38989
0.372217
0.369163
0.375523
0.377715
0.364071
0.372917
0.376578
0.397267
0.389536
0.392616
0.401042
0.412204
0.402906
0.406456
0.413826
0.412754
0.430468
0.414121
0.382847
0.381492
0.398753
0.403065
0.372773
0.368104
0.370066
0.35747
0.351935
0.374076
0.375813
0.353864
0.35125
0.375357
0.389686
0.385104
0.392151
0.389982
0.417188
0.425874
0.402302
0.421596
0.409622
0.394263
0.374676
0.379742
0.388695
0.386895
0.368961
0.372506
0.372421
0.367987
0.369568
0.363808
0.383988
0.366167
0.418509
0.393162
0.395417
0.38822
0.396577
0.415123
0.401768
0.38126
0.387614
0.38092
0.374173
0.359473
0.358777
0.351949
0.354176
0.354192
0.350166
0.348936
0.352184
0.353067
0.362569
0.352804
0.336024
0.345037
0.344189
0.346102
0.360607
0.370859
0.379564
0.374554
0.376938
0.369943
0.378912
0.36491
0.367364
0.361566
0.349699
0.356763
0.349652
0.354506
0.357599
0.359618
0.352138
0.363407
0.370908
0.395357
0.403005
0.395589
0.385381
0.37387
0.397207
0.381825
0.378145
0.359521
0.362285
0.365348
0.361579
0.37421
0.359158
0.359033
0.387546
0.383958
0.388298
0.36644
0.376365
0.363935
0.359268
0.348325
0.347408
0.363386
0.365108
0.371323
0.373461
0.36446
0.371944
0.363828
0.365545
0.365055
0.358138
0.360052
0.373104
0.386015
0.399344
0.399022
0.402612
0.40469
0.373856
0.368659
0.396003
0.402024
0.392123
0.407054
0.386881
0.384481
0.357843
0.356202
0.354275
0.353879
0.374114
0.389446
0.396257
0.40811
0.36718
0.371474
0.365555
0.361566
0.368973
0.360305
0.365263
0.351587
0.345447
0.341262
0.340583
0.339595
0.343509
0.344701
0.349716
0.338618
0.346425
0.340845
0.350939
0.361819
0.363243
0.38282
0.397619
0.388184
0.372471
0.39147
0.369728
0.364871
0.361527
0.360834
0.371838
0.377488
0.380747
0.37766
0.386756
0.383318
0.354211
0.380585
0.392563
0.375582
0.386555
0.395274
0.371559
0.361098
0.358614
0.361176
0.357056
0.354447
0.351388
0.359988
0.350225
0.355315
0.338908
0.355708
0.356936
0.369174
0.371763
0.379456
0.379991
0.39865
0.401281
0.416505
0.388847
0.366839
0.376171
0.353411
0.359198
0.347111
0.348915
0.352211
0.336657
0.340768
0.348391
0.393715
0.341382
0.346191
0.341966
0.341096
0.347012
0.344406
0.352004
0.341225
0.34838
0.3446
0.34013
0.348442
0.345719
0.348877
0.342465
0.33638
0.332393
0.348841
0.350522
0.358304
0.343467
0.347833
0.36402
0.352038
0.367533
0.365695
0.391163
0.412389
0.414023
0.405206
0.427356
0.420142
0.405743
0.392807
0.405152
0.395506
0.383168
0.378329
0.36522
0.369835
0.361246
0.366595
0.365121
0.372748
0.380927
0.385558
0.384472
0.381526
0.36955
0.372047
0.374375
0.373981
0.391979
0.387255
0.410472
0.397956
0.395389
0.375652
0.37531
0.378888
0.37366
0.391984
0.412042
0.410549
0.375092
0.376047
0.378349
0.376368
0.360221
0.355518
0.364061
0.39095
0.378958
0.354689
0.359385
0.419107
0.404502
0.410254
0.418775
0.429748
0.375761
0.407935
0.40015
0.439286
0.412684
0.409555
0.403758
0.393912
0.382152
0.378166
0.383189
0.369258
0.372889
0.375314
0.367192
0.35955
0.3569
0.360243
0.363919
0.35706
0.348935
0.356416
0.359581
0.370092
0.378108
0.393412
0.406017
0.37232
0.405377
0.37224
0.369605
0.357027
0.353381
0.345816
0.338619
0.353573
0.340218
0.341722
0.332885
0.344034
0.35208
0.361514
0.37377
0.379162
0.370638
0.354903
0.353339
0.352516
0.378842
0.39614
0.425005
0.384554
0.382745
0.367544
0.350327
0.352117
0.351824
0.351101
0.347042
0.358234
0.352193
0.363864
0.361291
0.379733
0.39818
0.399943
0.408271
0.385263
0.381589
0.420276
0.388705
0.371032
0.357719
0.345043
0.346221
0.346213
0.360288
0.353118
0.353228
0.362426
0.370336
0.39542
0.389644
0.40739
0.376049
0.364631
0.360031
0.37394
0.355554
0.361024
0.354364
0.36443
0.357791
0.358542
0.378219
0.370945
0.360932
0.363627
0.381055
0.383375
0.366777
0.34445
0.352333
0.35031
0.348863
0.35132
0.358312
0.362341
0.357608
0.348215
0.358702
0.369295
0.371104
0.371403
0.375078
0.388548
0.380921
0.39389
0.397857
0.374794
0.446082
0.404662
0.438137
0.425232
0.43017
0.433613
0.441908
0.423194
0.450632
0.425062
0.401852
0.404721
0.406531
0.425935
0.420882
0.420034
0.403051
0.390684
0.390549
0.384558
0.401846
0.433837
0.400292
0.382662
0.380583
0.391166
0.401153
0.423333
0.445298
0.485541
0.535937
0.539416
0.518225
0.588162
0.542581
0.49808
0.50315
0.464175
0.451213
0.456405
0.432272
0.448555
0.440796
0.448898
0.415715
0.412083
0.390065
0.383913
0.411559
0.422307
0.429504
0.415468
0.41334
0.432171
0.465329
0.450212
0.410202
0.401914
0.402277
0.420396
0.388211
0.393744
0.384773
0.381785
0.39114
0.398439
0.404917
0.407895
0.423244
0.424476
0.474456
0.436676
0.416434
0.403134
0.381512
0.380193
0.361966
0.353743
0.35935
0.352211
0.353151
0.373933
0.393031
0.38945
0.4296
0.430802
0.435653
0.432374
0.396782
0.383287
0.396934
0.396217
0.399406
0.399188
0.437487
0.443088
0.433683
0.41602
0.421034
0.361089
0.361752
0.365198
0.354106
0.34347
0.356162
0.346796
0.349419
0.343414
0.35062
0.349476
0.356641
0.351546
0.355314
0.370221
0.347824
0.360152
0.351635
0.353927
0.347741
0.355458
0.357047
0.354915
0.354729
0.347758
0.359437
0.347382
0.351313
0.348976
0.350456
0.345117
0.352305
0.339302
0.365479
0.348995
0.341684
0.345954
0.343196
0.345615
0.344892
0.348974
0.346288
0.343442
0.354517
0.348633
0.346284
0.343541
0.347856
0.354653
0.35197
0.352985
0.368809
0.383754
0.400841
0.446726
0.451866
0.436862
0.425545
0.421127
0.385355
0.376744
0.40664
0.399267
0.40676
0.367589
0.412341
0.421513
0.405221
0.39592
0.379798
0.382575
0.398685
0.385436
0.401192
0.39625
0.365408
0.412381
0.386488
0.417864
0.403944
0.420215
0.411355
0.40889
0.365173
0.386583
0.379486
0.360438
0.367548
0.376816
0.385093
0.402243
0.377516
0.373614
0.380277
0.370841
0.36949
0.383883
0.376979
0.415911
0.431225
0.40538
0.387045
0.372427
0.362736
0.361003
0.364125
0.360702
0.363018
0.343112
0.363865
0.362892
0.370881
0.376301
0.36311
0.373958
0.368013
0.343127
0.351468
0.347599
0.350042
0.358255
0.371742
0.385619
0.38652
0.375589
0.398623
0.37903
0.401874
0.418796
0.410686
0.403287
0.382895
0.404349
0.39669
0.426247
0.420329
0.413423
0.395006
0.416309
0.405494
0.385842
0.376956
0.377492
0.380581
0.380971
0.394396
0.372187
0.37237
0.371758
0.372326
0.365033
0.392264
0.389247
0.371894
0.401295
0.391619
0.41999
0.403374
0.405731
0.383445
0.405894
0.380543
0.360586
0.356445
0.363015
0.380256
0.363838
0.387175
0.361035
0.393155
0.353797
0.37315
0.403848
0.372229
0.413295
0.394442
0.390746
0.397645
0.38652
0.375709
0.384462
0.406344
0.406223
0.392928
0.405775
0.423048
0.427251
0.393413
0.368315
0.398925
0.393746
0.367536
0.392174
0.389021
0.381862
0.41061
0.409734
0.406238
0.413999
0.397794
0.380689
0.435702
0.417881
0.395673
0.402099
0.411572
0.414433
0.398109
0.408212
0.391707
0.373353
0.388777
0.394515
0.425887
0.40542
0.434077
0.412956
0.416044
0.387733
0.400647
0.378772
0.378797
0.423769
0.414808
0.412547
0.392217
0.392967
0.419157
0.432543
0.411899
0.397774
0.396142
0.415031
0.381679
0.364738
0.40565
0.376532
0.400153
0.382398
0.381177
0.352217
0.371332
0.372311
0.358637
0.356223
0.351046
0.351952
0.33951
0.340769
0.344272
0.346697
0.339163
0.354727
0.352865
0.362251
0.367052
0.368995
0.36332
0.354719
0.374445
0.366523
0.366409
0.374586
0.364805
0.357086
0.36059
0.354019
0.368328
0.369688
0.373056
0.367118
0.377063
0.40154
0.3608
0.352816
0.342988
0.351688
0.343761
0.360655
0.364436
0.3834
0.387696
0.354345
0.373074
0.362474
0.371651
0.365925
0.376371
0.375827
0.384872
0.400098
0.37898
0.390586
0.395051
0.38768
0.3823
0.377226
0.366818
0.359799
0.368478
0.3732
0.376974
0.38045
0.370902
0.361649
0.341167
0.353938
0.366744
0.354527
0.353816
0.353051
0.340914
0.352571
0.355951
0.361859
0.357909
0.371238
0.360579
0.359982
0.380048
0.363467
0.36657
0.359283
0.337577
0.351596
0.348031
0.341758
0.336645
0.341927
0.346403
0.343377
0.343683
0.346526
0.357192
0.364059
0.386562
0.383881
0.369587
0.355808
0.383853
0.392024
0.349578
0.388748
0.381265
0.374017
0.388309
0.377105
0.355803
0.358612
0.378179
0.369804
0.384093
0.386903
0.377336
0.393752
0.412742
0.387339
0.423864
0.403301
0.388553
0.389828
0.377612
0.374366
0.373929
0.384544
0.401571
0.386581
0.38236
0.389006
0.370564
0.391832
0.405119
0.392665
0.373492
0.354029
0.353388
0.358664
0.351381
0.371749
0.380316
0.381278
0.379044
0.403178
0.382146
0.359278
0.356495
0.360902
0.349529
0.360219
0.349263
0.342664
0.361927
0.361899
0.381223
0.393787
0.387739
0.405933
0.386275
0.363319
0.373409
0.372151
0.384879
0.399681
0.403662
0.389979
0.377577
0.362216
0.362159
0.371612
0.381054
0.421339
0.433643
0.401149
0.388062
0.381019
0.390418
0.369707
0.375846
0.374085
0.371178
0.369119
0.360959
0.347869
0.367035
0.361024
0.359079
0.366955
0.380731
0.396868
0.383641
0.382841
0.418378
0.462767
0.453718
0.425254
0.438404
0.46037
0.456185
0.449274
0.475674
0.450204
0.471783
0.428041
0.462041
0.4662
0.466157
0.439984
0.434249
0.424874
0.392858
0.397073
0.407499
0.430081
0.432941
0.404332
0.412362
0.44474
0.466684
0.437431
0.445262
0.456322
0.477703
0.524984
0.43069
0.443529
0.422819
0.406081
0.390668
0.427689
0.454336
0.497579
0.436225
0.462318
0.440471
0.430289
0.414505
0.391873
0.393843
0.390451
0.382774
0.378757
0.372101
0.36169
0.36684
0.377757
0.382574
0.406048
0.408087
0.40197
0.408382
0.388615
0.387726
0.398447
0.386951
0.379678
0.360767
0.380504
0.388925
0.421552
0.444972
0.455086
0.469463
0.446128
0.516131
0.506012
0.442099
0.425564
0.457469
0.439698
0.437938
0.404323
0.399513
0.382366
0.372157
0.379775
0.382788
0.408291
0.408347
0.42013
0.441785
0.462562
0.450946
0.412084
0.401258
0.386738
0.3882
0.381651
0.380363
0.392098
0.401149
0.420476
0.439368
0.43274
0.421714
0.415411
0.397665
0.400612
0.400761
0.399175
0.414958
0.408182
0.434311
0.455604
0.434119
0.408275
0.39413
0.379476
0.360153
0.355047
0.348161
0.364314
0.365845
0.364588
0.361415
0.381011
0.389003
0.376312
0.366525
0.355663
0.357475
0.357013
0.354069
0.35983
0.360335
0.359687
0.370456
0.372222
0.369394
0.388598
0.384339
0.3821
0.376261
0.401972
0.422086
0.459587
0.43559
0.46104
0.444809
0.419488
0.39893
0.426059
0.449659
0.451366
0.469511
0.417614
0.3684
0.444558
0.468945
0.428796
0.464972
0.454427
0.487432
0.496836
0.442375
0.463777
0.458928
0.437033
0.441437
0.434643
0.446609
0.428909
0.420637
0.423697
0.462198
0.465561
0.452701
0.449552
0.529975
0.492672
0.457063
0.540728
0.454368
0.458454
0.512439
0.498705
0.456403
0.446983
0.507245
0.508749
0.489737
0.468631
0.485069
0.475093
0.472285
0.427535
0.46048
0.431336
0.439225
0.419914
0.437642
0.433355
0.476121
0.425089
0.388312
0.408462
0.43662
0.430854
0.457946
0.480508
0.449244
0.457557
0.408597
0.425966
0.428744
0.417199
0.448909
0.404581
0.414414
0.447477
0.420212
0.403331
0.433518
0.457157
0.446144
0.443539
0.42538
0.43576
0.40935
0.387722
0.371841
0.372013
0.375238
0.365268
0.3732
0.376105
0.385871
0.420508
0.442218
0.426499
0.410445
0.42823
0.403677
0.411797
0.389822
0.402401
0.391333
0.40168
0.406165
0.443595
0.412513
0.425598
0.428093
0.43083
0.429687
0.442226
0.451685
0.434226
0.421651
0.422736
0.420607
0.445576
0.408739
0.403589
0.412765
0.420585
0.417201
0.414293
0.421573
0.409517
0.386769
0.366911
0.373917
0.387301
0.387426
0.404985
0.417362
0.426546
0.376029
0.376622
0.394911
0.428432
0.429709
0.413511
0.381917
0.376031
0.372439
0.368356
0.370293
0.369011
0.367828
0.382662
0.390508
0.42522
0.410924
0.410036
0.403501
0.38958
0.387588
0.407977
0.425367
0.434002
0.394535
0.393403
0.409657
0.42213
0.410838
0.395317
0.402746
0.410857
0.434081
0.374631
0.381102
0.459286
0.453623
0.434187
0.42969
0.485631
0.481263
0.470061
0.444916
0.512227
0.524242
0.488717
0.404707
0.401035
0.421005
0.484952
0.483993
0.532273
0.523541
0.498462
0.490635
0.43288
0.444196
0.46423
0.49206
0.443609
0.412585
0.459601
0.438667
0.500827
0.476888
0.445968
0.476635
0.479122
0.382581
0.431841
0.393687
0.394508
0.425928
0.485806
0.398805
0.426762
0.432439
0.447739
0.476304
0.458167
0.43681
0.445748
0.516024
0.474523
0.4849
0.458385
0.40805
0.458117
0.504362
0.480622
0.47995
0.504701
0.506353
0.465309
0.4577
0.402446
0.3559
0.374816
0.423595
0.420516
0.401875
0.393469
0.378219
0.400665
0.404947
0.400352
0.377611
0.371603
0.360639
0.355896
0.352803
0.353966
0.358491
0.367245
0.373123
0.349385
0.357207
0.362067
0.372963
0.381796
0.375193
0.37315
0.380569
0.401334
0.418514
0.428716
0.424254
0.417643
0.413587
0.40188
0.393898
0.363738
0.357032
0.359042
0.365806
0.354923
0.352481
0.351965
0.354078
0.357839
0.378693
0.378471
0.395086
0.38492
0.376563
0.375803
0.368705
0.387076
0.378216
0.37204
0.35897
0.349691
0.348259
0.34895
0.353257
0.361848
0.373621
0.396674
0.375863
0.377801
0.35311
0.353749
0.354657
0.344018
0.332326
0.338299
0.35162
0.343602
0.353066
0.346267
0.34363
0.343826
0.336501
0.339994
0.339433
0.351638
0.357491
0.350303
0.350542
0.347782
0.356369
0.376739
0.360555
0.361168
0.382392
0.38103
0.383414
0.390839
0.376439
0.37044
0.369819
0.364347
0.349911
0.371038
0.36428
0.388919
0.439697
0.42862
0.388648
0.372906
0.359962
0.363113
0.366558
0.375871
0.379733
0.386377
0.380394
0.373896
0.36464
0.36768
0.356047
0.356017
0.36485
0.37019
0.362871
0.359466
0.366072
0.381394
0.352412
0.38297
0.378838
0.386408
0.376639
0.367834
0.374888
0.348831
0.349934
0.358712
0.357823
0.375496
0.374068
0.384471
0.381587
0.381828
0.37622
0.376003
0.372863
0.376081
0.392836
0.373681
0.38344
0.382707
0.386042
0.398414
0.398943
0.392531
0.379111
0.388053
0.38523
0.38806
0.388091
0.387235
0.414331
0.392761
0.385519
0.405092
0.3589
0.417697
0.425678
0.429867
0.422178
0.411209
0.405527
0.387624
0.382157
0.373665
0.368392
0.355958
0.351403
0.350998
0.346096
0.347726
0.358332
0.356829
0.338739
0.351681
0.343695
0.343186
0.346356
0.340501
0.350848
0.356019
0.350511
0.352085
0.362247
0.366379
0.385172
0.380917
0.365777
0.347769
0.352853
0.352193
0.361291
0.372096
0.382713
0.397362
0.402564
0.393362
0.379413
0.372757
0.384005
0.339599
0.360133
0.369843
0.355369
0.342908
0.333051
0.346436
0.338589
0.338531
0.347972
0.340278
0.350454
0.348502
0.352971
0.367787
0.376669
0.377743
0.383827
0.406659
0.398436
0.399794
0.407854
0.393766
0.402302
0.424387
0.445019
0.39287
0.429946
0.422094
0.430232
0.395756
0.434421
0.410478
0.390766
0.431738
0.382
0.431222
0.378824
0.426723
0.401095
0.431516
0.406793
0.382681
0.430683
0.412192
0.391667
0.371644
0.362842
0.35472
0.365645
0.379515
0.39494
0.389677
0.37349
0.367078
0.352955
0.355523
0.360918
0.357091
0.373317
0.372727
0.377672
0.381298
0.361453
0.375767
0.38116
0.390548
0.38638
0.37973
0.390819
0.386789
0.396533
0.390495
0.382152
0.367024
0.354102
0.344202
0.347259
0.355793
0.359015
0.3591
0.38849
0.371457
0.362148
0.355465
0.374618
0.380675
0.366779
0.348501
0.356077
0.365394
0.359926
0.354487
0.361756
0.373404
0.377449
0.394489
0.392781
0.390412
0.383104
0.364066
0.354433
0.366294
0.363021
0.378167
0.365331
0.358648
0.347181
0.357317
0.365627
0.362573
0.357269
0.361162
0.383638
0.375625
0.39268
0.384915
0.382467
0.386943
0.387955
0.400915
0.381309
0.384957
0.372328
0.372943
0.382681
0.385342
0.372349
0.369527
0.380644
0.392541
0.421779
0.39996
0.402286
0.399784
0.398918
0.366591
0.372573
0.381041
0.396545
0.395233
0.400576
0.404811
0.395506
0.397717
0.404899
0.404948
0.410268
0.413399
0.4122
0.400629
0.405892
0.410302
0.381196
0.365735
0.364939
0.346917
0.34914
0.349111
0.348626
0.352014
0.353268
0.367351
0.363049
0.388712
0.389288
0.389009
0.400203
0.396909
0.397248
0.404692
0.406658
0.373102
0.378191
0.383865
0.376657
0.373469
0.366673
0.371326
0.375058
0.364633
0.376981
0.37508
0.359991
0.395622
0.38644
0.40287
0.43202
0.409539
0.414805
0.412433
0.414209
0.416825
0.452123
0.458786
0.432014
0.421925
0.431675
0.440097
0.42719
0.402965
0.388625
0.399559
0.38224
0.376769
0.37252
0.377057
0.361733
0.353965
0.376654
0.394567
0.418929
0.409573
0.425492
0.426577
0.386408
0.369332
0.384507
0.390299
0.412402
0.418264
0.398766
0.429382
0.4569
0.436016
0.453143
0.428705
0.458721
0.460369
0.425497
0.427973
0.422389
0.440416
0.450666
0.418389
0.418562
0.396644
0.41807
0.436614
0.413631
0.411086
0.393866
0.389801
0.391306
0.378446
0.403106
0.426675
0.415828
0.419929
0.412381
0.379782
0.368795
0.380028
0.392711
0.383066
0.415566
0.436622
0.424503
0.465313
0.468175
0.437786
0.455453
0.48353
0.425873
0.502172
0.484125
0.469179
0.441291
0.448129
0.425534
0.42283
0.501109
0.490441
0.435388
0.510549
0.547677
0.558725
0.558529
0.585971
0.557921
0.551282
0.544677
0.529935
0.539946
0.486019
0.460556
0.38917
0.400241
0.443279
0.49703
0.444959
0.501613
0.485732
0.502453
0.547502
0.479307
0.465711
0.457868
0.492847
0.495474
0.451036
0.384198
0.381882
0.373532
0.380582
0.396723
0.382898
0.355603
0.352303
0.344253
0.347561
0.354337
0.34704
0.355254
0.367452
0.375024
0.358754
0.375751
0.355359
0.347017
0.356382
0.359216
0.380985
0.374977
0.362983
0.34469
0.352201
0.368601
0.362163
0.351895
0.343806
0.352622
0.358471
0.350725
0.350787
0.363698
0.358072
0.373779
0.390109
0.382228
0.364898
0.37159
0.384371
0.36529
0.371944
0.355693
0.357395
0.363218
0.368029
0.358721
0.361189
0.360189
0.368011
0.375701
0.385989
0.379665
0.388542
0.394904
0.385013
0.404857
0.40226
0.420763
0.408996
0.399773
0.412678
0.420866
0.39329
0.39746
0.400971
0.393875
0.408499
0.415159
0.406455
0.406647
0.411648
0.42795
0.425168
0.428638
0.36442
0.434388
0.448286
0.396033
0.393693
0.410534
0.400805
0.4108
0.404099
0.411482
0.424841
0.407863
0.418265
0.416144
0.405474
0.446107
0.489362
0.460416
0.395721
0.396198
0.382985
0.405184
0.422591
0.394482
0.429205
0.388564
0.370079
0.403822
0.410733
0.405392
0.384019
0.385557
0.40429
0.377082
0.426988
0.394057
0.419765
0.445522
0.410005
0.408872
0.415534
0.413571
0.408797
0.378753
0.379627
0.396535
0.392319
0.390107
0.376512
0.404339
0.411197
0.417546
0.401773
0.394899
0.37544
0.390737
0.397478
0.389491
0.395985
0.40177
0.420475
0.397389
0.391969
0.397558
0.400984
0.421272
0.41074
0.441885
0.521949
0.499489
0.458174
0.468166
0.499934
0.419339
0.449948
0.441632
0.399696
0.384137
0.386787
0.384879
0.408242
0.475208
0.481459
0.436448
0.406715
0.397379
0.377239
0.375401
0.367017
0.357254
0.391152
0.368864
0.398037
0.437769
0.453711
0.427695
0.433041
0.427599
0.396985
0.382509
0.385548
0.365807
0.362943
0.376597
0.360522
0.363124
0.355609
0.370331
0.36802
0.374408
0.407092
0.416192
0.451545
0.443228
0.439103
0.459953
0.444107
0.405128
0.470909
0.449357
0.459918
0.387607
0.383792
0.363591
0.371752
0.401588
0.404837
0.436385
0.478075
0.409461
0.411731
0.397383
0.422152
0.414828
0.412169
0.389352
0.434775
0.459272
0.430836
0.467139
0.458186
0.426848
0.446639
0.44703
0.443747
0.436148
0.425292
0.425946
0.442781
0.428004
0.448276
0.425954
0.402585
0.383974
0.4031
0.445921
0.441523
0.435899
0.442154
0.449553
0.436244
0.429688
0.439145
0.421511
0.454933
0.478776
0.486142
0.514987
0.507975
0.506576
0.520723
0.473786
0.490858
0.478385
0.49565
0.481003
0.48197
0.482909
0.510806
0.463641
0.376779
0.424229
0.402668
0.404248
0.386742
0.405834
0.370947
0.365304
0.359703
0.358646
0.355995
0.349778
0.352606
0.369117
0.360789
0.365388
0.366393
0.373968
0.356701
0.345913
0.34783
0.349853
0.368632
0.367596
0.334627
0.34872
0.350576
0.35517
0.346807
0.343267
0.342849
0.341205
0.351893
0.344314
0.340541
0.349031
0.344465
0.347649
0.359358
0.36916
0.3722
0.392947
0.378977
0.356465
0.376431
0.378015
0.364924
0.351639
0.34786
0.355058
0.355683
0.361791
0.371526
0.380167
0.386005
0.371993
0.386255
0.392838
0.387279
0.384729
0.37688
0.38789
0.388552
0.382815
0.375296
0.358307
0.363891
0.361048
0.3708
0.372029
0.369214
0.372135
0.366005
0.389997
0.376338
0.38725
0.393912
0.383663
0.37935
0.40589
0.390973
0.392651
0.385988
0.453792
0.487368
0.473113
0.479187
0.445969
0.494276
0.455276
0.41934
0.491426
0.497292
0.532332
0.522025
0.517296
0.498101
0.511092
0.482423
0.481791
0.516879
0.496102
0.393526
0.390928
0.398774
0.371548
0.376735
0.382061
0.38858
0.402682
0.414781
0.398825
0.434652
0.45734
0.442619
0.405509
0.402512
0.399608
0.408766
0.374312
0.36885
0.401246
0.408766
0.39146
0.390567
0.383748
0.361998
0.350217
0.346854
0.35602
0.354276
0.360129
0.374434
0.366025
0.354983
0.356495
0.387565
0.395323
0.388486
0.388759
0.39212
0.365872
0.366656
0.364533
0.357463
0.361393
0.361673
0.347877
0.353613
0.367159
0.358821
0.347176
0.350911
0.351257
0.367319
0.383686
0.391101
0.393535
0.401091
0.363431
0.376052
0.38513
0.368104
0.349165
0.345105
0.341566
0.345505
0.351496
0.336774
0.351576
0.350539
0.351738
0.367036
0.36798
0.367937
0.379473
0.363458
0.356811
0.385137
0.354907
0.376494
0.367803
0.364765
0.372466
0.37488
0.374459
0.35697
0.360865
0.361918
0.36108
0.356999
0.342191
0.357634
0.340808
0.354928
0.367388
0.368822
0.384231
0.391003
0.420646
0.405079
0.481577
0.471229
0.443864
0.494633
0.440565
0.414497
0.436372
0.460984
0.423411
0.436045
0.399236
0.423377
0.407491
0.428883
0.451237
0.441724
0.473412
0.46562
0.422009
0.400423
0.392854
0.37516
0.385193
0.401869
0.406627
0.426903
0.405671
0.380694
0.435237
0.398104
0.440283
0.388038
0.374502
0.365166
0.36862
0.362079
0.382236
0.384614
0.413402
0.409006
0.423052
0.416797
0.444348
0.421813
0.422299
0.465322
0.442307
0.435329
0.464477
0.455616
0.390096
0.429194
0.436053
0.408417
0.385016
0.401216
0.435996
0.407884
0.451903
0.402093
0.452206
0.402021
0.380113
0.399596
0.404526
0.373963
0.37262
0.369075
0.359205
0.356697
0.35852
0.362356
0.35588
0.355579
0.362862
0.363567
0.377774
0.380351
0.398339
0.425757
0.429897
0.415755
0.47005
0.461034
0.441819
0.513618
0.435015
0.463426
0.405412
0.461278
0.557018
0.50172
0.454111
0.494073
0.405674
0.406551
0.457152
0.446616
0.425042
0.416229
0.404691
0.415693
0.442186
0.424737
0.432904
0.456791
0.468724
0.515974
0.443423
0.497636
0.457316
0.443624
0.406461
0.456774
0.4559
0.502326
0.531197
0.512542
0.487792
0.523007
0.438911
0.474417
0.443644
0.439677
0.45836
0.478652
0.480702
0.481263
0.481138
0.486472
0.470323
0.428888
0.393282
0.393105
0.398177
0.389744
0.395422
0.375255
0.382463
0.379881
0.37519
0.376387
0.374302
0.379007
0.384974
0.390315
0.423072
0.421572
0.438803
0.45688
0.452723
0.457567
0.450136
0.455446
0.437602
0.419524
0.433318
0.424194
0.432731
0.382364
0.433939
0.42011
0.440256
0.494813
0.46396
0.437188
0.447538
0.483827
0.463268
0.412542
0.457547
0.414979
0.420611
0.384061
0.367544
0.364373
0.355867
0.346389
0.346839
0.352242
0.369263
0.373466
0.371433
0.371757
0.367823
0.352446
0.355787
0.377553
0.37607
0.395667
0.416676
0.382401
0.393258
0.396674
0.394203
0.400759
0.410711
0.428561
0.409487
0.402472
0.440472
0.448492
0.424408
0.43496
0.427526
0.435929
0.488949
0.467297
0.521157
0.44224
0.51719
0.471078
0.466311
0.460461
0.422408
0.390111
0.369171
0.36967
0.379648
0.416119
0.415607
0.410522
0.401883
0.429713
0.416057
0.444096
0.414599
0.389119
0.440319
0.480219
0.425305
0.443084
0.451542
0.416272
0.417969
0.402523
0.43039
0.428765
0.41946
0.42427
0.435064
0.41967
0.409328
0.376884
0.390129
0.375514
0.372786
0.379353
0.390667
0.372267
0.384089
0.383247
0.416163
0.444057
0.392694
0.382509
0.374986
0.36558
0.379455
0.36959
0.38094
0.393696
0.38786
0.385736
0.38612
0.377817
0.392439
0.424342
0.450238
0.481932
0.470683
0.415519
0.468698
0.434891
0.418026
0.373195
0.35057
0.35626
0.403018
0.389632
0.404064
0.418102
0.432751
0.448724
0.45775
0.485494
0.414564
0.456521
0.441932
0.437223
0.425462
0.390169
0.40545
0.407752
0.505107
0.399524
0.413953
0.40785
0.403428
0.416847
0.425075
0.430518
0.437142
0.433635
0.411498
0.373592
0.370392
0.369284
0.362229
0.360443
0.362131
0.351432
0.351727
0.369238
0.389647
0.382624
0.390543
0.39218
0.404605
0.390414
0.401921
0.391279
0.405143
0.403005
0.415777
0.427824
0.413195
0.376869
0.391882
0.394703
0.408465
0.407298
0.432245
0.396307
0.403571
0.37465
0.393022
0.421076
0.382268
0.380601
0.397519
0.385306
0.385283
0.384266
0.377264
0.368182
0.356454
0.360476
0.37519
0.405847
0.40842
0.412115
0.419963
0.392012
0.38545
0.381934
0.367867
0.372233
0.372755
0.379758
0.397184
0.389205
0.370406
0.359421
0.359569
0.377749
0.376947
0.374015
0.382445
0.392999
0.403092
0.403524
0.407321
0.421762
0.402327
0.400702
0.378779
0.402642
0.402344
0.380206
0.374305
0.365203
0.369283
0.36607
0.385768
0.392994
0.407519
0.438523
0.377585
0.401718
0.37795
0.382388
0.37954
0.378375
0.387837
0.381138
0.383767
0.378113
0.39247
0.412146
0.422791
0.376476
0.403917
0.417815
0.388445
0.375796
0.369121
0.355628
0.367877
0.350866
0.34727
0.343667
0.350145
0.358916
0.366934
0.352906
0.337529
0.340147
0.352433
0.352813
0.351465
0.352379
0.357812
0.3631
0.373876
0.398817
0.395164
0.427063
0.407723
0.409391
0.409408
0.388864
0.375716
0.377741
0.370872
0.347543
0.348016
0.335555
0.347055
0.351292
0.351432
0.352669
0.354902
0.352377
0.347738
0.35998
0.378178
0.384754
0.41095
0.381382
0.386587
0.3805
0.367114
0.371797
0.349514
0.348082
0.363471
0.360546
0.358953
0.355079
0.350897
0.347374
0.363528
0.380047
0.375969
0.372077
0.379304
0.380298
0.372525
0.368559
0.360243
0.373076
0.382334
0.380068
0.378978
0.367148
0.348507
0.37666
0.399951
0.396073
0.422167
0.419625
0.381171
0.416486
0.419409
0.424414
0.403255
0.385688
0.390724
0.423435
0.414622
0.388811
0.381771
0.415084
0.418109
0.433604
0.437615
0.415954
0.394034
0.389445
0.390521
0.356353
0.354525
0.392145
0.385483
0.404183
0.431275
0.43559
0.448767
0.422221
0.416676
0.401154
0.405589
0.397418
0.451391
0.453163
0.417259
0.39033
0.370226
0.352833
0.342013
0.411423
0.385015
0.382936
0.355589
0.365137
0.359035
0.36713
0.373669
0.367472
0.366453
0.383136
0.368758
0.36432
0.380071
0.3776
0.379509
0.365792
0.373729
0.369651
0.3744
0.358103
0.380506
0.362703
0.348082
0.341507
0.339426
0.34101
0.342005
0.343405
0.351614
0.352926
0.34472
0.344935
0.341581
0.332392
0.332974
0.349936
0.346833
0.34222
0.350638
0.341398
0.34387
0.361929
0.363566
0.355006
0.363888
0.365974
0.385685
0.408645
0.381135
0.389076
0.380848
0.383515
0.40749
0.41055
0.394339
0.393823
0.380636
0.376819
0.388608
0.398497
0.408865
0.401817
0.370121
0.397318
0.383764
0.377642
0.373377
0.386225
0.376843
0.366859
0.38437
0.429517
0.452976
0.428497
0.426591
0.432343
0.410738
0.425541
0.401453
0.447676
0.422158
0.392607
0.462724
0.43117
0.37968
0.380266
0.420199
0.39405
0.388128
0.394762
0.412573
0.448481
0.465187
0.407026
0.392695
0.380316
0.382592
0.380187
0.389401
0.402751
0.444477
0.410583
0.43608
0.410437
0.3971
0.376378
0.378376
0.39855
0.407743
0.433295
0.414529
0.403359
0.460389
0.467375
0.47262
0.430322
0.394867
0.421818
0.44994
0.422557
0.420338
0.425226
0.406364
0.412909
0.391173
0.3753
0.369868
0.367439
0.368932
0.376856
0.374434
0.39521
0.420246
0.418232
0.458131
0.451444
0.421922
0.428785
0.502034
0.489759
0.461722
0.463801
0.446898
0.417671
0.522131
0.570191
0.553204
0.512493
0.560652
0.579276
0.55187
0.48875
0.550504
0.594356
0.549958
0.583346
0.561752
0.596896
0.509222
0.457342
0.414075
0.423901
0.424378
0.441056
0.395789
0.391147
0.391129
0.401521
0.410653
0.391553
0.404695
0.39032
0.366002
0.360372
0.39754
0.39752
0.406309
0.412353
0.415134
0.382262
0.383637
0.402778
0.395168
0.388165
0.396764
0.426429
0.424344
0.392099
0.407369
0.39091
0.385448
0.379324
0.376195
0.369347
0.378058
0.355556
0.348833
0.345345
0.351315
0.346279
0.34523
0.34978
0.364866
0.354996
0.357126
0.341746
0.339922
0.350206
0.354198
0.354006
0.371457
0.363588
0.378411
0.380198
0.384926
0.371725
0.406929
0.374641
0.390784
0.406225
0.409009
0.368738
0.386856
0.442448
0.395002
0.388997
0.404786
0.371985
0.377976
0.391691
0.381664
0.379758
0.376491
0.4077
0.429989
0.406564
0.41575
0.383989
0.385244
0.393011
0.378892
0.363146
0.377483
0.376001
0.377565
0.396246
0.384432
0.36931
0.35567
0.357805
0.354577
0.36607
0.392466
0.373996
0.365771
0.360535
0.355114
0.349263
0.341991
0.351484
0.363814
0.364117
0.364647
0.372353
0.39017
0.381853
0.40515
0.404685
0.393513
0.371137
0.365302
0.354049
0.353865
0.349519
0.359522
0.349279
0.352449
0.346054
0.344468
0.344789
0.344256
0.356784
0.350442
0.355509
0.364711
0.372996
0.394824
0.408364
0.412326
0.447585
0.472712
0.406124
0.425514
0.453945
0.454196
0.498756
0.429718
0.437028
0.419936
0.485434
0.447155
0.437668
0.431079
0.443858
0.489406
0.38133
0.449996
0.435998
0.464419
0.458105
0.449881
0.416827
0.406053
0.381628
0.402456
0.392819
0.405186
0.391102
0.394863
0.4015
0.406157
0.399986
0.402438
0.352079
0.407273
0.369025
0.406299
0.388717
0.404752
0.382744
0.402242
0.399642
0.419197
0.450459
0.418476
0.348208
0.382848
0.43045
0.384451
0.399402
0.402439
0.407877
0.385339
0.405415
0.385471
0.405184
0.435622
0.372286
0.381684
0.395591
0.386893
0.381746
0.39722
0.387495
0.370935
0.407118
0.410788
0.399689
0.432182
0.421761
0.41856
0.381229
0.406611
0.393449
0.416019
0.382672
0.374423
0.366774
0.388017
0.393492
0.41543
0.404547
0.399747
0.383385
0.356146
0.353564
0.346418
0.351951
0.36416
0.35961
0.377919
0.401207
0.399629
0.393965
0.386016
0.392532
0.392826
0.421698
0.416276
0.420267
0.388599
0.387647
0.407841
0.393923
0.400322
0.418673
0.383948
0.379254
0.390401
0.382334
0.395576
0.384384
0.372737
0.369797
0.362678
0.363775
0.379257
0.40669
0.431306
0.406221
0.378663
0.38415
0.384679
0.392104
0.406933
0.416455
0.386397
0.407313
0.427401
0.410049
0.403737
0.408919
0.412898
0.389702
0.397268
0.421886
0.402802
0.412311
0.415287
0.398136
0.419704
0.450076
0.448385
0.43872
0.437577
0.439542
0.420434
0.426257
0.472187
0.478584
0.451405
0.395768
0.398027
0.421039
0.44714
0.41176
0.410649
0.456437
0.441924
0.41531
0.414163
0.454481
0.508912
0.484847
0.462397
0.450744
0.436577
0.42387
0.43892
0.426376
0.43702
0.419841
0.457962
0.404094
0.459409
0.435319
0.433916
0.412401
0.416795
0.426573
0.436203
0.431175
0.478548
0.457096
0.454522
0.465343
0.429599
0.422617
0.386167
0.388787
0.384554
0.404781
0.3948
0.378614
0.385216
0.393692
0.378666
0.363424
0.356686
0.351063
0.347338
0.339309
0.355765
0.354843
0.351301
0.361623
0.376912
0.367818
0.400202
0.430796
0.398164
0.38657
0.40004
0.391869
0.374408
0.39286
0.393212
0.413248
0.429329
0.451596
0.43032
0.41231
0.389509
0.417824
0.414911
0.414511
0.450196
0.414575
0.425788
0.43057
0.397477
0.368195
0.377045
0.386473
0.39671
0.403688
0.419007
0.411816
0.40834
0.406948
0.420662
0.45069
0.466815
0.469284
0.436558
0.513709
0.483728
0.438918
0.413666
0.40397
0.387497
0.37774
0.37642
0.407179
0.424951
0.412579
0.421988
0.41541
0.404287
0.390766
0.372663
0.367606
0.374979
0.376057
0.375976
0.401825
0.39879
0.40417
0.428819
0.444685
0.424024
0.427686
0.405765
0.430978
0.481702
0.501902
0.447921
0.459302
0.393755
0.410545
0.391374
0.470217
0.437051
0.393038
0.477368
0.494493
0.455726
0.461997
0.417741
0.460583
0.415548
0.383278
0.480281
0.451032
0.523151
0.453083
0.470011
0.453275
0.510482
0.547772
0.518366
0.524044
0.491153
0.50138
0.537966
0.530399
0.532711
0.475199
0.490455
0.537232
0.474436
0.517416
0.486268
0.504772
0.487879
0.455676
0.486905
0.470082
0.462833
0.489373
0.516492
0.56357
0.551479
0.552762
0.561166
0.552163
0.553014
0.518236
0.539857
0.522082
0.541338
0.555684
0.591598
0.597684
0.568825
0.608397
0.590511
0.528983
0.501734
0.482903
0.409455
0.476729
0.493193
0.448583
0.475041
0.477784
0.456757
0.398786
0.399983
0.394783
0.399164
0.446138
0.470962
0.438296
0.425878
0.420394
0.397425
0.372335
0.380419
0.403949
0.399826
0.468303
0.438573
0.451501
0.471475
0.428774
0.411997
0.413041
0.433403
0.440998
0.414742
0.43703
0.408069
0.397885
0.364941
0.358809
0.369653
0.354674
0.363561
0.371124
0.380059
0.397821
0.406025
0.413932
0.461948
0.408887
0.465035
0.433821
0.459223
0.448465
0.458016
0.433796
0.453547
0.436859
0.44564
0.431875
0.421447
0.431174
0.423945
0.444932
0.435027
0.403887
0.370917
0.380679
0.413734
0.411629
0.407154
0.3885
0.405527
0.40324
0.401922
0.3955
0.400002
0.408244
0.38476
0.372645
0.349808
0.360595
0.37823
0.375609
0.375753
0.382826
0.380067
0.40223
0.43646
0.421113
0.38907
0.385669
0.392761
0.419756
0.398649
0.415735
0.410586
0.397462
0.386985
0.402923
0.420749
0.410974
0.415069
0.397214
0.364395
0.39276
0.383644
0.397746
0.409253
0.405424
0.403257
0.402185
0.389536
0.39888
0.382679
0.384672
0.420142
0.423073
0.417116
0.422081
0.431929
0.434973
0.444957
0.420083
0.436696
0.455333
0.394955
0.40125
0.374672
0.413147
0.407579
0.423606
0.376918
0.373523
0.413672
0.414573
0.406023
0.41633
0.421646
0.388213
0.394676
0.434669
0.426723
0.427021
0.438177
0.409509
0.387959
0.377902
0.3872
0.392876
0.371972
0.381635
0.413686
0.409564
0.402997
0.403198
0.3842
0.395419
0.406971
0.450391
0.498138
0.499709
0.433224
0.43742
0.420083
0.451866
0.397927
0.467634
0.394994
0.431571
0.40545
0.424692
0.407325
0.430055
0.436121
0.422155
0.443819
0.433595
0.473649
0.428532
0.408884
0.418752
0.419498
0.461864
0.449787
0.452023
0.453026
0.445976
0.414296
0.412792
0.410236
0.407314
0.386516
0.413126
0.372453
0.363188
0.365177
0.367231
0.366083
0.361012
0.369721
0.377312
0.375667
0.356279
0.357544
0.349572
0.360532
0.352682
0.341568
0.343073
0.348602
0.345302
0.338606
0.341031
0.34876
0.343648
0.356016
0.345914
0.35745
0.348372
0.349716
0.364943
0.380019
0.382296
0.380966
0.386616
0.380493
0.37785
0.394077
0.407414
0.387741
0.381859
0.368528
0.393127
0.379701
0.370776
0.36187
0.394423
0.393637
0.381316
0.406346
0.417353
0.400778
0.382398
0.398023
0.403327
0.387067
0.364667
0.355795
0.350665
0.350708
0.354874
0.347222
0.361877
0.355214
0.356335
0.362196
0.360891
0.358725
0.369889
0.39017
0.39713
0.416287
0.430945
0.426309
0.43413
0.44465
0.4836
0.487703
0.464569
0.464835
0.499324
0.473801
0.494691
0.503388
0.504678
0.528811
0.492328
0.464268
0.401606
0.398303
0.400107
0.400618
0.414701
0.483627
0.434599
0.381124
0.364275
0.423005
0.430907
0.464198
0.427999
0.412617
0.428592
0.400707
0.379093
0.390248
0.422774
0.44117
0.465215
0.474857
0.458838
0.479463
0.456236
0.477825
0.536228
0.530184
0.426432
0.418305
0.40272
0.43696
0.451689
0.469924
0.405181
0.366493
0.34769
0.36485
0.377593
0.371244
0.375451
0.373699
0.375301
0.370463
0.364983
0.370539
0.399435
0.433834
0.403359
0.418551
0.395239
0.390933
0.380321
0.406088
0.41564
0.48534
0.457468
0.477101
0.431034
0.418547
0.399121
0.394302
0.375112
0.402616
0.367881
0.363224
0.388434
0.388811
0.408655
0.380776
0.385521
0.377709
0.369425
0.389533
0.404229
0.402606
0.39516
0.390664
0.396166
0.407312
0.42731
0.417796
0.398915
0.43557
0.441244
0.402478
0.410408
0.408321
0.391756
0.388629
0.379121
0.433043
0.43824
0.404492
0.381076
0.434772
0.430414
0.416641
0.48197
0.473249
0.476229
0.498213
0.429502
0.465474
0.397085
0.373162
0.382015
0.419318
0.429801
0.4378
0.421233
0.448787
0.486632
0.481317
0.504817
0.41604
0.471419
0.433271
0.473079
0.487876
0.482373
0.436294
0.431016
0.474004
0.523729
0.431312
0.408329
0.432099
0.424573
0.406751
0.39673
0.379015
0.383551
0.369461
0.369502
0.377572
0.402335
0.401138
0.377527
0.374465
0.365956
0.375223
0.3646
0.376998
0.369836
0.382513
0.388407
0.390793
0.414974
0.40756
0.433505
0.435651
0.426991
0.399089
0.399713
0.397844
0.395446
0.418238
0.430149
0.377642
0.44357
0.438756
0.439776
0.442471
0.398432
0.409961
0.463747
0.423163
0.398416
0.376991
0.345182
0.348371
0.3901
0.43486
0.387323
0.446745
0.418615
0.445161
0.426002
0.458326
0.411243
0.390417
0.398721
0.43013
0.457122
0.465563
0.510597
0.442056
0.412083
0.409832
0.420368
0.4138
0.420614
0.422348
0.444128
0.434636
0.432057
0.482521
0.446804
0.450217
0.406952
0.442587
0.463991
0.454635
0.481659
0.49002
0.534194
0.439503
0.48959
0.420117
0.42436
0.426902
0.435834
0.422024
0.436796
0.441887
0.433485
0.454705
0.404128
0.46598
0.454953
0.456188
0.429746
0.449398
0.416877
0.451201
0.459932
0.482646
0.453938
0.470446
0.465823
0.466874
0.490865
0.472984
0.494863
0.508864
0.559304
0.540743
0.562457
0.573823
0.573266
0.474699
0.497012
0.5846
0.586997
0.563323
0.577913
0.551988
0.549166
0.572364
0.542708
0.489897
0.564202
0.522109
0.467954
0.457069
0.44199
0.422612
0.401245
0.401575
0.37281
0.36718
0.395565
0.387067
0.385259
0.413075
0.460094
0.428671
0.372537
0.381006
0.427684
0.407205
0.437422
0.474651
0.394128
0.456867
0.439348
0.439238
0.427305
0.409271
0.375012
0.409512
0.441138
0.423402
0.419488
0.45405
0.457972
0.389888
0.452184
0.445851
0.41963
0.427231
0.415439
0.41773
0.392536
0.407963
0.410678
0.41602
0.38856
0.384742
0.422711
0.398888
0.417416
0.421022
0.354067
0.351122
0.384997
0.46148
0.41752
0.471875
0.486128
0.420382
0.415314
0.415946
0.460848
0.398051
0.417758
0.44559
0.449136
0.438275
0.414353
0.393723
0.416792
0.388852
0.380281
0.364526
0.36345
0.367283
0.364498
0.36726
0.358651
0.367115
0.362535
0.350975
0.356816
0.358093
0.356096
0.346633
0.356734
0.349175
0.34822
0.351138
0.36059
0.357924
0.366082
0.361829
0.371864
0.392107
0.392316
0.399416
0.395484
0.34779
0.37787
0.379465
0.356125
0.360678
0.362869
0.373807
0.37808
0.381199
0.393346
0.380665
0.368572
0.363122
0.358854
0.385848
0.430733
0.42347
0.429638
0.380635
0.399971
0.404282
0.424552
0.428786
0.435108
0.466451
0.42865
0.396621
0.402042
0.416253
0.422213
0.410242
0.440483
0.436067
0.397572
0.394705
0.367531
0.363038
0.348979
0.347237
0.351557
0.350154
0.35182
0.352442
0.352545
0.371701
0.362264
0.371858
0.375869
0.366359
0.366405
0.359141
0.367674
0.368288
0.374775
0.3621
0.360765
0.381119
0.37721
0.393492
0.404216
0.410064
0.382105
0.452528
0.445458
0.484574
0.485101
0.503923
0.460177
0.482109
0.476284
0.429683
0.484231
0.4501
0.449007
0.420094
0.507711
0.475901
0.438114
0.460525
0.395534
0.372964
0.380223
0.373313
0.358941
0.34855
0.381108
0.398984
0.382553
0.36963
0.376264
0.372985
0.367191
0.36773
0.359806
0.351413
0.358322
0.369693
0.375895
0.419461
0.490349
0.471847
0.423442
0.388277
0.369993
0.389029
0.39044
0.423863
0.392946
0.424935
0.388156
0.387347
0.39312
0.431411
0.496106
0.495224
0.513172
0.540644
0.497106
0.445449
0.488475
0.501548
0.459159
0.39405
0.429382
0.466111
0.565752
0.558941
0.510166
0.549595
0.512725
0.506656
0.542577
0.503968
0.481874
0.516032
0.501659
0.489217
0.491101
0.523607
0.519084
0.468562
0.492012
0.515383
0.445584
0.497915
0.527364
0.517076
0.505062
0.518975
0.513516
0.484934
0.52706
0.512565
0.490294
0.487848
0.437369
0.461227
0.460986
0.498943
0.469662
0.412119
0.509284
0.425925
0.438549
0.412786
0.409231
0.443081
0.412234
0.462831
0.508037
0.472899
0.411694
0.465915
0.438287
0.476339
0.415605
0.501532
0.406586
0.403375
0.425751
0.452255
0.397111
0.437344
0.44266
0.441913
0.429472
0.401673
0.385955
0.380626
0.379305
0.366984
0.359613
0.361865
0.357317
0.356821
0.355413
0.361267
0.372768
0.394393
0.405885
0.399864
0.391993
0.383639
0.364094
0.367175
0.366253
0.365555
0.359346
0.368329
0.381635
0.405099
0.396632
0.391715
0.425092
0.416432
0.385593
0.387556
0.38411
0.366755
0.379496
0.376875
0.369317
0.350686
0.349241
0.356278
0.37074
0.3856
0.366272
0.357122
0.349069
0.350483
0.349244
0.35763
0.366575
0.379535
0.390605
0.389451
0.405185
0.41041
0.377701
0.410399
0.411874
0.41167
0.411679
0.397331
0.414803
0.409984
0.395196
0.387368
0.375088
0.400305
0.383301
0.375907
0.361326
0.363041
0.361587
0.352955
0.352235
0.351329
0.357502
0.361386
0.351298
0.338692
0.345546
0.352086
0.357312
0.355881
0.378779
0.392022
0.369637
0.383716
0.373458
0.379459
0.384672
0.402792
0.400079
0.391089
0.383449
0.348172
0.376946
0.38381
0.3732
0.361233
0.355
0.352128
0.373168
0.35201
0.351681
0.355589
0.36685
0.386517
0.361864
0.355843
0.371379
0.37867
0.38607
0.424984
0.406759
0.388149
0.405463
0.374446
0.396194
0.377685
0.380378
0.383498
0.395665
0.407201
0.383291
0.39911
0.395755
0.431196
0.407363
0.424214
0.409393
0.427839
0.434439
0.420066
0.427074
0.456542
0.430067
0.446118
0.470315
0.389075
0.392398
0.415509
0.423602
0.392663
0.456449
0.41593
0.450801
0.471451
0.46825
0.407903
0.470179
0.503481
0.49612
0.473572
0.455145
0.426429
0.471841
0.511612
0.477177
0.479983
0.522063
0.484321
0.474921
0.434419
0.471202
0.433176
0.41541
0.433257
0.404504
0.385083
0.399264
0.407988
0.442621
0.435589
0.438643
0.463196
0.391284
0.374667
0.370728
0.394758
0.455787
0.427741
0.48945
0.417366
0.416929
0.449385
0.48824
0.484446
0.445268
0.42089
0.393675
0.380373
0.377795
0.384989
0.401838
0.43434
0.465538
0.365088
0.417768
0.424141
0.435255
0.451856
0.449332
0.435504
0.413408
0.430142
0.435154
0.440815
0.420337
0.428836
0.419375
0.404848
0.417609
0.432002
0.420499
0.429017
0.499897
0.437375
0.502907
0.458369
0.451824
0.491664
0.440904
0.452157
0.410688
0.380864
0.426024
0.445844
0.457473
0.470427
0.477148
0.479888
0.488754
0.526799
0.462783
0.440079
0.428826
0.443387
0.410726
0.423285
0.444985
0.42419
0.443203
0.442039
0.462902
0.502843
0.485493
0.509744
0.49075
0.397482
0.390706
0.4526
0.42979
0.454629
0.413114
0.429244
0.384835
0.452526
0.381466
0.376034
0.396465
0.365183
0.374932
0.363637
0.367949
0.402122
0.422346
0.431117
0.411476
0.422866
0.42762
0.439596
0.434232
0.414896
0.404443
0.39851
0.41606
0.386134
0.389902
0.38457
0.368627
0.375633
0.371429
0.38934
0.37664
0.366589
0.357055
0.356237
0.353655
0.352422
0.357642
0.35508
0.355827
0.359367
0.369715
0.38933
0.391002
0.405348
0.383454
0.373256
0.364174
0.360844
0.365485
0.355547
0.363943
0.379469
0.365055
0.383642
0.378044
0.368077
0.380227
0.378619
0.367701
0.353722
0.342974
0.360561
0.376741
0.380439
0.401511
0.382525
0.395089
0.384905
0.396559
0.399952
0.389755
0.38193
0.391461
0.39319
0.396345
0.400804
0.400406
0.358821
0.351543
0.377076
0.375282
0.389322
0.37744
0.394146
0.385253
0.402861
0.391894
0.396977
0.479308
0.417159
0.415054
0.427161
0.43418
0.403974
0.409249
0.408428
0.393203
0.373401
0.357992
0.359678
0.382908
0.507808
0.382717
0.36749
0.412978
0.363262
0.359892
0.366542
0.378879
0.371439
0.362985
0.370056
0.362792
0.368607
0.366402
0.352032
0.364041
0.363556
0.38075
0.394827
0.396296
0.399011
0.401635
0.376697
0.367782
0.357248
0.379384
0.380843
0.361918
0.37219
0.364028
0.378018
0.397931
0.394272
0.370309
0.38602
0.395722
0.387966
0.380492
0.388097
0.410216
0.395256
0.507921
0.446262
0.39388
0.419181
0.495734
0.483305
0.457088
0.471702
0.4936
0.46345
0.423634
0.419404
0.417598
0.451284
0.449936
0.41192
0.495828
0.52063
0.47971
0.48021
0.489458
0.499528
0.485459
0.447944
0.466414
0.482753
0.465055
0.426552
0.390288
0.35555
0.375137
0.469151
0.472377
0.4876
0.459648
0.445816
0.472277
0.489993
0.488226
0.477877
0.396935
0.389506
0.386187
0.371946
0.368465
0.358463
0.367174
0.360002
0.344144
0.349812
0.349811
0.346066
0.349319
0.362282
0.36923
0.363965
0.374048
0.364324
0.405979
0.410094
0.380617
0.374523
0.374688
0.398018
0.401111
0.413782
0.42902
0.405548
0.370091
0.38555
0.401635
0.38928
0.402017
0.396496
0.378302
0.383365
0.379009
0.405153
0.403002
0.389876
0.397665
0.405483
0.407062
0.412279
0.394273
0.402497
0.391429
0.389798
0.369707
0.396837
0.374794
0.37453
0.36815
0.378684
0.379691
0.388392
0.365318
0.352812
0.363551
0.351587
0.355132
0.347737
0.3435
0.347462
0.361507
0.349203
0.352063
0.344059
0.363974
0.381116
0.408276
0.404152
0.373872
0.399357
0.384683
0.380362
0.372329
0.360847
0.353973
0.349038
0.36197
0.347952
0.342069
0.361594
0.393905
0.369668
0.377744
0.368336
0.352041
0.362362
0.360029
0.34478
0.346036
0.354525
0.359874
0.359355
0.361547
0.382663
0.366461
0.364531
0.3621
0.354585
0.351834
0.345304
0.33725
0.349646
0.341642
0.342897
0.350577
0.350436
0.350698
0.34442
0.348711
0.341031
0.34236
0.357468
0.356263
0.361746
0.355466
0.363634
0.366387
0.367802
0.377997
0.409122
0.374971
0.37228
0.363887
0.354585
0.346114
0.357545
0.350094
0.364441
0.36676
0.380555
0.391992
0.397854
0.381103
0.41288
0.416841
0.414845
0.404206
0.422225
0.421119
0.410219
0.421937
0.417057
0.40291
0.422576
0.403155
0.428989
0.412459
0.392283
0.382105
0.380254
0.396183
0.376136
0.384387
0.394031
0.406856
0.418644
0.40577
0.385089
0.366265
0.365554
0.370492
0.406682
0.403737
0.397785
0.389439
0.3911
0.405118
0.394156
0.417229
0.366202
0.392035
0.39888
0.408906
0.377973
0.386382
0.425897
0.420063
0.418318
0.43862
0.455435
0.382891
0.402921
0.425304
0.41257
0.420469
0.442004
0.407368
0.413725
0.392745
0.423004
0.458583
0.435395
0.423456
0.468547
0.460161
0.461377
0.453996
0.453849
0.492298
0.508245
0.440374
0.440041
0.443916
0.469849
0.4756
0.507615
0.43973
0.453045
0.438141
0.42372
0.438691
0.443508
0.497377
0.501177
0.473063
0.497073
0.448819
0.44087
0.445417
0.441777
0.41962
0.423769
0.434369
0.428059
0.370188
0.452351
0.460295
0.45579
0.478864
0.470824
0.445041
0.444966
0.441287
0.414993
0.430175
0.42123
0.443801
0.43733
0.432759
0.441629
0.494325
0.479125
0.481323
0.444216
0.47378
0.476118
0.50645
0.497662
0.479379
0.436568
0.447888
0.522044
0.459826
0.487203
0.44747
0.463741
0.496839
0.563969
0.513105
0.494738
0.478688
0.429114
0.412985
0.413197
0.408369
0.397785
0.40913
0.401639
0.416379
0.420543
0.41439
0.416784
0.441969
0.450681
0.46332
0.456179
0.423596
0.418821
0.432065
0.472369
0.43971
0.490776
0.470303
0.499843
0.510832
0.507204
0.520401
0.501587
0.583984
0.578117
0.506135
0.419609
0.405378
0.41399
0.431418
0.399096
0.424773
0.402805
0.444704
0.443536
0.405627
0.436485
0.433231
0.401731
0.417771
0.426894
0.39515
0.372865
0.387895
0.418075
0.396743
0.416818
0.409088
0.433283
0.449334
0.4202
0.421255
0.419303
0.414854
0.410591
0.41365
0.421333
0.389192
0.414909
0.446708
0.432821
0.443762
0.408772
0.436566
0.437424
0.396114
0.421759
0.408905
0.399352
0.410342
0.443225
0.409405
0.440374
0.420611
0.419001
0.447171
0.439305
0.402522
0.386859
0.397303
0.387805
0.399877
0.374373
0.40996
0.409965
0.392309
0.389136
0.379129
0.384277
0.391406
0.392099
0.376465
0.33651
0.354038
0.398082
0.40479
0.383999
0.392321
0.398316
0.392799
0.378301
0.366197
0.351041
0.358262
0.359486
0.358638
0.373925
0.383118
0.386279
0.39432
0.369267
0.400494
0.429427
0.425657
0.421099
0.396879
0.393444
0.421446
0.363175
0.392557
0.386689
0.406212
0.392656
0.405094
0.402896
0.377318
0.381645
0.412141
0.434098
0.404581
0.430416
0.407025
0.437383
0.422667
0.423621
0.382349
0.400574
0.403232
0.385528
0.376432
0.375266
0.392922
0.401718
0.403352
0.379335
0.407857
0.388437
0.39419
0.390962
0.426179
0.410341
0.396217
0.392965
0.400501
0.407239
0.433281
0.384708
0.41912
0.433424
0.405763
0.405089
0.423672
0.421646
0.395359
0.372496
0.350312
0.358755
0.357014
0.351329
0.363666
0.355586
0.333653
0.350331
0.337635
0.343366
0.338827
0.33836
0.339628
0.360968
0.335216
0.342706
0.345943
0.343157
0.346743
0.360381
0.355438
0.370148
0.39112
0.387957
0.353871
0.370233
0.381502
0.385577
0.367891
0.360985
0.350831
0.351442
0.339622
0.351995
0.341139
0.333552
0.33732
0.33917
0.345733
0.350575
0.345957
0.344153
0.334677
0.34614
0.341549
0.342155
0.343381
0.342334
0.349543
0.359766
0.34888
0.34628
0.344763
0.349723
0.348538
0.347943
0.347886
0.351925
0.338908
0.330519
0.333692
0.334038
0.349807
0.344937
0.339713
0.345848
0.342949
0.339585
0.345195
0.347743
0.335097
0.3485
0.362482
0.364694
0.371672
0.369963
0.397162
0.393287
0.394982
0.377613
0.377009
0.376436
0.370522
0.376859
0.372884
0.386481
0.391345
0.380058
0.360945
0.363684
0.378346
0.402841
0.369141
0.37475
0.381992
0.374838
0.364141
0.365118
0.389757
0.37436
0.377616
0.3668
0.375399
0.384843
0.38905
0.388569
0.36104
0.350845
0.349614
0.353309
0.34207
0.344248
0.346885
0.33684
0.340832
0.342729
0.340258
0.343764
0.35307
0.349454
0.343928
0.349446
0.343428
0.348624
0.352145
0.356248
0.341508
0.343241
0.341111
0.340475
0.353157
0.337159
0.343742
0.339604
0.343835
0.351076
0.347011
0.350741
0.333547
0.339535
0.345094
0.351655
0.343608
0.347938
0.361281
0.361555
0.363446
0.370513
0.372031
0.363772
0.354696
0.354126
0.357582
0.35675
0.360116
0.371232
0.369127
0.358685
0.364699
0.377517
0.408098
0.398891
0.401442
0.430591
0.429864
0.398186
0.37562
0.382641
0.380401
0.377026
0.390922
0.408876
0.395592
0.408318
0.42683
0.436743
0.463772
0.439804
0.42133
0.42603
0.436662
0.431894
0.445664
0.384815
0.435792
0.422802
0.402053
0.375123
0.36397
0.365694
0.375019
0.375531
0.386346
0.401111
0.392461
0.377587
0.36024
0.354564
0.35509
0.362775
0.36138
0.35918
0.35305
0.361681
0.362191
0.381609
0.388952
0.405963
0.403598
0.398209
0.381234
0.374777
0.370795
0.374947
0.37335
0.378282
0.380884
0.378547
0.3984
0.408767
0.426556
0.415195
0.442158
0.479729
0.464143
0.441969
0.443198
0.484321
0.480626
0.481671
0.467587
0.451369
0.506145
0.535806
0.500314
0.492674
0.556788
0.473006
0.401529
0.417966
0.415106
0.384545
0.36036
0.396481
0.435191
0.437451
0.451973
0.421353
0.429243
0.38684
0.372903
0.393578
0.441382
0.462019
0.479508
0.466257
0.471476
0.407545
0.489513
0.4998
0.409481
0.392933
0.391432
0.381336
0.374307
0.369408
0.367315
0.361237
0.348872
0.351929
0.347102
0.346103
0.338803
0.345371
0.357428
0.354175
0.363541
0.353062
0.356289
0.360523
0.366476
0.374158
0.379361
0.379307
0.373842
0.401917
0.40742
0.392988
0.383337
0.400891
0.39605
0.382753
0.373243
0.380392
0.373757
0.383665
0.402547
0.42207
0.410643
0.447505
0.409227
0.415246
0.437167
0.374783
0.381879
0.392828
0.382887
0.417783
0.384473
0.38605
0.356151
0.382068
0.375803
0.37764
0.370461
0.377919
0.38441
0.403375
0.384527
0.376166
0.368687
0.353208
0.347921
0.34402
0.339896
0.346745
0.352047
0.34991
0.3369
0.357595
0.340619
0.342108
0.34449
0.341007
0.347619
0.348407
0.348462
0.355027
0.374354
0.388608
0.379515
0.38241
0.370483
0.369898
0.347952
0.343751
0.354299
0.336572
0.345253
0.357787
0.365519
0.353864
0.348774
0.356061
0.355985
0.355365
0.385115
0.400959
0.418951
0.434298
0.40785
0.396679
0.39161
0.423202
0.392919
0.405637
0.40478
0.409426
0.406644
0.383466
0.384881
0.395651
0.402733
0.389631
0.378752
0.396459
0.410124
0.408753
0.435789
0.416781
0.407912
0.405203
0.405568
0.408111
0.39788
0.395358
0.421956
0.392101
0.379032
0.394595
0.392599
0.405198
0.39216
0.39658
0.401437
0.395704
0.394769
0.394146
0.386982
0.374886
0.370492
0.410252
0.367751
0.411409
0.423134
0.409542
0.396968
0.388215
0.370913
0.371734
0.362205
0.392624
0.404935
0.42257
0.404116
0.416651
0.422233
0.476793
0.447225
0.449992
0.396831
0.392679
0.428476
0.411829
0.378716
0.363026
0.355763
0.387908
0.465673
0.423859
0.372115
0.395332
0.439956
0.468708
0.4652
0.447093
0.449361
0.444007
0.445795
0.411528
0.402153
0.441491
0.385528
0.425284
0.386463
0.41665
0.404873
0.412641
0.45752
0.460433
0.442778
0.432359
0.448862
0.460339
0.421881
0.48366
0.484562
0.44125
0.437686
0.465202
0.441024
0.39919
0.438658
0.467626
0.460888
0.489255
0.488066
0.461009
0.43021
0.461255
0.440231
0.417383
0.404024
0.380873
0.380299
0.387422
0.385483
0.379086
0.373228
0.380468
0.36118
0.376573
0.396452
0.409722
0.400511
0.385837
0.362419
0.359056
0.357981
0.354885
0.355867
0.341853
0.346872
0.362031
0.360177
0.363548
0.355969
0.360859
0.367802
0.384809
0.376008
0.364237
0.358585
0.350889
0.36308
0.371035
0.375694
0.380176
0.407217
0.389838
0.424595
0.397714
0.376494
0.43342
0.444559
0.44088
0.416573
0.424978
0.439811
0.485058
0.436395
0.423887
0.504064
0.41073
0.406032
0.411127
0.469259
0.490084
0.461367
0.510037
0.402811
0.395808
0.50182
0.458812
0.420554
0.4775
0.470327
0.428586
0.4793
0.466834
0.450123
0.463626
0.422668
0.440708
0.417296
0.440355
0.420097
0.415345
0.422409
0.412823
0.407519
0.411415
0.448832
0.478379
0.459998
0.539178
0.446893
0.487204
0.486393
0.537262
0.455753
0.488926
0.450996
0.480271
0.457198
0.472842
0.481539
0.479181
0.48465
0.512684
0.462998
0.499449
0.460662
0.560201
0.509546
0.580173
0.549363
0.576353
0.575459
0.563646
0.483059
0.406892
0.411839
0.417247
0.40415
0.46043
0.424001
0.396364
0.428571
0.396866
0.432563
0.468896
0.421545
0.448913
0.422867
0.406758
0.394607
0.384586
0.388415
0.400433
0.415728
0.435522
0.400928
0.460554
0.426287
0.409985
0.400026
0.415159
0.414854
0.405003
0.401837
0.434812
0.449471
0.436195
0.42353
0.431618
0.473342
0.429051
0.43534
0.40133
0.442892
0.417751
0.425195
0.419987
0.452615
0.493787
0.422667
0.419174
0.414174
0.445698
0.408584
0.394064
0.406667
0.406545
0.420921
0.407886
0.40779
0.432784
0.411161
0.393543
0.386704
0.356902
0.370242
0.370234
0.35915
0.36913
0.375473
0.380543
0.375603
0.368892
0.364985
0.389876
0.375698
0.400387
0.414147
0.383454
0.389179
0.413521
0.389342
0.441308
0.489261
0.466731
0.477275
0.46428
0.445383
0.479813
0.475772
0.482466
0.417126
0.420666
0.419881
0.40561
0.443842
0.448629
0.457071
0.396701
0.415223
0.41245
0.417277
0.47143
0.425379
0.427973
0.406488
0.376718
0.375575
0.363249
0.356639
0.36246
0.387536
0.394536
0.40341
0.382749
0.397089
0.384078
0.394243
0.37812
0.36497
0.37295
0.383268
0.403455
0.410167
0.404054
0.399228
0.436999
0.399065
0.404243
0.422359
0.444514
0.401018
0.40778
0.396842
0.390704
0.382508
0.370923
0.378741
0.354657
0.35911
0.374438
0.38996
0.404013
0.409526
0.401654
0.392587
0.367717
0.368987
0.385028
0.367801
0.425736
0.430401
0.414546
0.392361
0.423788
0.412138
0.402902
0.412967
0.431082
0.415364
0.407703
0.404392
0.409914
0.40465
0.427584
0.414499
0.398041
0.402562
0.379625
0.40187
0.442698
0.421553
0.448179
0.432059
0.448498
0.393819
0.444218
0.439329
0.41627
0.451013
0.47847
0.469398
0.47182
0.401528
0.453333
0.485944
0.436743
0.494601
0.470056
0.444592
0.397024
0.390073
0.452848
0.410451
0.466044
0.482424
0.423198
0.422808
0.452008
0.46254
0.476502
0.486922
0.473394
0.41348
0.387461
0.433929
0.415343
0.429401
0.376955
0.459173
0.404738
0.446759
0.406164
0.427805
0.407822
0.489632
0.502483
0.517742
0.498034
0.493672
0.480128
0.500705
0.461737
0.482612
0.412794
0.447433
0.376146
0.374555
0.446657
0.37386
0.498623
0.540403
0.48551
0.474732
0.439164
0.48724
0.474628
0.424932
0.411747
0.4223
0.426908
0.436395
0.444167
0.457906
0.430363
0.410899
0.385333
0.410718
0.418819
0.456405
0.469543
0.455232
0.449877
0.417507
0.425527
0.410412
0.391887
0.420772
0.453231
0.462097
0.430285
0.456787
0.395455
0.456303
0.420975
0.396574
0.387427
0.393521
0.373776
0.377676
0.400126
0.423802
0.456756
0.460703
0.460242
0.475769
0.449103
0.483583
0.452308
0.476379
0.498855
0.429981
0.440591
0.494288
0.426743
0.396718
0.411481
0.43748
0.433815
0.451168
0.446185
0.426908
0.461634
0.42842
0.395557
0.38966
0.38689
0.379203
0.402257
0.38024
0.383051
0.376633
0.373796
0.391201
0.407556
0.417877
0.389613
0.384618
0.37054
0.374585
0.384709
0.410778
0.425343
0.443386
0.438373
0.462832
0.398258
0.43176
0.391587
0.461119
0.454644
0.411164
0.462793
0.479254
0.4675
0.459877
0.414409
0.53152
0.554676
0.626493
0.587666
0.628732
0.589286
0.54456
0.549197
0.60078
0.512698
0.537258
0.550474
0.509564
0.465962
0.488716
0.468675
0.49498
0.53441
0.537084
0.502798
0.470055
0.453942
0.441819
0.436824
0.410893
0.414449
0.404672
0.418477
0.408846
0.425064
0.409802
0.395467
0.418112
0.433634
0.474648
0.475532
0.452671
0.424223
0.415723
0.422905
0.449763
0.443111
0.467324
0.480606
0.508845
0.4994
0.452505
0.46755
0.467182
0.474505
0.442814
0.430994
0.418953
0.416629
0.415258
0.409248
0.452595
0.429112
0.475879
0.475714
0.445247
0.458613
0.470067
0.487759
0.498297
0.438784
0.419586
0.432363
0.460243
0.430187
0.416419
0.422875
0.492457
0.443383
0.433956
0.456845
0.434743
0.448467
0.447272
0.433407
0.430956
0.41233
0.43476
0.430206
0.463282
0.441791
0.413354
0.48015
0.435021
0.424929
0.429531
0.449573
0.475482
0.447647
0.437252
0.438885
0.434572
0.430413
0.453748
0.437242
0.412413
0.410506
0.426528
0.404903
0.404857
0.432297
0.449386
0.477099
0.477586
0.488823
0.477726
0.480748
0.493356
0.501549
0.496856
0.501852
0.461819
0.50852
0.515649
0.484116
0.502878
0.506257
0.533912
0.480357
0.441078
0.402343
0.417615
0.413156
0.401563
0.44121
0.412367
0.432165
0.442347
0.404449
0.42591
0.403311
0.41906
0.375567
0.437115
0.457512
0.37546
0.383201
0.403199
0.441847
0.427177
0.442952
0.421626
0.43445
0.441384
0.497589
0.510089
0.437702
0.45741
0.496599
0.437229
0.45445
0.424274
0.407512
0.393871
0.394955
0.385947
0.399093
0.403455
0.4187
0.384683
0.407442
0.390715
0.428128
0.459612
0.423732
0.419605
0.456824
0.430486
0.41939
0.44648
0.412717
0.45873
0.46375
0.465471
0.477668
0.48415
0.514225
0.506009
0.473067
0.450777
0.451017
0.402558
0.380321
0.374574
0.36749
0.364742
0.376486
0.367652
0.362405
0.357657
0.359965
0.359215
0.35889
0.377724
0.367174
0.367615
0.367677
0.36727
0.36081
0.352551
0.369779
0.360893
0.369063
0.364619
0.376792
0.392012
0.392655
0.404863
0.430274
0.435145
0.473795
0.482092
0.448371
0.482161
0.513209
0.508329
0.512833
0.4852
0.485932
0.47265
0.462348
0.44802
0.444754
0.409654
0.444844
0.471628
0.480387
0.491176
0.48104
0.401504
0.437401
0.432114
0.434276
0.44823
0.378949
0.374601
0.444578
0.452029
0.433285
0.408276
0.406956
0.391463
0.464861
0.442736
0.445325
0.477078
0.457512
0.445225
0.380127
0.361706
0.367289
0.360446
0.373009
0.402432
0.40341
0.416459
0.441686
0.425544
0.417871
0.433646
0.428343
0.4306
0.441606
0.418843
0.41251
0.405835
0.414235
0.42139
0.417399
0.475601
0.472867
0.50371
0.449624
0.412657
0.420529
0.425588
0.410747
0.417576
0.423985
0.438095
0.502021
0.487797
0.490434
0.475409
0.504297
0.55286
0.564814
0.539256
0.494718
0.472114
0.500268
0.479885
0.490435
0.490533
0.498908
0.546831
0.518738
0.533038
0.588814
0.601894
0.583198
0.543724
0.529912
0.537736
0.494635
0.533278
0.4659
0.502304
0.546271
0.496386
0.535847
0.500002
0.497748
0.480989
0.466712
0.514996
0.430342
0.409663
0.525707
0.521799
0.448036
0.481199
0.514538
0.525074
0.468672
0.437713
0.459371
0.446797
0.473632
0.486728
0.455954
0.448132
0.512452
0.530282
0.500258
0.497178
0.516389
0.449534
0.445951
0.468907
0.491848
0.427132
0.447627
0.472909
0.463248
0.393353
0.455929
0.420128
0.431854
0.433267
0.421908
0.405034
0.404306
0.395377
0.415332
0.442427
0.386018
0.402557
0.395822
0.400525
0.427759
0.405473
0.395673
0.40852
0.41907
0.448136
0.437391
0.423215
0.446778
0.453383
0.446789
0.510464
0.492963
0.51394
0.542386
0.503005
0.51984
0.435857
0.436604
0.5302
0.49516
0.454688
0.452357
0.425944
0.422553
0.468376
0.40611
0.47105
0.532603
0.418915
0.430634
0.3832
0.392715
0.455581
0.491159
0.459
0.396757
0.475128
0.501183
0.487482
0.510802
0.428052
0.456423
0.398239
0.405428
0.40492
0.471256
0.439535
0.395047
0.441343
0.471585
0.441235
0.445684
0.456325
0.401622
0.433289
0.457063
0.445618
0.438766
0.438142
0.427162
0.453518
0.489695
0.447434
0.444226
0.410919
0.434166
0.442069
0.461785
0.47179
0.497734
0.454673
0.403733
0.427467
0.444478
0.455842
0.497345
0.532714
0.475998
0.50529
0.439535
0.519261
0.447442
0.49758
0.499946
0.426166
0.400902
0.399591
0.468826
0.52073
0.500777
0.504609
0.474244
0.499501
0.480433
0.452298
0.475193
0.493084
0.508577
0.534923
0.452884
0.471547
0.521876
0.506114
0.474844
0.501343
0.448163
0.433528
0.402436
0.468235
0.439871
0.418996
0.424423
0.503067
0.482584
0.38334
0.485052
0.465427
0.463323
0.465607
0.483108
0.48926
0.531225
0.486768
0.533396
0.471317
0.423894
0.423153
0.419436
0.404184
0.376698
0.375491
0.370225
0.36209
0.35297
0.355771
0.353992
0.365186
0.364607
0.374868
0.371753
0.389766
0.37805
0.426034
0.397159
0.396534
0.403955
0.391537
0.451969
0.434914
0.450578
0.468577
0.475816
0.466842
0.453454
0.460707
0.434193
0.397199
0.417848
0.446766
0.393115
0.437868
0.42919
0.421277
0.411277
0.365241
0.408597
0.466129
0.362317
0.399274
0.42743
0.422431
0.474732
0.386089
0.375083
0.489756
0.457238
0.491957
0.454771
0.420363
0.462402
0.436761
0.450506
0.466962
0.387918
0.37062
0.420722
0.432787
0.465948
0.457709
0.432279
0.44698
0.429544
0.447547
0.459852
0.423993
0.39472
0.369435
0.379017
0.397371
0.383612
0.379675
0.371193
0.367432
0.369419
0.371433
0.380546
0.372764
0.397378
0.434706
0.463019
0.475774
0.453935
0.461253
0.518016
0.504083
0.482621
0.504211
0.521612
0.484865
0.548885
0.49741
0.490765
0.542923
0.523032
0.494815
0.51625
0.487647
0.508173
0.488333
0.538438
0.491627
0.472818
0.521466
0.529329
0.477979
0.520975
0.557493
0.543768
0.520961
0.511604
0.506989
0.49595
0.5812
0.588057
0.557852
0.588494
0.556146
0.531025
0.522867
0.540434
0.413683
0.434511
0.421178
0.414536
0.366581
0.369736
0.350978
0.370449
0.383698
0.377916
0.395746
0.432941
0.408485
0.431394
0.411062
0.391711
0.36976
0.365823
0.383778
0.391317
0.388176
0.400885
0.402758
0.404605
0.39188
0.402722
0.403285
0.435029
0.43449
0.406437
0.394332
0.391186
0.441007
0.438056
0.437642
0.39019
0.410389
0.423811
0.426946
0.4427
0.430769
0.419749
0.403055
0.404886
0.399664
0.443176
0.460673
0.450181
0.423559
0.429511
0.424052
0.457331
0.462214
0.421943
0.408439
0.431363
0.373906
0.414359
0.373462
0.401888
0.421583
0.398725
0.444949
0.420011
0.396697
0.380868
0.446236
0.448031
0.441253
0.424635
0.413608
0.410669
0.41227
0.413844
0.387592
0.391952
0.388608
0.398059
0.386059
0.401301
0.416626
0.396138
0.379576
0.370014
0.376268
0.368621
0.376339
0.365903
0.354993
0.349164
0.348195
0.3408
0.347945
0.349037
0.343506
0.348455
0.363179
0.361825
0.371146
0.387972
0.399504
0.41967
0.398885
0.388656
0.38439
0.351157
0.354817
0.354328
0.365977
0.34638
0.36522
0.368656
0.384734
0.391264
0.402385
0.402913
0.418437
0.409009
0.429887
0.423994
0.39486
0.375363
0.526163
0.46353
0.404893
0.372621
0.374006
0.37214
0.368646
0.358676
0.367605
0.372123
0.368063
0.36578
0.352978
0.355919
0.355688
0.353946
0.367604
0.381399
0.374412
0.381561
0.38313
0.362922
0.354742
0.358635
0.371994
0.354352
0.357243
0.363677
0.375849
0.418131
0.411578
0.402471
0.428146
0.444444
0.421847
0.449051
0.465128
0.436202
0.416812
0.432444
0.440261
0.412463
0.477417
0.454987
0.471287
0.50912
0.423775
0.38614
0.450864
0.449423
0.433772
0.423247
0.450581
0.413819
0.420641
0.406751
0.400362
0.387671
0.374872
0.379101
0.379733
0.364144
0.365001
0.363105
0.366362
0.385151
0.391117
0.374704
0.377173
0.387843
0.386407
0.380051
0.384493
0.381733
0.397864
0.395821
0.363113
0.403185
0.427627
0.432157
0.431399
0.432128
0.428734
0.445438
0.436217
0.432043
0.418904
0.427419
0.430246
0.383229
0.362937
0.355777
0.355003
0.366206
0.380649
0.407293
0.419326
0.369069
0.404973
0.429399
0.39454
0.434275
0.416883
0.386193
0.387804
0.38447
0.370095
0.365729
0.347325
0.34795
0.34109
0.34901
0.35057
0.34815
0.342124
0.345336
0.336684
0.347891
0.359556
0.354331
0.344421
0.34264
0.364901
0.364012
0.344405
0.34712
0.360615
0.363171
0.389146
0.384287
0.403721
0.382229
0.371729
0.356696
0.347489
0.353744
0.345847
0.357859
0.371663
0.375954
0.366926
0.3621
0.361959
0.400621
0.418343
0.430851
0.443378
0.365757
0.435339
0.44211
0.408488
0.412528
0.40088
0.44289
0.449342
0.442162
0.468291
0.41466
0.412012
0.400006
0.423146
0.428752
0.48762
0.483448
0.42317
0.505248
0.521457
0.514768
0.458194
0.475458
0.601436
0.591618
0.60173
0.59674
0.577815
0.587659
0.575934
0.569267
0.53072
0.511888
0.553822
0.545949
0.579413
0.541358
0.551541
0.550148
0.539518
0.523473
0.552938
0.514026
0.516907
0.534071
0.49143
0.518859
0.488575
0.439926
0.476264
0.519657
0.519806
0.543418
0.518588
0.518897
0.474015
0.468589
0.432
0.431474
0.464936
0.512765
0.524936
0.525668
0.522628
0.522275
0.521524
0.510581
0.435547
0.451543
0.433079
0.464798
0.535514
0.545261
0.487348
0.459532
0.528401
0.540092
0.510117
0.493622
0.432179
0.491615
0.516064
0.459813
0.449304
0.510108
0.50522
0.505716
0.503272
0.52615
0.532282
0.519806
0.532956
0.538111
0.55121
0.554546
0.529444
0.531952
0.526998
0.481365
0.414525
0.411261
0.406875
0.391086
0.413411
0.399784
0.423078
0.412529
0.40607
0.400813
0.428509
0.408417
0.416379
0.416253
0.413158
0.409682
0.4181
0.369898
0.3945
0.418172
0.423383
0.438491
0.41328
0.453108
0.452607
0.486786
0.497586
0.437206
0.477331
0.466806
0.449552
0.423693
0.44529
0.44461
0.430719
0.426902
0.439598
0.417775
0.464089
0.472546
0.510285
0.509495
0.501515
0.436927
0.451212
0.453188
0.426153
0.503435
0.493671
0.503579
0.536639
0.517898
0.479236
0.418539
0.412033
0.414187
0.451902
0.411386
0.438829
0.50761
0.52881
0.518931
0.515874
0.503648
0.513524
0.433439
0.47577
0.444575
0.511079
0.52351
0.475371
0.481922
0.492528
0.45147
0.52765
0.531966
0.50352
0.434927
0.429817
0.426969
0.488662
0.498327
0.397526
0.39827
0.429645
0.511192
0.529993
0.537043
0.516938
0.530568
0.481004
0.470504
0.493714
0.513386
0.495109
0.506295
0.516731
0.505986
0.467978
0.492338
0.536834
0.524559
0.54218
0.487147
0.544331
0.540183
0.48749
0.526118
0.537006
0.504025
0.496463
0.48711
0.457487
0.428071
0.430319
0.433118
0.455887
0.448986
0.44761
0.441426
0.466686
0.505133
0.516463
0.501096
0.457875
0.475849
0.54131
0.557339
0.508092
0.437415
0.494906
0.4173
0.437537
0.447195
0.444732
0.439197
0.450288
0.47686
0.477077
0.525278
0.419288
0.463633
0.488794
0.477981
0.449752
0.430836
0.44007
0.46434
0.454947
0.43666
0.483379
0.456954
0.474894
0.412659
0.525396
0.438774
0.459772
0.411767
0.456211
0.447544
0.423893
0.438033
0.436484
0.420818
0.383879
0.386304
0.396937
0.369052
0.36459
0.365382
0.377353
0.374323
0.377406
0.37712
0.396197
0.394097
0.393059
0.402781
0.378706
0.399268
0.397837
0.419343
0.398329
0.380627
0.376777
0.382193
0.399867
0.387018
0.382705
0.388248
0.389273
0.412174
0.38135
0.394865
0.399469
0.367794
0.364177
0.373271
0.387686
0.376238
0.390889
0.388671
0.389726
0.413763
0.411457
0.403743
0.397714
0.399161
0.446643
0.481734
0.449643
0.415704
0.422273
0.42656
0.423566
0.420464
0.444984
0.4408
0.413882
0.438105
0.393646
0.434366
0.419442
0.400671
0.437424
0.404807
0.383037
0.410067
0.433665
0.422638
0.463461
0.449041
0.443854
0.446808
0.422981
0.441162
0.467773
0.479624
0.480676
0.470796
0.434228
0.423914
0.390411
0.42564
0.483953
0.482624
0.477573
0.467245
0.514868
0.482157
0.47938
0.480172
0.471417
0.465109
0.451172
0.436008
0.442041
0.467599
0.460016
0.459217
0.453339
0.448562
0.4919
0.507791
0.47605
0.455995
0.46944
0.493756
0.431103
0.464687
0.486359
0.440056
0.473239
0.459433
0.430469
0.398118
0.400783
0.38537
0.397384
0.431483
0.463366
0.439428
0.453744
0.413069
0.420314
0.437348
0.415198
0.409123
0.43009
0.432887
0.451821
0.469607
0.458931
0.465067
0.476062
0.465975
0.457883
0.405339
0.457796
0.41177
0.49134
0.495752
0.467918
0.450131
0.445256
0.460353
0.464046
0.449489
0.486939
0.471365
0.473472
0.501425
0.454409
0.445203
0.475228
0.457534
0.484409
0.510422
0.476224
0.485984
0.471845
0.453298
0.48209
0.466991
0.44519
0.429275
0.399867
0.400855
0.405146
0.420171
0.434226
0.442799
0.418295
0.403456
0.386513
0.395484
0.377521
0.371819
0.376602
0.387173
0.409033
0.433894
0.469012
0.47377
0.487557
0.496569
0.497266
0.484851
0.472702
0.431463
0.486006
0.462281
0.452443
0.471639
0.457555
0.424037
0.437683
0.437926
0.416904
0.433924
0.462972
0.492762
0.523751
0.542362
0.53858
0.592162
0.575484
0.546485
0.564109
0.603142
0.563156
0.559819
0.523215
0.392681
0.399972
0.368396
0.380973
0.426735
0.407648
0.36443
0.365554
0.37458
0.380083
0.378382
0.374628
0.360366
0.358861
0.347888
0.355671
0.354501
0.371999
0.411278
0.402539
0.384026
0.363455
0.348075
0.356554
0.352436
0.351986
0.350687
0.341564
0.350869
0.346785
0.354077
0.359475
0.355861
0.341215
0.338927
0.349282
0.356853
0.346472
0.350649
0.349629
0.346052
0.34084
0.342048
0.363789
0.366052
0.342575
0.349138
0.35237
0.362876
0.361908
0.383836
0.400668
0.396133
0.392946
0.377668
0.38345
0.372774
0.357406
0.360024
0.363388
0.36388
0.364149
0.378051
0.390351
0.40003
0.398834
0.391864
0.378248
0.366456
0.370168
0.362289
0.37419
0.414851
0.434604
0.444
0.441103
0.439117
0.4536
0.425834
0.419588
0.458474
0.445689
0.411071
0.436949
0.427414
0.440677
0.448417
0.434013
0.412504
0.402531
0.409746
0.421018
0.462429
0.459603
0.469599
0.445081
0.414267
0.40084
0.443163
0.425123
0.40848
0.421302
0.430072
0.453159
0.414135
0.429881
0.435358
0.436113
0.41897
0.391258
0.411148
0.417429
0.452904
0.472282
0.501177
0.489887
0.501984
0.492039
0.502421
0.492756
0.541786
0.486645
0.523834
0.516544
0.559395
0.512276
0.516439
0.519113
0.520911
0.534554
0.477696
0.544266
0.511739
0.444646
0.415899
0.409354
0.409121
0.422965
0.490189
0.450158
0.478827
0.483322
0.456265
0.500799
0.480811
0.475468
0.532568
0.54822
0.564073
0.500125
0.511121
0.482154
0.504546
0.4734
0.528022
0.483032
0.474412
0.445047
0.456353
0.467825
0.493987
0.510833
0.500272
0.511561
0.491215
0.477243
0.506275
0.458006
0.485216
0.485142
0.429832
0.453128
0.438542
0.445108
0.477443
0.458035
0.45038
0.455058
0.498108
0.464788
0.426627
0.379763
0.395202
0.452529
0.468952
0.496018
0.488806
0.452528
0.423014
0.5246
0.498574
0.471348
0.483678
0.464794
0.46955
0.462096
0.443106
0.439183
0.464128
0.453437
0.42067
0.446045
0.440685
0.43628
0.409758
0.406529
0.40886
0.438195
0.451297
0.515851
0.44399
0.408722
0.482563
0.504298
0.485913
0.498332
0.534492
0.550683
0.542162
0.526834
0.524499
0.465434
0.50432
0.498992
0.522685
0.535107
0.466659
0.446515
0.429602
0.441483
0.443197
0.453197
0.507119
0.50805
0.47521
0.506295
0.508749
0.520234
0.503372
0.505291
0.538399
0.472086
0.469776
0.501833
0.518841
0.503529
0.526791
0.486925
0.48567
0.488973
0.470529
0.54642
0.523492
0.549249
0.480942
0.517758
0.478887
0.450185
0.441299
0.454867
0.494032
0.563236
0.497543
0.503516
0.490253
0.517919
0.544555
0.551357
0.570241
0.511917
0.511106
0.460753
0.50084
0.462103
0.457912
0.432117
0.416721
0.42022
0.459014
0.401128
0.380413
0.375111
0.376714
0.366655
0.377482
0.380357
0.380313
0.386032
0.398092
0.394277
0.403162
0.423191
0.402868
0.390099
0.387519
0.395262
0.381538
0.391493
0.400584
0.396853
0.444633
0.451713
0.470111
0.459127
0.399422
0.394818
0.385036
0.395538
0.389814
0.397764
0.384966
0.387128
0.390706
0.403645
0.420682
0.404385
0.410618
0.413769
0.407205
0.382329
0.372353
0.382529
0.378865
0.397364
0.388362
0.40802
0.393299
0.394134
0.413586
0.436907
0.409654
0.409229
0.427719
0.425955
0.409709
0.421087
0.410722
0.437478
0.430085
0.428096
0.429863
0.425891
0.418969
0.397633
0.386188
0.381233
0.369456
0.359819
0.376211
0.406897
0.403714
0.385943
0.373973
0.365988
0.379817
0.401031
0.428518
0.433391
0.421084
0.42228
0.405433
0.406052
0.390749
0.377694
0.366054
0.359461
0.379105
0.36152
0.355846
0.359569
0.362134
0.365542
0.372294
0.361129
0.361196
0.37554
0.35685
0.354925
0.367998
0.360394
0.363841
0.376634
0.391215
0.396856
0.400976
0.3967
0.389984
0.367825
0.363242
0.361111
0.345216
0.356368
0.368378
0.359714
0.352397
0.357572
0.359739
0.356864
0.36359
0.362523
0.366559
0.371446
0.370541
0.36507
0.360726
0.353545
0.361658
0.388937
0.377028
0.391782
0.391364
0.383601
0.393851
0.391945
0.392184
0.405368
0.421358
0.449532
0.464602
0.490502
0.506832
0.462135
0.412308
0.42552
0.418593
0.440736
0.390916
0.385634
0.393766
0.386889
0.384597
0.370955
0.378227
0.391993
0.400837
0.396522
0.398983
0.423073
0.423598
0.388176
0.392115
0.383615
0.406593
0.379079
0.405529
0.426273
0.4121
0.438436
0.463645
0.454201
0.406529
0.441791
0.446355
0.47937
0.492498
0.510234
0.45781
0.412745
0.399997
0.410567
0.396375
0.395598
0.402182
0.399371
0.399628
0.383134
0.412785
0.417324
0.420331
0.43654
0.454078
0.464265
0.450157
0.407808
0.43092
0.410562
0.446499
0.409362
0.408503
0.390048
0.399074
0.396366
0.383336
0.389792
0.384926
0.416266
0.38761
0.378173
0.379625
0.392267
0.450271
0.37429
0.371037
0.385295
0.386248
0.388056
0.404871
0.403819
0.39294
0.384771
0.388325
0.373941
0.423309
0.427182
0.395762
0.37786
0.38511
0.378402
0.382643
0.36718
0.380447
0.388403
0.384439
0.406657
0.429102
0.479697
0.476528
0.450239
0.414914
0.381461
0.433657
0.437298
0.385692
0.401427
0.477178
0.437524
0.459258
0.436454
0.45993
0.402367
0.397858
0.423779
0.381524
0.381702
0.394113
0.401926
0.403705
0.424209
0.391944
0.375143
0.394855
0.391054
0.393527
0.390571
0.376161
0.384094
0.389358
0.39706
0.401648
0.382719
0.398549
0.391519
0.368783
0.371563
0.366885
0.366135
0.367153
0.36559
0.372439
0.374537
0.374426
0.369585
0.372102
0.363931
0.354801
0.370531
0.360084
0.358026
0.357818
0.365339
0.361662
0.361314
0.367502
0.355899
0.358711
0.354238
0.362141
0.377442
0.364332
0.362726
0.376134
0.370116
0.373459
0.357094
0.354504
0.357756
0.358659
0.357862
0.3646
0.358495
0.365056
0.354611
0.358711
0.350936
0.35183
0.360786
0.357539
0.358903
0.352391
0.365951
0.360393
0.360587
0.36365
0.365127
0.355252
0.361218
0.362417
0.35823
0.372168
0.358234
0.369997
0.357914
0.353146
0.36392
0.354815
0.359141
0.358721
0.3637
0.358781
0.374404
0.387478
0.359927
0.362098
0.383499
0.381531
0.379287
0.364435
0.371317
0.369416
0.356219
0.360285
0.356544
0.360425
0.364146
0.380606
0.397513
0.409665
0.417455
0.42139
0.416484
0.395356
0.388477
0.409404
0.405681
0.397364
0.410665
0.396194
0.399529
0.418197
0.426011
0.414085
0.390098
0.380944
0.377517
0.373404
0.36164
0.367731
0.384574
0.386816
0.363866
0.387282
0.377482
0.422531
0.459557
0.408397
0.409523
0.376488
0.355396
0.373354
0.379518
0.391937
0.398709
0.414864
0.395982
0.402472
0.394918
0.399281
0.388749
0.379722
0.387951
0.396986
0.385999
0.388354
0.404739
0.37649
0.37154
0.359646
0.375411
0.375973
0.357278
0.355503
0.36215
0.374976
0.397093
0.457096
0.387741
0.36827
0.358374
0.370391
0.365506
0.377956
0.379331
0.373173
0.390534
0.407652
0.401528
0.430047
0.42513
0.439787
0.46235
0.437715
0.422954
0.401716
0.409452
0.411649
0.382109
0.365628
0.359544
0.364972
0.366001
0.368834
0.371241
0.376152
0.393757
0.388641
0.434497
0.393159
0.393717
0.370318
0.364643
0.367703
0.368579
0.363893
0.362207
0.361952
0.357032
0.358523
0.361121
0.357654
0.35384
0.352674
0.353719
0.349744
0.365582
0.386607
0.389253
0.389298
0.387123
0.469234
0.483098
0.422109
0.408342
0.388482
0.397647
0.392453
0.384325
0.401253
0.386141
0.384029
0.389083
0.407305
0.412367
0.42669
0.412974
0.390815
0.402943
0.395422
0.421904
0.42139
0.419154
0.419644
0.407698
0.416571
0.423764
0.401474
0.401813
0.427584
0.392614
0.41288
0.393119
0.39045
0.383731
0.370667
0.380879
0.391275
0.393891
0.381639
0.386938
0.408115
0.389735
0.398869
0.395792
0.395745
0.386833
0.387085
0.378638
0.374766
0.39185
0.367757
0.366897
0.370738
0.366663
0.3891
0.367724
0.359052
0.364486
0.364367
0.369611
0.373139
0.373076
0.383974
0.382973
0.390526
0.366867
0.366335
0.363434
0.375615
0.367311
0.382069
0.387165
0.390429
0.386235
0.385215
0.398658
0.397479
0.447518
0.43735
0.41286
0.444681
0.434102
0.440381
0.427446
0.401675
0.420823
0.437486
0.388521
0.372646
0.423065
0.479254
0.451688
0.523335
0.553442
0.558057
0.487653
0.560443
0.453641
0.399254
0.3841
0.393692
0.396914
0.510878
0.4606
0.501108
0.461941
0.449947
0.372493
0.362061
0.360256
0.356657
0.354793
0.36265
0.364998
0.362327
0.350282
0.365369
0.37412
0.415488
0.362967
0.427413
0.433412
0.40374
0.408187
0.39306
0.386719
0.425725
0.416714
0.401469
0.448656
0.420191
0.396204
0.40602
0.436175
0.405825
0.399969
0.404595
0.43216
0.416954
0.377572
0.383191
0.37572
0.394907
0.399287
0.384417
0.390181
0.391438
0.37671
0.384749
0.407692
0.387355
0.378596
0.382462
0.372084
0.368024
0.38371
0.381125
0.396669
0.394852
0.38557
0.393977
0.392503
0.383137
0.396897
0.391139
0.384702
0.381015
0.383422
0.410077
0.381242
0.397115
0.401528
0.3758
0.407601
0.408172
0.40193
0.406819
0.382107
0.41013
0.376815
0.387485
0.380971
0.372247
0.418351
0.407741
0.396965
0.394488
0.406296
0.416516
0.371913
0.383948
0.388151
0.400231
