0.501279
0.477079
0.468454
0.444873
0.418405
0.385345
0.369313
0.393059
0.362762
0.427028
0.40194
0.406309
0.351074
0.432187
0.395036
0.435149
0.403896
0.435229
0.403717
0.416567
0.408994
0.384038
0.417175
0.40422
0.409708
0.42244
0.385965
0.377602
0.371111
0.389873
0.371282
0.367721
0.397958
0.399417
0.396231
0.473399
0.404706
0.412437
0.39016
0.412784
0.454314
0.404575
0.388811
0.358754
0.378697
0.419296
0.420515
0.382518
0.379205
0.368791
0.396152
0.414334
0.469058
0.389259
0.363263
0.384566
0.364942
0.387514
0.366339
0.375867
0.366781
0.365278
0.369646
0.388322
0.364037
0.369897
0.398539
0.439286
0.378066
0.368574
0.384906
0.39269
0.38396
0.370142
0.361022
0.377265
0.394045
0.426547
0.41427
0.390535
0.458408
0.421331
0.408327
0.432662
0.444678
0.368808
0.375168
0.373476
0.383406
0.377565
0.374396
0.385223
0.404724
0.428961
0.44333
0.37151
0.411016
0.413783
0.425457
0.36081
0.39723
0.409867
0.363806
0.406758
0.401823
0.451376
0.41814
0.420162
0.403151
0.386541
0.373489
0.375738
0.393928
0.366292
0.406799
0.464297
0.383309
0.380983
0.39768
0.410376
0.419788
0.411159
0.420165
0.518993
0.420894
0.405017
0.403738
0.381993
0.438059
0.40245
0.426366
0.415354
0.464724
0.45136
0.396038
0.390504
0.423275
0.467071
0.380437
0.376305
0.386924
0.4432
0.43025
0.435124
0.381939
0.391429
0.427375
0.386129
0.362128
0.380651
0.40897
0.452409
0.466052
0.418915
0.388454
0.396909
0.35066
0.363235
0.351402
0.393051
0.415453
0.395257
0.375172
0.38803
0.406049
0.423717
0.403276
0.472228
0.415934
0.410384
0.401816
0.447293
0.433608
0.423899
0.474385
0.438757
0.42493
0.464016
0.471932
0.446834
0.456913
0.439308
0.431178
0.480686
0.400862
0.379594
0.412303
0.385342
0.407039
0.484127
0.482463
0.416661
0.438344
0.46607
0.364178
0.398597
0.466552
0.466586
0.494882
0.412794
0.392886
0.389626
0.409595
0.36798
0.375059
0.386169
0.384473
0.40098
0.409456
0.399651
