0.503563
0.55028
0.581512
0.57972
0.585933
0.525687
0.475116
0.457916
0.468027
0.530061
0.528837
0.457091
0.498674
0.45413
0.427647
0.502619
0.499412
0.446864
0.514488
0.48155
0.521323
0.464193
0.462702
0.431118
0.434004
0.495833
0.481001
0.506993
0.486118
0.50525
0.501523
0.486987
0.505581
0.471093
0.465452
0.486818
0.41758
0.49099
0.507716
0.496771
0.450272
0.481738
0.471362
0.459067
0.473613
0.490368
0.487827
0.488177
0.496776
0.445129
0.458464
0.459839
0.481262
0.478963
0.488049
0.457298
0.489083
0.473939
0.468882
0.465722
0.451164
0.437329
0.453317
0.420751
0.439551
0.487553
0.485994
0.470951
0.481224
0.440958
0.443617
0.464352
0.439011
0.4547
0.447771
0.481161
0.412943
0.435543
0.466748
0.4886
0.451401
0.467477
0.433341
0.421507
0.482213
0.426058
0.477862
0.427851
0.420782
0.38449
0.369807
0.417836
0.383423
0.414891
0.413929
0.417738
0.445131
0.49545
0.446729
0.497049
0.44904
0.415867
0.393496
0.405662
0.414908
0.400731
0.413911
0.416035
0.413919
0.395975
0.377813
0.397694
0.395403
0.403739
0.421106
0.392501
0.392017
0.415495
0.405252
0.417909
0.38876
0.371179
0.382817
0.38506
0.421928
0.40287
0.372855
0.372188
0.355373
0.373598
0.377322
0.367326
0.352077
0.346376
0.350531
0.350341
0.353022
0.363824
0.374448
0.376309
0.389571
0.37995
0.381659
0.393114
0.386984
0.366398
0.353431
0.358207
0.351295
0.350761
0.368968
0.365811
0.369248
0.362507
0.376783
0.366013
0.397446
0.400044
0.383651
0.372584
0.38794
0.402509
0.38093
0.373338
0.38488
0.390247
0.39925
0.38057
0.403975
0.398881
0.402903
0.39532
0.388662
0.420764
0.41609
0.41671
0.395427
0.37303
0.372162
0.374173
0.357568
0.344623
0.359858
0.372057
0.371554
0.382643
0.389808
0.373641
0.379933
0.350105
0.347386
0.346521
0.351097
0.352995
0.3452
0.338895
0.350761
0.35689
0.368021
0.380479
0.396185
0.412779
0.458917
0.475574
0.46418
0.389325
0.411779
0.448583
0.433174
0.432745
0.378455
0.434901
0.38798
0.409347
0.418854
0.419594
0.4382
0.402066
0.401242
0.376777
0.393167
0.42118
0.408845
0.42573
0.403022
0.417185
0.42394
0.452084
0.443386
0.455686
0.435909
0.412333
0.410246
0.476814
0.459729
0.472876
0.496591
0.456047
0.504962
0.495057
0.427647
0.425903
0.376348
0.391076
0.385576
0.468544
0.426113
0.462626
0.431416
0.420868
0.393948
0.379674
0.369916
0.393975
0.411418
0.425002
0.423854
0.384973
0.414006
0.433665
0.40567
0.39883
0.382027
0.387178
0.372115
0.380136
0.39694
0.396631
0.375997
0.387311
0.396023
0.398691
0.373577
0.414581
0.436913
0.383789
0.398372
0.413312
0.403326
0.382991
0.414068
0.413235
0.400089
0.420715
0.418838
0.439588
0.418128
0.427851
0.404398
0.417179
0.402782
0.396173
0.389316
0.382
0.364568
0.366703
0.35826
0.359673
0.34305
0.343077
0.339039
0.339411
0.333086
0.340584
0.342016
0.345333
0.353943
0.375253
0.368604
0.355379
0.343254
0.341816
0.33983
0.348673
0.344445
0.35893
0.364155
0.36697
0.3558
0.357884
0.38287
0.413732
0.435801
0.499756
0.473943
0.458658
0.462508
0.471273
0.460705
0.469496
0.47115
0.476187
0.446588
0.44378
0.387907
0.452274
0.412694
0.402106
0.434967
0.40059
0.424995
0.404125
0.434316
0.416373
0.441073
0.402878
0.414396
0.410478
0.388242
0.369318
0.367634
0.35968
0.382851
0.377676
0.37053
0.391635
0.368928
0.382765
0.3924
0.406378
0.395159
0.387238
0.40397
0.403469
0.434569
0.441143
0.429286
0.399074
0.409044
0.462528
0.470069
0.407536
0.439587
0.529354
0.468708
0.442734
0.428266
0.454737
0.437559
0.421448
0.417886
0.420389
0.416241
0.403733
0.406857
0.432602
0.440675
0.420491
0.434685
0.423762
0.404773
0.383805
0.379848
0.358402
0.372806
0.392622
0.395902
0.397973
0.393922
0.411761
0.402483
0.398395
0.38767
0.429256
0.421305
0.441347
0.432046
0.405049
0.430924
0.42039
0.378861
0.398713
0.430677
0.447656
0.459977
0.470126
0.425831
0.472527
0.479696
0.419835
0.374786
0.383606
0.414105
0.397234
0.406236
0.420868
0.399495
0.432679
0.441503
0.45031
0.451705
0.511218
0.461906
0.433463
0.447008
0.399562
0.39014
0.355365
0.352329
0.385607
0.403373
0.414533
0.448299
0.413579
0.379741
0.393805
0.393252
0.38389
0.398626
0.426668
0.465764
0.428657
0.38988
0.368814
0.370824
0.402695
0.48132
0.415725
0.392259
0.484722
0.42841
0.44314
0.485964
0.487301
0.427443
0.422736
0.440619
0.445049
0.424005
0.433849
0.436816
0.429995
0.394236
0.396821
0.407707
0.4004
0.391734
0.369869
0.351059
0.361573
0.379996
0.402893
0.39528
0.407588
0.41823
0.419468
0.391567
0.395669
0.37477
0.347983
0.365923
0.434537
0.416671
0.484746
0.407022
0.410038
0.385039
0.454413
0.407736
0.441645
0.425185
0.470619
0.440987
0.397746
0.410119
0.380157
0.366327
0.358174
0.357011
0.355307
0.351772
0.356791
0.36338
0.384432
0.397697
0.410759
0.404174
0.394103
0.391586
0.366717
0.35471
0.355577
0.360411
0.373221
0.377413
0.386642
0.424285
0.420503
0.404465
0.41982
0.43034
0.375161
0.377063
0.386179
0.422829
0.440421
0.433139
0.402994
0.387119
0.373248
0.399817
0.39459
0.399142
0.417147
0.42494
0.441801
0.455137
0.439392
0.46376
0.371291
0.454883
0.419572
0.450048
0.45923
0.4091
0.395958
0.362595
0.356577
0.34924
0.351696
0.345949
0.372139
0.382401
0.386714
0.39168
0.363203
0.356042
0.355904
0.348341
0.358462
0.351121
0.383135
0.392998
0.453518
0.481878
0.441637
0.424818
0.416752
0.409011
0.420041
0.444946
0.470258
0.441422
0.412754
0.436867
0.41452
0.415128
0.41939
0.442766
0.445726
0.422041
0.417165
0.395403
0.369045
0.356196
0.373321
0.416799
0.429987
0.439539
0.42374
0.39539
0.380305
0.391956
0.40947
0.477364
0.433176
0.435251
0.434618
0.421446
0.450747
0.414575
0.385053
0.373329
0.360004
0.363171
0.360362
0.367697
0.389648
0.41537
0.422217
0.451141
0.42993
0.43304
0.509452
0.47316
0.432931
0.411868
0.370704
0.353606
0.366703
0.389457
0.383219
0.360794
0.36962
0.395368
0.474748
0.459731
0.435372
0.48812
0.414159
0.428869
0.452584
0.450706
0.404002
0.417235
0.389004
0.403645
0.430385
0.420424
0.390407
0.401547
0.423688
0.385863
0.374278
0.376527
0.376028
0.36918
0.362259
0.357416
0.34343
0.349827
0.354579
0.34573
0.360585
0.367289
0.371084
0.37538
0.373544
0.362762
0.356686
0.349739
0.357758
0.375574
0.380261
0.367646
0.409679
0.395801
0.374896
0.382437
0.384286
0.393933
0.405392
0.395886
0.379716
0.369909
0.353038
0.354794
0.344793
0.344116
0.373588
0.367436
0.373787
0.391239
0.384464
0.41914
0.387882
0.38895
0.393326
0.381196
0.366612
0.368925
0.353
0.35525
0.363993
0.360093
0.366378
0.361969
0.369474
0.354363
0.35885
0.363532
0.381231
0.398907
0.390304
0.394779
0.386737
0.403193
0.409853
0.403141
0.408792
0.42035
0.399028
0.411272
0.399134
0.417575
0.37814
0.394834
0.405328
0.395436
0.396926
0.390178
0.390598
0.377782
0.375219
0.371374
0.361889
0.360051
0.363326
0.374141
0.369296
0.375011
0.367965
0.351805
0.338435
0.342763
0.346983
0.354479
0.369372
0.359335
0.357124
0.361118
0.349014
0.361937
0.373528
0.392877
0.387658
0.399036
0.376682
0.351822
0.338373
0.341426
0.341632
0.337429
0.353932
0.383292
0.383323
0.382645
0.406007
0.395685
0.372018
0.358101
0.386202
0.3914
0.399394
0.415828
0.403046
0.428466
0.416717
0.391483
0.407921
0.405825
0.382366
0.370796
0.4155
0.422078
0.39183
0.405236
0.420412
0.402861
0.368341
0.364199
0.37119
0.370577
0.356906
0.358572
0.347231
0.349579
0.363954
0.363468
0.353968
0.371902
0.389343
0.392421
0.424975
0.455355
0.413349
0.456782
0.485528
0.460666
0.501819
0.453007
0.396095
0.381687
0.390129
0.387243
0.399964
0.409273
0.387577
0.422413
0.404288
0.386125
0.375505
0.36364
0.389674
0.403496
0.410672
0.385074
0.375401
0.392224
0.405471
0.415832
0.447402
0.452599
0.467432
0.480122
0.456817
0.443731
0.432383
0.443429
0.452823
0.468673
0.466232
0.452203
0.437237
0.466671
0.495316
0.463682
0.502995
0.501871
0.499129
0.552848
0.48668
0.508923
0.373757
0.363555
0.363404
0.371994
0.371372
0.39291
0.389685
0.395041
0.41143
0.431829
0.396627
0.375693
0.372996
0.370839
0.388257
0.398735
0.436288
0.439256
0.48144
0.483916
0.474978
0.446009
0.425349
0.421774
0.512911
0.520835
0.44795
0.492334
0.446899
0.419366
0.420257
0.411433
0.388641
0.377123
0.377144
0.371123
0.364984
0.388081
0.383163
0.363836
0.368254
0.364499
0.362511
0.384895
0.395022
0.409873
0.375482
0.379481
0.394449
0.382481
0.379872
0.380149
0.405845
0.367168
0.378276
0.368257
0.36304
0.375532
0.391387
0.391354
0.423118
0.428593
0.439457
0.386992
0.402033
0.376535
0.359796
0.361621
0.371933
0.409219
0.407094
0.441013
0.454327
0.435304
0.436182
0.394256
0.420191
0.41646
0.394628
0.421772
0.454036
0.435964
0.411049
0.419795
0.428483
0.453847
0.437143
0.431237
0.4782
0.456981
0.440563
0.484243
0.489068
0.487074
0.500625
0.540281
0.394043
0.451961
0.515051
0.488634
0.453963
0.438919
0.424192
0.42538
0.412264
0.413922
0.398354
0.425845
0.405677
0.438432
0.456222
0.384694
0.409721
0.391826
0.384841
0.388064
0.409651
0.404598
0.39974
0.388238
0.395849
0.41533
0.399871
0.396871
0.406152
0.421847
0.392141
0.392653
0.380202
0.385781
0.401125
0.404864
0.378534
0.371867
0.405944
0.417645
0.454121
0.43298
0.42004
0.397161
0.372613
0.367972
0.423863
0.368579
0.357292
0.359113
0.359615
0.362752
0.36238
0.353329
0.347473
0.349341
0.346175
0.359993
0.361034
0.357137
0.345622
0.340619
0.339051
0.341487
0.352706
0.336605
0.349131
0.34888
0.361668
0.359376
0.367702
0.354647
0.346561
0.354407
0.372467
0.359159
0.343359
0.34569
0.346697
0.354677
0.352287
0.368444
0.369085
0.384633
0.372395
0.387732
0.395847
0.375258
0.396433
0.386287
0.363891
0.351365
0.343668
0.347412
0.352398
0.357139
0.360501
0.368766
0.365192
0.383717
0.388261
0.385325
0.373747
0.398761
0.36195
0.359611
0.366939
0.38427
0.389458
0.38887
0.403789
0.394266
0.400702
0.363314
0.363259
0.385008
0.373667
0.367612
0.370175
0.368625
0.363964
0.389127
0.416428
0.393937
0.415243
0.370645
0.389143
0.396022
0.400499
0.460782
0.454032
0.418953
0.439796
0.422679
0.442635
0.476629
0.489654
0.479221
0.45515
0.495648
0.474254
0.483293
0.427452
0.38955
0.387654
0.387754
0.389512
0.387205
0.417226
0.444554
0.430132
0.44602
0.409211
0.411079
0.397049
0.406529
0.393814
0.423718
0.429349
0.420726
0.423965
0.423526
0.406884
0.424028
0.420253
0.38609
0.399231
0.394285
0.380645
0.354449
0.350334
0.348428
0.359255
0.360443
0.356812
0.36731
0.354739
0.368314
0.394681
0.393073
0.391798
0.409183
0.389464
0.367144
0.3648
0.379794
0.37996
0.374835
0.365904
0.378303
0.39574
0.403366
0.395948
0.389029
0.388265
0.363071
0.393619
0.383234
0.409119
0.394011
0.386057
0.376787
0.360804
0.351831
0.345228
0.341979
0.352536
0.346783
0.340727
0.34861
0.347563
0.347944
0.365353
0.36272
0.370706
0.358927
0.366868
0.402985
0.408965
0.400498
0.397195
0.395323
0.403705
0.374313
0.360946
0.352505
0.357994
0.352266
0.350214
0.356035
0.372846
0.406832
0.400324
0.360193
0.382203
0.3929
0.401947
0.373593
0.377138
0.369148
0.397384
0.380841
0.403974
0.427563
0.460956
0.497882
0.399764
0.423051
0.436422
0.432525
0.426517
0.41313
0.409501
0.388064
0.384386
0.375022
0.378264
0.368315
0.368008
0.367554
0.372884
0.397555
0.387652
0.453478
0.459871
0.475898
0.458097
0.464565
0.451812
0.421523
0.436989
0.421055
0.559623
0.54653
0.509934
0.496032
0.483805
0.546009
0.47467
0.453025
0.429974
0.476874
0.508654
0.486348
0.5317
0.511518
0.532687
0.457559
0.450911
0.403847
0.400263
0.375213
0.368916
0.38287
0.397604
0.399754
0.381824
0.392567
0.399963
0.418645
0.403355
0.402039
0.425417
0.375055
0.374799
0.360857
0.366609
0.363291
0.378395
0.37719
0.375214
0.385198
0.38288
0.366393
0.38906
0.411011
0.428675
0.429533
0.440558
0.395953
0.396361
0.367272
0.354594
0.355376
0.346866
0.344097
0.348795
0.357407
0.35503
0.347934
0.351913
0.345384
0.348735
0.347992
0.345212
0.340102
0.348061
0.353189
0.363935
0.36817
0.395575
0.424393
0.419566
0.402765
0.414906
0.423436
0.428501
0.422544
0.406406
0.409258
0.381412
0.366687
0.353792
0.357003
0.363963
0.350836
0.353933
0.353797
0.364349
0.37156
0.384772
0.38559
0.410201
0.416387
0.388362
0.411179
0.419516
0.403398
0.394392
0.389908
0.408357
0.434582
0.390489
0.360707
0.3531
0.345474
0.348068
0.346105
0.351204
0.354211
0.355053
0.361237
0.346562
0.345865
0.339389
0.344812
0.35065
0.339359
0.348338
0.34964
0.370894
0.370966
0.372022
0.362209
0.35605
0.34933
0.39095
0.389779
0.367647
0.361884
0.38128
0.370339
0.377255
0.367866
0.390487
0.395297
0.409138
0.407923
0.419835
0.399052
0.391576
0.386261
0.36445
0.356236
0.374759
0.356991
0.384651
0.391688
0.411778
0.414982
0.403911
0.37761
0.387087
0.370608
0.371265
0.367099
0.385341
0.399662
0.391094
0.408537
0.383665
0.381906
0.359522
0.354476
0.353006
0.349011
0.357683
0.34431
0.344065
0.361303
0.373916
0.37471
0.37382
0.36238
0.353456
0.353751
0.357975
0.357453
0.387633
0.396384
0.381083
0.386249
0.362845
0.363434
0.370692
0.368769
0.386255
0.371968
0.360848
0.349071
0.365691
0.371447
0.372289
0.360764
0.35869
0.376595
0.398442
0.40217
0.371705
0.399272
0.399383
0.38272
0.356344
0.355475
0.392433
0.390988
0.367786
0.364949
0.363966
0.349224
0.342192
0.341544
0.346633
0.342362
0.346398
0.36457
0.390116
0.383746
0.367186
0.361123
0.375856
0.380311
0.379849
0.37491
0.377944
0.392302
0.360865
0.359954
0.354573
0.354498
0.346604
0.355893
0.370033
0.383175
0.400546
0.394438
0.367697
0.356459
0.347341
0.343651
0.366018
0.344145
0.343431
0.344066
0.34748
0.345574
0.34482
0.343935
0.337946
0.344976
0.354272
0.353628
0.359464
0.375603
0.41326
0.417742
0.412934
0.396717
0.386133
0.370163
0.365565
0.366988
0.385247
0.378808
0.372419
0.375143
0.395383
0.404265
0.377264
0.373798
0.400734
0.39336
0.37704
0.365863
0.362763
0.381636
0.367809
0.406207
0.422773
0.39389
0.417081
0.418745
0.402177
0.379507
0.378728
0.371144
0.365017
0.358903
0.359841
0.352744
0.366109
0.390403
0.388259
0.382906
0.359397
0.342845
0.347817
0.338447
0.34597
0.365856
0.374589
0.355193
0.366345
0.408078
0.378671
0.355673
0.352002
0.351004
0.358598
0.367868
0.397148
0.397983
0.399862
0.377894
0.349356
0.350322
0.354095
0.35982
0.389033
0.395762
0.364748
0.363947
0.357284
0.362629
0.365119
0.368591
0.369065
0.377026
0.348423
0.349462
0.355021
0.359327
0.35442
0.371022
0.375344
0.387116
0.390259
0.422709
0.424109
0.429215
0.432668
0.438815
0.403761
0.415872
0.419387
0.396907
0.385396
0.421448
0.38255
0.392638
0.431109
0.517134
0.544215
0.525961
0.484144
0.452286
0.44345
0.440193
0.412223
0.389693
0.421774
0.417241
0.43258
0.448174
0.403124
0.405578
0.389559
0.38476
0.402562
0.413425
0.451025
0.423789
0.390688
0.368263
0.35528
0.355952
0.386495
0.416111
0.43703
0.400172
0.393954
0.398697
0.435219
0.425626
0.388309
0.361448
0.346532
0.350356
0.348032
0.352965
0.359715
0.354501
0.352429
0.355508
0.353704
0.350374
0.35345
0.347984
0.348101
0.352567
0.348603
0.343276
0.345602
0.347882
0.349306
0.347939
0.345947
0.35287
0.36619
0.40161
0.448606
0.431127
0.386459
0.399807
0.391023
0.415412
0.391327
0.390228
0.393525
0.379771
0.398846
0.414923
0.416861
0.37862
0.376635
0.368272
0.392464
0.377131
0.375267
0.376558
0.404182
0.409584
0.374787
0.360046
0.363131
0.352582
0.369573
0.365486
0.355994
0.346494
0.365794
0.383003
0.387365
0.391294
0.41334
0.393492
0.407185
0.420234
0.403234
0.404718
0.378136
0.378725
0.386243
0.369222
0.369724
0.390925
0.385909
0.406086
0.405655
0.390952
0.363244
0.36579
0.375947
0.375347
0.367586
0.387198
0.403628
0.394945
0.380576
0.39549
0.400788
0.418953
0.390002
0.410658
0.406954
0.400759
0.411497
0.404621
0.407395
0.399094
0.383337
0.411219
0.420757
0.404137
0.398181
0.387975
0.415263
0.396007
0.422743
0.406159
0.405039
0.37489
0.392357
0.388029
0.362514
0.372133
0.354171
0.348287
0.340407
0.344505
0.351247
0.364596
0.366056
0.36527
0.371982
0.363837
0.356169
0.365097
0.37029
0.383251
0.365956
0.34725
0.350932
0.37221
0.371228
0.368413
0.367728
0.375308
0.393545
0.385745
0.392191
0.374662
0.365169
0.370417
0.38096
0.352081
0.358436
0.356175
0.34657
0.354563
0.365771
0.361522
0.371351
0.363577
0.34446
0.3436
0.340507
0.34527
0.345552
0.365985
0.385673
0.358211
0.383337
0.378578
0.379046
0.371346
0.368277
0.374272
0.382966
0.401728
0.406957
0.394744
0.379068
0.378629
0.387395
0.391782
0.374571
0.407491
0.367247
0.35425
0.35862
0.382249
0.390018
0.370139
0.359063
0.354136
0.348652
0.366239
0.388346
0.39825
0.367932
0.376779
0.399571
0.386492
0.364397
0.374755
0.42573
0.392764
0.38571
0.37144
0.371548
0.360014
0.361931
0.363356
0.382081
0.385788
0.436049
0.442351
0.451141
0.451465
0.455793
0.453975
0.464563
0.447261
0.422096
0.393867
0.42973
0.410949
0.452206
0.44342
0.470644
0.470324
0.432596
0.397736
0.458695
0.461273
0.441835
0.408834
0.394018
0.38071
0.36897
0.370454
0.394537
0.406049
0.397333
0.393455
0.377902
0.37539
0.412083
0.456855
0.475119
0.496606
0.435273
0.442535
0.403328
0.378973
0.380879
0.408687
0.432026
0.451641
0.403819
0.388719
0.381306
0.40486
0.432519
0.421354
0.402456
0.398164
0.411492
0.439071
0.425598
0.387226
0.356897
0.356637
0.364691
0.375803
0.38009
0.356481
0.35594
0.35929
0.362428
0.373526
0.382722
0.379909
0.405899
0.446623
0.452624
0.410628
0.437957
0.459122
0.390297
0.460935
0.442801
0.48463
0.467891
0.458172
0.433563
0.437619
0.420508
0.459061
0.475737
0.482429
0.48207
0.500768
0.446256
0.513719
0.483219
0.477464
0.447297
0.431897
0.432128
0.458578
0.397883
0.425326
0.460332
0.458008
0.420384
0.427895
0.428761
0.428144
0.411878
0.443429
0.445109
0.42912
0.395053
0.375309
0.369559
0.382845
0.431478
0.421227
0.413892
0.396078
0.396377
0.416298
0.426354
0.427354
0.430688
0.446352
0.421925
0.433772
0.406521
0.41629
0.416852
0.413919
0.375772
0.381582
0.400099
0.415193
0.376254
0.424189
0.406852
0.374907
0.370274
0.37107
0.382426
0.415528
0.407198
0.38847
0.417666
0.403809
0.418231
0.403363
0.406766
0.40201
0.426358
0.441062
0.466872
0.46369
0.503134
0.457431
0.4135
0.493516
0.530423
0.474402
0.441483
0.472772
0.435737
0.464816
0.470841
0.480678
0.407294
0.394513
0.45362
0.412915
0.440663
0.46588
0.444796
0.494247
0.467079
0.443456
0.492478
0.492038
0.475969
0.399537
0.385525
0.415549
0.388573
0.402316
0.391389
0.364709
0.355221
0.356056
0.369509
0.355895
0.370332
0.375954
0.380138
0.420278
0.41732
0.412658
0.386456
0.35743
0.361768
0.351831
0.355122
0.378786
0.391176
0.373781
0.371571
0.350208
0.353304
0.374845
0.383313
0.358985
0.345253
0.33868
0.347643
0.349195
0.343469
0.337415
0.349391
0.351773
0.352609
0.363699
0.366009
0.383847
0.3853
0.369505
0.3562
0.369432
0.412196
0.407306
0.365393
0.364341
0.380317
0.382781
0.364463
0.360685
0.366515
0.359867
0.373374
0.369583
0.381326
0.371519
0.357976
0.355746
0.37315
0.379608
0.380565
0.374722
0.383804
0.378662
0.38746
0.398813
0.383949
0.385715
0.387383
0.402937
0.395811
0.38806
0.428561
0.41423
0.394875
0.375895
0.361118
0.350538
0.34763
0.353851
0.346345
0.344923
0.342819
0.354737
0.354684
0.37337
0.375556
0.351064
0.356916
0.377375
0.399527
0.38455
0.374579
0.354929
0.355103
0.339966
0.339568
0.344159
0.347795
0.357552
0.376509
0.395004
0.398852
0.400479
0.417539
0.414006
0.425649
0.41627
0.410167
0.410467
0.402886
0.410562
0.419626
0.406536
0.402171
0.366435
0.360642
0.389188
0.37887
0.357966
0.358913
0.368258
0.379133
0.368227
0.384222
0.384802
0.386859
0.39467
0.374119
0.348309
0.353499
0.362276
0.376015
0.360625
0.378567
0.35129
0.363374
0.356735
0.372268
0.393184
0.387206
0.361656
0.36432
0.371219
0.35265
0.362992
0.35768
0.376814
0.384166
0.386263
0.391918
0.38551
0.372757
0.384314
0.37056
0.384407
0.41223
0.400142
0.382454
0.377959
0.397599
0.40079
0.396008
0.407162
0.412996
0.405546
0.40084
0.366703
0.352448
0.349998
0.350623
0.364508
0.387367
0.39474
0.398018
0.403844
0.375487
0.378756
0.370546
0.373465
0.371691
0.3721
0.389564
0.42428
0.409275
0.414111
0.454386
0.426236
0.435358
0.414214
0.393873
0.375397
0.375015
0.360689
0.393104
0.411668
0.422324
0.372501
0.396366
0.414875
0.432072
0.451753
0.440374
0.443077
0.426583
0.440817
0.414398
0.4153
0.422694
0.394769
0.386207
0.414944
0.410708
0.402273
0.373741
0.38835
0.425125
0.444681
0.44947
0.46884
0.473867
0.466378
0.440948
0.443808
0.465717
0.526483
0.564541
0.561185
0.542934
0.530221
0.438296
0.411704
0.471583
0.489264
0.529313
0.460296
0.487998
0.406506
0.37512
0.391218
0.357129
0.348063
0.349403
0.359717
0.367865
0.364587
0.351725
0.370915
0.367059
0.34798
0.365309
0.349923
0.353582
0.352473
0.363182
0.385224
0.369614
0.373016
0.368985
0.35834
0.364923
0.35988
0.371568
0.383499
0.391938
0.401265
0.406274
0.402166
0.417362
0.39541
0.400296
0.411508
0.408396
0.425994
0.396735
0.440357
0.395208
0.405609
0.409069
0.417218
0.410445
0.414789
0.491418
0.393326
0.394654
0.409251
0.403479
0.395027
0.403594
0.389899
0.400235
0.408633
0.427588
0.409214
0.405213
0.380343
0.398556
0.384095
0.4155
0.398941
0.382253
0.393956
0.398583
0.408075
0.395798
0.412912
0.447116
0.494111
0.47517
0.440256
0.42739
0.386453
0.399252
0.474752
0.420421
0.382943
0.366062
0.382451
0.39861
0.437594
0.435343
0.392331
0.377475
0.369295
0.362244
0.363057
0.377929
0.418263
0.443804
0.447462
0.443993
0.387787
0.42932
0.411764
0.410448
0.40873
0.44317
0.461429
0.440356
0.439577
0.425928
0.43635
0.435461
0.392711
0.427128
0.440687
0.445219
0.431526
0.453783
0.503124
0.506443
0.487586
0.485311
0.43704
0.402668
0.394958
0.367554
0.358142
0.349723
0.364858
0.361083
0.368415
0.353184
0.350454
0.358644
0.347237
0.351094
0.342982
0.347278
0.342225
0.347219
0.354415
0.370506
0.383202
0.370691
0.367425
0.348695
0.355657
0.373553
0.380786
0.388477
0.385007
0.385242
0.383818
0.364625
0.364117
0.370288
0.368127
0.381817
0.386465
0.385279
0.396591
0.392577
0.474443
0.473457
0.473403
0.441598
0.512743
0.519947
0.500529
0.487568
0.440373
0.385025
0.379776
0.400271
0.41125
0.442643
0.415782
0.406451
0.375635
0.40066
0.391991
0.374876
0.348856
0.354921
0.369646
0.357655
0.37887
0.386578
0.388062
0.366979
0.357696
0.358916
0.357629
0.354466
0.351793
0.373056
0.392699
0.381017
0.381418
0.358273
0.3422
0.34798
0.344789
0.352985
0.366877
0.373639
0.367294
0.366742
0.368429
0.37272
0.36843
0.360568
0.359266
0.349174
0.348783
0.369002
0.39124
0.425049
0.468581
0.465552
0.42449
0.444062
0.418306
0.411739
0.445202
0.460508
0.4339
0.39413
0.382811
0.412657
0.404645
0.410973
0.414742
0.376314
0.364041
0.380671
0.409803
0.419717
0.429603
0.446703
0.442204
0.443005
0.422099
0.411284
0.405145
0.435487
0.425139
0.399556
0.374154
0.365915
0.357321
0.358648
0.359431
0.370649
0.389914
0.428634
0.451767
0.465311
0.448858
0.480395
0.48587
0.465163
0.424879
0.43327
0.407248
0.42973
0.450002
0.498949
0.468337
0.442547
0.435251
0.500719
0.505816
0.486479
0.458282
0.454345
0.472972
0.487747
0.454505
0.393219
0.393713
0.384939
0.380564
0.376863
0.379101
0.387363
0.425077
0.453391
0.426318
0.43025
0.404762
0.430821
0.46712
0.443921
0.480991
0.430497
0.395411
0.362507
0.349561
0.353747
0.374844
0.369653
0.353011
0.376163
0.401242
0.390563
0.394504
0.404214
0.418321
0.420806
0.436935
0.429176
0.465346
0.490115
0.482541
0.469082
0.430321
0.374979
0.384377
0.413114
0.409586
0.427667
0.414157
0.445934
0.446345
0.427762
0.413508
0.429314
0.42057
0.428105
0.393675
0.379708
0.377602
0.381988
0.384122
0.428993
0.380489
0.374603
0.373124
0.391184
0.385494
0.383521
0.429776
0.477209
0.442857
0.42622
0.359873
0.383939
0.396593
0.433405
0.462749
0.445741
0.443304
0.411996
0.429895
0.402498
0.405093
0.431593
0.433609
0.398505
0.36896
0.362471
0.356575
0.362674
0.383082
0.395966
0.396583
0.397048
0.409435
0.421767
0.383363
0.402983
0.418887
0.400469
0.383114
0.401581
0.389698
0.385471
0.375703
0.359583
0.38054
0.405713
0.412772
0.38709
0.368082
0.377
0.392686
0.363318
0.3692
0.376449
0.393981
0.40189
0.410126
0.399569
0.397521
0.378597
0.368789
0.375743
0.399823
0.407756
0.388434
0.380553
0.384295
0.379954
0.390946
0.411146
0.402654
0.389364
0.362736
0.360167
0.345276
0.354517
0.359943
0.339104
0.351489
0.353856
0.363464
0.394251
0.411199
0.406435
0.387007
0.377427
0.350371
0.339913
0.351508
0.354071
0.350117
0.372739
0.391782
0.384858
0.371826
0.352131
0.362049
0.3565
0.349291
0.372853
0.372763
0.383074
0.365681
0.37139
0.380407
0.362691
0.379608
0.405278
0.40468
0.416612
0.41348
0.388613
0.419271
0.382779
0.419044
0.437928
0.392906
0.384555
0.363566
0.395156
0.435621
0.432695
0.409541
0.404188
0.449878
0.398415
0.35512
0.38156
0.382636
0.361375
0.36559
0.371613
0.37342
0.370635
0.378531
0.370352
0.371781
0.368615
0.354384
0.340493
0.342207
0.349091
0.347626
0.340548
0.335979
0.348474
0.343022
0.348906
0.361271
0.362028
0.395584
0.385527
0.382017
0.408764
0.394072
0.379662
0.390314
0.404222
0.388698
0.374863
0.381609
0.371009
0.435219
0.425543
0.42458
0.413478
0.43547
0.426875
0.40574
0.40041
0.389518
0.408814
0.455128
0.389801
0.383552
0.391187
0.4206
0.429823
0.389845
0.386976
0.415153
0.409744
0.4636
0.451406
0.411618
0.432358
0.419358
0.411241
0.379542
0.367798
0.376232
0.391526
0.429202
0.444136
0.453841
0.482008
0.46234
0.459512
0.561368
0.537584
0.564321
0.523312
0.572252
0.582483
0.488958
0.416668
0.426776
0.392893
0.403578
0.400496
0.381545
0.375412
0.401718
0.413438
0.385083
0.392538
0.397227
0.419769
0.403796
0.384851
0.372938
0.36973
0.348299
0.349718
0.346715
0.358899
0.349782
0.345509
0.35345
0.369709
0.379283
0.38431
0.387266
0.403569
0.373483
0.427579
0.396231
0.371998
0.389208
0.379085
0.415054
0.411519
0.385087
0.385051
0.370402
0.380449
0.384771
0.360676
0.355718
0.385465
0.364685
0.351145
0.348304
0.362354
0.368833
0.386677
0.404583
0.380745
0.35625
0.354003
0.353117
0.346135
0.345713
0.353522
0.354803
0.378376
0.410276
0.457222
0.422198
0.469547
0.450619
0.43772
0.448379
0.434309
0.441273
0.440934
0.460142
0.407405
0.396223
0.405066
0.432227
0.393476
0.40495
0.388633
0.372113
0.401423
0.408075
0.370698
0.351473
0.355848
0.368911
0.400223
0.388965
0.395576
0.417451
0.39569
0.404245
0.40689
0.387858
0.382053
0.393644
0.373111
0.362529
0.390181
0.416455
0.380836
0.390445
0.410042
0.405752
0.411895
0.408726
0.396852
0.41195
0.411867
0.414789
0.449798
0.437775
0.426155
0.468167
0.431066
0.407061
0.429008
0.435729
0.421032
0.448702
0.483566
0.460765
0.430689
0.42923
0.443327
0.428564
0.427881
0.422948
0.432845
0.466881
0.462315
0.419396
0.385669
0.396521
0.386161
0.386995
0.365002
0.350531
0.346644
0.353791
0.364624
0.384549
0.414873
0.391997
0.384574
0.393551
0.430951
0.43303
0.401039
0.411042
0.44143
0.420179
0.392966
0.380453
0.400469
0.413378
0.407761
0.437551
0.458876
0.494572
0.44146
0.404582
0.378194
0.407318
0.416777
0.415889
0.384245
0.36932
0.375824
0.398095
0.416102
0.43335
0.416191
0.464288
0.473279
0.413411
0.403296
0.449369
0.467076
0.45827
0.435797
0.414996
0.458691
0.487394
0.460877
0.527222
0.517013
0.505412
0.529779
0.490276
0.522933
0.486914
0.499999
0.480426
0.460904
0.501763
0.558545
0.56108
0.541683
0.530933
0.532279
0.58497
0.592019
0.5796
0.488532
0.446002
0.467659
0.479757
0.409846
0.395077
0.447302
0.435844
0.416067
0.375063
0.402893
0.453076
0.45956
0.417569
0.427647
0.419557
0.425876
0.367436
0.363703
0.365093
0.38375
0.406082
0.431103
0.453068
0.452678
0.446244
0.444159
0.434278
0.428669
0.4394
0.396962
0.390739
0.407976
0.39826
0.400396
0.404371
0.367982
0.361144
0.375683
0.382547
0.413528
0.407436
0.390705
0.405822
0.415865
0.388319
0.420231
0.406885
0.375586
0.388167
0.415259
0.399667
0.394162
0.385609
0.423575
0.421601
0.434449
0.43208
0.429657
0.387095
0.411254
0.400036
0.396476
0.409111
0.418628
0.393588
0.430789
0.429521
0.387069
0.389886
0.380412
0.41123
0.394936
0.460454
0.466077
0.432639
0.424884
0.429491
0.420713
0.440772
0.423179
0.454155
0.445465
0.418876
0.395704
0.369184
0.364116
0.367357
0.376662
0.356541
0.35523
0.350829
0.344578
0.340569
0.346988
0.349212
0.351734
0.349671
0.372865
0.382183
0.380167
0.394488
0.390455
0.376471
0.383836
0.370296
0.3894
0.408522
0.397082
0.396081
0.380588
0.35446
0.351949
0.355225
0.355341
0.361698
0.366304
0.397281
0.42669
0.433573
0.480208
0.466447
0.494632
0.488741
0.520401
0.478163
0.400715
0.402531
0.454073
0.385568
0.404614
0.4549
0.420328
0.394157
0.401791
0.451699
0.463593
0.469187
0.505853
0.442814
0.460331
0.391655
0.355625
0.374399
0.375134
0.373146
0.366317
0.425988
0.402326
0.387859
0.399903
0.476471
0.439106
0.413518
0.387651
0.366068
0.389186
0.39556
0.379559
0.381241
0.401051
0.394245
0.412955
0.40255
0.441259
0.409483
0.401339
0.386159
0.435848
0.395933
0.434337
0.449711
0.487204
0.4533
0.404428
0.395386
0.431435
0.434576
0.484669
0.457224
0.456104
0.479027
0.45169
0.475599
0.445154
0.427406
0.408933
0.382318
0.371885
0.385852
0.393796
0.369593
0.369534
0.373573
0.384352
0.405765
0.425075
0.417046
0.406949
0.39687
0.413598
0.430093
0.440428
0.415708
0.43598
0.401609
0.345391
0.402465
0.412243
0.434773
0.444396
0.400364
0.415193
0.464318
0.46677
0.411979
0.414917
0.426923
0.43354
0.456846
0.442448
0.446578
0.462503
0.509169
0.471012
0.42787
0.429033
0.429862
0.438202
0.428936
0.460118
0.441748
0.434215
0.45857
0.470509
0.465567
0.47985
0.485937
0.551119
0.555814
0.529225
0.53535
0.583656
0.546314
0.561797
0.525343
0.50658
0.443786
0.409296
0.368552
0.390771
0.402687
0.438595
0.376612
0.418015
0.454369
0.435085
0.434473
0.404293
0.411928
0.42756
0.454304
0.41953
0.4337
0.423567
0.403346
0.413119
0.39428
0.408785
0.407949
0.375865
0.392289
0.435703
0.475476
0.417295
0.42887
0.423309
0.446349
0.404989
0.403976
0.373584
0.366091
0.364923
0.363492
0.356069
0.358035
0.350776
0.350686
0.354754
0.359467
0.364033
0.387088
0.402627
0.360941
0.372337
0.361521
0.374345
0.388394
0.372821
0.360072
0.413053
0.420335
0.393984
0.422417
0.443433
0.422645
0.403176
0.417981
0.435329
0.404711
0.369365
0.34907
0.351728
0.35192
0.360998
0.367166
0.370635
0.363904
0.366986
0.368698
0.372937
0.390347
0.401873
0.419824
0.488469
0.490701
0.47288
0.445288
0.4646
0.458058
0.461465
0.423401
0.376003
0.362199
0.387853
0.372459
0.358232
0.359813
0.39232
0.481744
0.405122
0.378166
0.407628
0.409954
0.386837
0.441087
0.497164
0.526014
0.468998
0.468318
0.416125
0.544563
0.527984
0.51929
0.519447
0.506628
0.49612
0.507116
0.496031
0.476632
0.509974
0.509358
0.517392
0.504944
0.500979
0.461344
0.465754
0.454013
0.47366
0.429806
0.421226
0.437767
0.493151
0.441612
0.454744
0.447633
0.408672
0.43407
0.42661
0.440286
0.401675
0.380056
0.366033
0.360501
0.357699
0.365502
0.397705
0.395714
0.373446
0.367334
0.362539
0.376742
0.401933
0.410061
0.390103
0.386562
0.376911
0.362049
0.35408
0.371994
0.349387
0.354442
0.37378
0.391617
0.401456
0.398914
0.412598
0.405962
0.407801
0.385293
0.392192
0.371134
0.361415
0.352958
0.354991
0.355801
0.342971
0.353038
0.371178
0.380731
0.377965
0.384706
0.400906
0.37353
0.374449
0.371748
0.355941
0.362449
0.351549
0.374484
0.361601
0.374581
0.403662
0.39756
0.390542
0.384371
0.384184
0.403916
0.388596
0.413959
0.418065
0.423667
0.422178
0.449656
0.449673
0.396568
0.423282
0.420192
0.435103
0.464927
0.442017
0.499446
0.460394
0.462176
0.486227
0.502247
0.457165
0.475096
0.417078
0.406437
0.390322
0.437664
0.449052
0.393621
0.380655
0.438514
0.453859
0.433163
0.487336
0.428924
0.383374
0.383151
0.428999
0.40758
0.423826
0.4409
0.444553
0.42179
0.4369
0.425416
0.406339
0.422878
0.458877
0.476352
0.453896
0.47064
0.417737
0.418475
0.452608
0.478582
0.491972
0.476774
0.43146
0.414787
0.43656
0.442022
0.480748
0.504851
0.419991
0.437174
0.428982
0.412704
0.397734
0.377621
0.370466
0.393583
0.426029
0.420344
0.43571
0.41532
0.405021
0.39004
0.376811
0.373644
0.383341
0.357859
0.355428
0.354627
0.357658
0.372834
0.39572
0.38414
0.361056
0.361678
0.37081
0.376235
0.372395
0.376986
0.355406
0.36
0.383474
0.394819
0.390644
0.395265
0.385649
0.394438
0.398745
0.356917
0.377226
0.384488
0.392413
0.389067
0.445306
0.4229
0.417589
0.405744
0.371876
0.366566
0.407359
0.383494
0.368136
0.369768
0.368724
0.367219
0.356663
0.37096
0.395284
0.399655
0.370236
0.371299
0.370224
0.367914
0.391685
0.379904
0.392536
0.384155
0.4046
0.467953
0.407685
0.48751
0.4628
0.473615
0.422557
0.443851
0.44014
0.5087
0.480594
0.488876
0.455393
0.476586
0.405661
0.378194
0.476424
0.465889
0.47925
0.473442
0.40381
0.379028
0.364782
0.362963
0.345855
0.34917
0.358668
0.365801
0.368553
0.412437
0.374342
0.398496
0.421473
0.385202
0.395015
0.398829
0.383699
0.385145
0.401755
0.396986
0.40686
0.399061
0.396952
0.38248
0.3744
0.373965
0.383181
0.359062
0.358605
0.350578
0.349971
0.352188
0.3476
0.379833
0.402786
0.385883
0.381026
0.358773
0.356724
0.347282
0.370214
0.375987
0.362318
0.360954
0.345243
0.357584
0.362205
0.372378
0.364652
0.347101
0.344309
0.34305
0.350125
0.349605
0.342999
0.348666
0.358422
0.360247
0.365779
0.393429
0.374148
0.357867
0.352379
0.3576
0.375663
0.394783
0.400521
0.41444
0.420264
0.41273
0.412729
0.412582
0.421469
0.38835
0.387611
0.38107
0.40097
0.410539
0.374196
0.371831
0.404562
0.393688
0.39981
0.397246
0.386641
0.397553
0.395216
0.421445
0.450147
0.391776
0.419244
0.430348
0.408034
0.415451
0.443083
0.448764
0.462857
0.453213
0.494671
0.438058
0.468611
0.47708
0.443728
0.436252
0.469375
0.486727
0.471726
0.444961
0.428996
0.426714
0.398336
0.463102
0.467757
0.453716
0.431932
0.426942
0.439375
0.43615
0.481824
0.461924
0.475203
0.502759
0.450338
0.490159
0.467558
0.460899
0.542529
0.496024
0.427706
0.4114
0.404351
0.407757
0.418109
0.426799
0.457519
0.437973
0.428701
0.465426
0.472673
0.507617
0.506732
0.583665
0.466698
0.417005
0.413231
0.43079
0.415779
0.431165
0.415498
0.390688
0.399874
0.406521
0.422826
0.43782
0.414122
0.40921
0.41302
0.418634
0.438766
0.423252
0.420694
0.415292
0.405472
0.425648
0.431077
0.43456
0.412719
0.392774
0.394079
0.396963
0.392629
0.386658
0.390921
0.361567
0.368814
0.397683
0.392764
0.387375
0.358741
0.358204
0.367375
0.386842
0.38032
0.41916
0.417305
0.407175
0.382467
0.392011
0.398293
0.394008
0.393576
0.41984
0.419218
0.429415
0.397822
0.401512
0.380868
0.391073
0.392206
0.401433
0.385648
0.422787
0.391985
0.403215
0.408014
0.425353
0.412204
0.408793
0.361794
0.357744
0.358964
0.343669
0.342112
0.3421
0.337728
0.349903
0.34151
0.351887
0.360552
0.390282
0.3601
0.382725
0.367408
0.351107
0.345239
0.338022
0.339115
0.349585
0.340154
0.340996
0.34545
0.341429
0.354474
0.345436
0.35152
0.346973
0.345858
0.332066
0.340984
0.342485
0.344435
0.342738
0.341319
0.357598
0.369219
0.387994
0.390347
0.376941
0.374972
0.375948
0.385943
0.366378
0.381443
0.37668
0.3799
0.365323
0.381332
0.372137
0.380248
0.387248
0.354836
0.349144
0.342893
0.340863
0.342774
0.347623
0.348094
0.34531
0.349913
0.349325
0.342687
0.345918
0.341402
0.341095
0.34879
0.342019
0.342612
0.347734
0.354002
0.363684
0.371013
0.358126
0.35518
0.361572
0.367434
0.36513
0.399727
0.404922
0.426119
0.379407
0.376536
0.400818
0.400846
0.431927
0.449523
0.430755
0.433682
0.408834
0.426833
0.380713
0.365573
0.378894
0.395543
0.37525
0.35607
0.360147
0.358907
0.360027
0.383263
0.404048
0.389864
0.373228
0.37378
0.380693
0.390154
0.416556
0.43636
0.468595
0.447896
0.481591
0.461863
0.520804
0.496314
0.51089
0.398598
0.411859
0.442788
0.420939
0.379244
0.424479
0.469537
0.461066
0.478608
0.408066
0.386656
0.371196
0.361694
0.351117
0.345369
0.344921
0.356252
0.359561
0.359423
0.375192
0.376704
0.403328
0.388383
0.397682
0.378491
0.37578
0.397311
0.41891
0.425353
0.416147
0.382843
0.39476
0.387615
0.373143
0.375894
0.373606
0.395283
0.377233
0.358574
0.343178
0.34567
0.346507
0.349361
0.342842
0.341583
0.349471
0.363715
0.383048
0.376069
0.356943
0.34874
0.344065
0.360051
0.353279
0.354658
0.383994
0.418907
0.408293
0.40824
0.399543
0.406916
0.391834
0.394302
0.393016
0.392445
0.413987
0.420679
0.404563
0.405476
0.408591
0.388661
0.391538
0.39852
0.399586
0.395834
0.384563
0.380587
0.38666
0.427094
0.391989
0.37455
0.373227
0.410383
0.412656
0.446111
0.449835
0.396827
0.416233
0.366471
0.386877
0.430218
0.392265
0.476042
0.438122
0.453131
0.410559
0.408679
0.411973
0.40912
0.435694
0.449169
0.450213
0.444986
0.461569
0.454646
0.429315
0.440598
0.471329
0.482791
0.44612
0.431243
0.392976
0.38391
0.38172
0.376119
0.368865
0.407116
0.38796
0.356674
0.357787
0.347958
0.357183
0.358322
0.361975
0.38027
0.363349
0.357892
0.370833
0.391966
0.408027
0.387256
0.440481
0.424832
0.43983
0.448186
0.465082
0.406558
0.45871
0.48943
0.415431
0.478929
0.438682
0.452672
0.472334
0.453867
0.434136
0.430631
0.417185
0.417897
0.409301
0.468072
0.498389
0.46858
0.512273
0.460461
0.467426
0.468959
0.481203
0.491335
0.48746
0.526447
0.561226
0.573595
0.484813
0.414822
0.41896
0.43368
0.430287
0.391392
0.398078
0.41595
0.440698
0.412592
0.408293
0.409583
0.427267
0.444349
0.430938
0.42332
0.442216
0.448129
0.419408
0.402214
0.415722
0.414113
0.404703
0.373329
0.369998
0.36519
0.38109
0.365769
0.38205
0.394739
0.392938
0.399346
0.433442
0.480604
0.460849
0.470362
0.455506
0.423821
0.423444
0.439968
0.409826
0.440964
0.425011
0.386506
0.365036
0.366426
0.395996
0.392706
0.385448
0.381126
0.3735
0.404319
0.40199
0.416566
0.416826
0.415484
0.403792
0.382837
0.371973
0.360455
0.387801
0.411894
0.3826
0.373837
0.394704
0.423548
0.406914
0.408519
0.421287
0.412346
0.404482
0.416526
0.40792
0.384011
0.432615
0.440631
0.429302
0.432663
0.420145
0.47827
0.442507
0.465917
0.464854
0.453929
0.405908
0.431067
0.464848
0.426772
0.460928
0.478271
0.430901
0.415556
0.405593
0.429734
0.425897
0.415815
0.491051
0.502083
0.501885
0.483031
0.426796
0.376514
0.409996
0.522387
0.464251
0.477959
0.431409
0.417454
0.440446
0.443184
0.406074
0.413002
0.454817
0.415826
0.400351
0.455012
0.427485
0.436309
0.395273
0.38226
0.388103
0.438779
0.460187
0.457768
0.478472
0.478521
0.440254
0.445506
0.410024
0.442171
0.438458
0.450726
0.392509
0.384524
0.390451
0.38093
0.382419
0.412095
0.387466
0.371439
0.402922
0.435183
0.449987
0.405331
0.443037
0.43393
0.470643
0.440386
0.551779
0.605684
0.592256
0.567648
0.533165
0.522557
0.475746
0.506184
0.5178
0.476508
0.443504
0.414274
0.412282
0.415193
0.405577
0.419725
0.476876
0.437692
0.419093
0.448188
0.476722
0.503766
0.45684
0.46519
0.431097
0.414943
0.41731
0.460765
0.463531
0.461762
0.443852
0.423984
0.448944
0.442741
0.446366
0.425589
0.431243
0.443576
0.44115
0.445138
0.45414
0.439994
0.434777
0.435166
0.41693
0.406176
0.431897
0.475937
0.482571
0.490396
0.489527
0.50061
0.51476
0.492463
0.407261
0.424923
0.414058
0.408952
0.397658
0.403178
0.445034
0.427824
0.454772
0.481994
0.468527
0.451575
0.421776
0.393741
0.39456
0.40976
0.395241
0.412903
0.43867
0.438486
0.432229
0.434935
0.44713
0.484517
0.50571
0.465607
0.442091
0.379596
0.368085
0.37066
0.359816
0.360509
0.368262
0.367375
0.367341
0.35663
0.364456
0.368384
0.387542
0.405641
0.437789
0.476526
0.495658
0.495765
0.485917
0.47834
0.444765
0.430492
0.476808
0.449765
0.432688
0.438897
0.37706
0.451082
0.419167
0.402404
0.453598
0.463708
0.419445
0.364234
0.367133
0.403312
0.430832
0.421553
0.430596
0.435168
0.414798
0.4148
0.423376
0.482706
0.454695
0.4229
0.413258
0.426904
0.483156
0.485694
0.515949
0.557886
0.485061
0.489482
0.488768
0.524255
0.544803
0.590622
0.533979
0.521357
0.498278
0.528042
0.5088
0.4948
0.489033
0.430481
0.513627
0.484215
0.501834
0.451069
0.457821
0.475193
0.474093
0.515432
0.504406
0.449935
0.471672
0.445358
0.450179
0.431285
0.429771
0.424181
0.394454
0.425882
0.397276
0.398463
0.41337
0.403901
0.436754
0.440949
0.461785
0.507169
0.521741
0.48101
0.481394
0.426078
0.441546
0.474064
0.407537
0.442443
0.449936
0.469369
0.502066
0.445507
0.403052
0.435527
0.410852
0.470475
0.446365
0.418697
0.451833
0.434834
0.455508
0.460587
0.413272
0.460729
0.476627
0.421968
0.455237
0.509943
0.469591
0.489443
0.495253
0.402924
0.45773
0.515373
0.481211
0.469786
0.482886
0.518078
0.46856
0.504943
0.478099
0.436198
0.42369
0.48521
0.439737
0.471051
0.467769
0.51565
0.49979
0.434177
0.420562
0.378048
0.367758
0.353518
0.360282
0.369937
0.379677
0.403478
0.396789
0.400236
0.447268
0.463426
0.464346
0.458035
0.408179
0.423777
0.42711
0.408108
0.41526
0.390238
0.420423
0.429592
0.433114
0.474461
0.436622
0.451313
0.430255
0.395254
0.450496
0.443817
0.435602
0.45289
0.397111
0.381366
0.381981
0.373176
0.371369
0.374887
0.407347
0.466661
0.4593
0.50742
0.494215
0.505589
0.520073
0.518352
0.503822
0.505513
0.507588
0.504333
0.507643
0.501023
0.538524
0.501413
0.562699
0.571719
0.558976
0.528143
0.42336
0.408703
0.362695
0.368896
0.381567
0.420868
0.421531
0.382714
0.374978
0.389297
0.406687
0.394816
0.40665
0.432431
0.391967
0.42855
0.424904
0.411651
0.433513
0.425439
0.402493
0.432194
0.447899
0.422186
0.458465
0.414938
0.394562
0.413474
0.427424
0.39105
0.45371
0.425508
0.411897
0.407051
0.386034
0.389582
0.410608
0.389369
0.373544
0.371986
0.360769
0.348028
0.344628
0.347417
0.355331
0.367407
0.39848
0.405485
0.38059
0.351409
0.358978
0.361307
0.382082
0.407613
0.409402
0.427812
0.388449
0.490372
0.386194
0.373601
0.363211
0.371755
0.36219
0.357156
0.356028
0.380025
0.375661
0.365517
0.361764
0.359139
0.366373
0.41196
0.411796
0.434603
0.456326
0.423801
0.442864
0.440551
0.474438
0.443452
0.429856
0.438261
0.435975
0.413319
0.396918
0.378451
0.3736
0.362768
0.375092
0.382501
0.383507
0.381603
0.384728
0.396568
0.389336
0.428841
0.432109
0.433368
0.438062
0.421764
0.386099
0.354901
0.372198
0.409289
0.388469
0.412268
0.424281
0.386345
0.374482
0.354812
0.344274
0.350125
0.34244
0.344049
0.35569
0.345037
0.361453
0.347685
0.360748
0.382536
0.392725
0.3654
0.350738
0.352285
0.373909
0.363249
0.387294
0.428971
0.39598
0.439525
0.406335
0.433981
0.45179
0.424471
0.411093
0.444316
0.464607
0.501783
0.488718
0.533455
0.604293
0.582177
0.572704
0.526988
0.549291
0.562015
0.549174
0.539434
0.513457
0.514527
0.510245
0.464088
0.527201
0.522127
0.484289
0.43488
0.487698
0.52322
0.524955
0.498885
0.441993
0.48642
0.518985
0.493405
0.526008
0.454366
0.504739
0.465837
0.509203
0.506346
0.528239
0.535853
0.549589
0.532485
0.48536
0.410333
0.405743
0.405594
0.412543
0.41362
0.4156
0.41024
0.391586
0.422585
0.423262
0.457686
0.499771
0.450679
0.451615
0.436612
0.428179
0.430775
0.462606
0.510311
0.468744
0.451123
0.466309
0.501317
0.516514
0.439847
0.427709
0.427004
0.520515
0.510383
0.501069
0.44105
0.518711
0.481027
0.47216
0.540169
0.445596
0.466249
0.420513
0.446999
0.532725
0.525391
0.477722
0.496512
0.51373
0.488706
0.511224
0.533391
0.516837
0.51392
0.529501
0.491162
0.449997
0.431482
0.452244
0.44584
0.498297
0.487152
0.509008
0.515726
0.461279
0.432345
0.445904
0.456372
0.502282
0.444646
0.47731
0.441123
0.4571
0.446629
0.480062
0.455622
0.462729
0.429765
0.436986
0.436015
0.400148
0.389637
0.367551
0.37205
0.375423
0.390851
0.398605
0.384685
0.407863
0.393257
0.381869
0.391662
0.385115
0.401592
0.389151
0.380269
0.369963
0.38268
0.390979
0.403724
0.407315
0.407972
0.468149
0.422067
0.428012
0.427688
0.429827
0.415551
0.426104
0.419518
0.395879
0.424689
0.448775
0.440808
0.431386
0.4716
0.476906
0.41986
0.4766
0.489982
0.485279
0.472436
0.459079
0.443798
0.461772
0.455
0.477743
0.487305
0.473265
0.458843
0.461982
0.455287
0.428969
0.391968
0.410348
0.445442
0.439256
0.429553
0.411745
0.431769
0.463583
0.46204
0.473043
0.425895
0.440723
0.503092
0.440465
0.460836
0.466076
0.471167
0.478482
0.459235
0.475115
0.493048
0.472765
0.470146
0.450995
0.405488
0.405576
0.436797
0.417013
0.390126
0.376524
0.380611
0.421921
0.472348
0.49268
0.491454
0.45099
0.475094
0.454131
0.443138
0.431251
0.437475
0.488744
0.536997
0.581899
0.551516
0.589675
0.539592
0.386531
0.401917
0.364859
0.380015
0.371893
0.355213
0.355901
0.378552
0.399667
0.359248
0.353405
0.351711
0.346802
0.349666
0.357709
0.340243
0.352543
0.348846
0.347502
0.341917
0.363161
0.347755
0.360674
0.378092
0.400598
0.379437
0.371011
0.361196
0.363243
0.384147
0.398393
0.385
0.36823
0.370087
0.430033
0.44257
0.445524
0.427967
0.438887
0.425172
0.441463
0.432084
0.404199
0.433852
0.463959
0.433278
0.423593
0.417149
0.425321
0.434824
0.429557
0.425212
0.404561
0.442602
0.488691
0.495454
0.495335
0.52983
0.496893
0.542789
0.519759
0.528463
0.502799
0.480565
0.413381
0.468649
0.481998
0.477847
0.512114
0.532695
0.496653
0.496492
0.446309
0.472679
0.509568
0.509798
0.471614
0.480051
0.450084
0.440661
0.467474
0.455376
0.474821
0.400903
0.434518
0.488164
0.451664
0.501941
0.478451
0.466952
0.453086
0.451451
0.439536
0.440167
0.419448
0.410542
0.46469
0.450083
0.476266
0.484758
0.544758
0.531277
0.500642
0.501217
0.534859
0.440053
0.445488
0.450102
0.502512
0.496743
0.517254
0.520974
0.472005
0.509069
0.51687
0.484816
0.491881
0.528498
0.510824
0.481333
0.449125
0.507031
0.509263
0.505777
0.536854
0.545298
0.470923
0.438314
0.378684
0.374942
0.374008
0.380477
0.394742
0.407907
0.402633
0.390853
0.386538
0.398762
0.447192
0.463732
0.39582
0.389572
0.393638
0.386323
0.401527
0.411128
0.413561
0.38462
0.377869
0.39228
0.399384
0.400966
0.424458
0.417929
0.416811
0.417182
0.432509
0.429217
0.415602
0.390665
0.374765
0.373694
0.405363
0.367676
0.389391
0.423691
0.424066
0.406476
0.383331
0.36127
0.370111
0.360986
0.359171
0.367347
0.368862
0.356649
0.363807
0.382364
0.395292
0.394416
0.368446
0.353983
0.360661
0.357393
0.35776
0.359946
0.365596
0.370217
0.361781
0.358451
0.385789
0.391653
0.39007
0.396827
0.424563
0.474877
0.485682
0.425015
0.430982
0.387798
0.389266
0.377676
0.387725
0.398613
0.414422
0.40381
0.38469
0.39541
0.418614
0.446371
0.430563
0.452795
0.492884
0.437304
0.405193
0.400405
0.398647
0.407924
0.452105
0.428084
0.426029
0.422065
0.394976
0.391653
0.396747
0.387283
0.384279
0.390419
0.387158
0.405132
0.388175
0.384486
0.424129
0.382234
0.380645
0.375594
0.386968
0.427453
0.485252
0.407802
0.419144
0.403417
0.452825
0.451325
0.413805
0.384966
0.399348
0.411028
0.387129
0.391301
0.38385
0.388185
0.392024
0.397933
0.372721
0.367636
0.365667
0.373907
0.371641
0.365402
0.364505
0.357971
0.362454
0.364687
0.356255
0.359412
0.370257
0.369567
0.369745
0.357204
0.357973
0.361953
0.358587
0.355404
0.357126
0.359031
0.363403
0.359419
0.362673
0.365461
0.35876
0.356939
0.36206
0.368754
0.368897
0.376563
0.378342
0.36756
0.361109
0.35546
0.373055
0.402767
0.419354
0.404131
0.401387
0.404416
0.408151
0.415364
0.384269
0.37377
0.369476
0.379774
0.380589
0.422835
0.420062
0.372363
0.373419
0.396296
0.402983
0.398775
0.392397
0.387677
0.387813
0.392698
0.369132
0.373035
0.356809
0.370668
0.425923
0.365458
0.367357
0.376203
0.379854
0.404827
0.426559
0.451305
0.422957
0.407979
0.3728
0.362299
0.368137
0.379781
0.395209
0.408195
0.372959
0.366267
0.36405
0.360868
0.359002
0.356377
0.352325
0.361785
0.38835
0.403905
0.468342
0.402903
0.39388
0.391478
0.385881
0.397345
0.420658
0.401022
0.401437
0.420293
0.415169
0.415325
0.410886
0.4026
0.400207
0.381902
0.381504
0.389507
0.396531
0.394297
0.393681
0.380092
0.381807
0.369239
0.375248
0.365226
0.364101
0.372207
0.380516
0.383271
0.367415
0.369074
0.380155
0.388784
0.391034
0.418994
0.429189
0.433202
0.426205
0.422744
0.387716
0.453285
0.512989
0.531477
0.460087
0.392814
0.445825
0.360061
0.372474
0.42955
0.402351
0.397687
0.414069
0.417703
0.413974
0.419715
0.392425
0.379924
0.394443
0.38947
0.383166
0.393218
0.375851
0.382986
0.390832
0.385367
0.39181
0.394546
0.392147
0.395927
