0.51852
0.581543
0.560248
0.472117
0.488638
0.505517
0.471002
0.456424
0.490293
0.483158
0.511802
0.45452
0.440462
0.487695
0.497398
0.503997
0.491562
0.471213
0.451104
0.500697
0.476384
0.473941
0.468026
0.484839
0.485335
0.461717
0.469019
0.476644
0.47166
0.478688
0.46806
0.444442
0.436303
0.46515
0.479785
0.459898
0.454361
0.444629
0.468086
0.418244
0.471902
0.472148
0.426453
0.451507
0.463809
0.407639
0.379137
0.401145
0.414443
0.443289
0.474538
0.464516
0.401445
0.410054
0.409416
0.41301
0.385847
0.397735
0.413477
0.390786
0.41082
0.403544
0.378857
0.399537
0.390537
0.366315
0.373403
0.365096
0.346863
0.352164
0.364327
0.376901
0.388646
0.386536
0.367686
0.356386
0.351944
0.37088
0.364221
0.377956
0.398866
0.377727
0.394799
0.377011
0.387727
0.392319
0.400304
0.398185
0.406054
0.414338
0.388575
0.371393
0.353989
0.363506
0.377317
0.380724
0.371293
0.345022
0.351765
0.344421
0.349339
0.371364
0.393237
0.453213
0.453097
0.413648
0.437224
0.401365
0.404225
0.416408
0.432957
0.398904
0.385638
0.414083
0.417155
0.421232
0.453247
0.43331
0.42505
0.468483
0.478557
0.489852
0.448971
0.400169
0.392692
0.445368
0.446242
0.408508
0.374247
0.400147
0.427164
0.400808
0.415214
0.39752
0.378411
0.383445
0.389508
0.390459
0.388018
0.410977
0.401694
0.403029
0.405222
0.402618
0.409538
0.438402
0.420074
0.408439
0.400219
0.381859
0.366609
0.357311
0.342694
0.339664
0.336585
0.344131
0.364981
0.361766
0.34293
0.344314
0.350207
0.366156
0.356497
0.393198
0.46099
0.469201
0.464414
0.464723
0.478568
0.447979
0.409602
0.424751
0.419454
0.411144
0.419539
0.429749
0.41091
0.394051
0.367077
0.374661
0.372145
0.380031
0.391457
0.398774
0.397244
0.420453
0.435015
0.401845
0.467401
0.424453
0.496809
0.438636
0.444897
0.424237
0.419342
0.400909
0.44152
0.42394
0.423536
0.383029
0.365063
0.391667
0.39492
0.404253
0.401065
0.404944
0.438689
0.415293
0.423849
0.390571
0.439671
0.465258
0.445348
0.45797
0.378144
0.406773
0.411495
0.410703
0.445405
0.470109
0.458231
0.436551
0.382829
0.358398
0.395653
0.439368
0.389666
0.396734
0.395997
0.455573
0.395097
0.369571
0.44225
0.411169
0.454649
0.465103
0.461335
0.429513
0.435288
0.43024
0.416313
0.404694
0.400311
0.367816
0.361398
0.396203
0.405305
0.417696
0.391121
0.357096
0.404145
0.461582
0.402429
0.421796
0.424112
0.44767
0.418747
0.397978
0.361983
0.35747
0.352441
0.370012
0.400118
0.403302
0.386163
0.355921
0.36173
0.377231
0.420909
0.410576
0.416415
0.376626
0.41264
0.43303
0.392711
0.387679
0.397102
0.421525
0.448232
0.447469
0.414039
0.435258
0.443161
0.380696
0.357358
0.348898
0.372854
0.386639
0.365021
0.354712
0.352921
0.376748
0.44124
0.448694
0.42385
0.422009
0.457078
0.429622
0.415363
0.424729
0.442252
0.409713
0.371258
0.37771
0.429562
0.426222
0.38391
0.411986
0.444292
0.431719
0.437607
0.400288
0.366845
0.361545
0.377608
0.4143
0.447871
0.458818
0.458899
0.403773
0.357453
0.386893
0.366234
0.409354
0.460722
0.458515
0.429235
0.45012
0.403943
0.398726
0.424964
0.39534
0.4039
0.375834
0.372822
0.360537
0.345806
0.350494
0.363631
0.370428
0.371268
0.353494
0.363818
0.374
0.400392
0.37911
0.389574
0.400285
0.380856
0.356552
0.346268
0.366559
0.369806
0.393322
0.400441
0.391236
0.371148
0.360752
0.359722
0.364559
0.365116
0.356686
0.372732
0.394552
0.390672
0.407979
0.402282
0.41403
0.405646
0.398534
0.403557
0.3912
0.391592
0.381159
0.368208
0.36027
0.370259
0.374313
0.352584
0.343029
0.354561
0.362081
0.357031
0.358913
0.38474
0.392698
0.36214
0.340552
0.339162
0.368303
0.383786
0.399405
0.366957
0.386228
0.404862
0.410505
0.414431
0.402913
0.383983
0.408614
0.400795
0.416412
0.375826
0.368437
0.363202
0.349902
0.358707
0.359378
0.381903
0.409779
0.434287
0.473229
0.473718
0.435496
0.384521
0.394518
0.397827
0.411721
0.386279
0.372158
0.403128
0.389226
0.393836
0.416501
0.467194
0.458412
0.454276
0.435816
0.46233
0.458716
0.456372
0.47701
0.501519
0.530308
0.498064
0.36858
0.366688
0.382639
0.392431
0.419412
0.390178
0.372174
0.389575
0.439573
0.469088
0.467475
0.426466
0.498334
0.482139
0.453529
0.413602
0.385062
0.379257
0.369257
0.384245
0.367251
0.363803
0.396169
0.387696
0.387469
0.381712
0.392733
0.371917
0.366457
0.382868
0.40962
0.43395
0.393723
0.371112
0.364407
0.405774
0.44685
0.439458
0.403716
0.411167
0.42506
0.430834
0.424079
0.444478
0.441152
0.458403
0.478024
0.487793
0.505717
0.426808
0.502867
0.44716
0.425341
0.411879
0.412369
0.419449
0.423492
0.402646
0.384964
0.406169
0.395332
0.40232
0.401788
0.410175
0.395695
0.382997
0.402587
0.378526
0.404547
0.443244
0.415736
0.375252
0.404015
0.355917
0.35978
0.362495
0.349332
0.349098
0.36104
0.347867
0.340545
0.347881
0.342696
0.355987
0.364548
0.350259
0.365032
0.345286
0.350667
0.35611
0.379268
0.378161
0.386494
0.392488
0.363572
0.346372
0.353092
0.362147
0.36847
0.385993
0.382042
0.373929
0.367073
0.386824
0.396638
0.397902
0.362699
0.379272
0.368998
0.365839
0.40042
0.405993
0.381669
0.39723
0.45188
0.423424
0.432262
0.464651
0.492182
0.473401
0.46865
0.405859
0.390676
0.387782
0.431195
0.440556
0.409702
0.401914
0.404354
0.429184
0.421452
0.422795
0.402455
0.397051
0.375685
0.348818
0.361679
0.357371
0.357625
0.392549
0.388302
0.396941
0.365303
0.379036
0.371562
0.388105
0.399528
0.389004
0.377764
0.392128
0.393137
0.3744
0.348951
0.346088
0.343588
0.349428
0.351706
0.367455
0.360747
0.394051
0.404697
0.39739
0.382609
0.356526
0.354236
0.353569
0.394902
0.378457
0.388604
0.386373
0.373451
0.388343
0.414775
0.471501
0.420329
0.431477
0.423233
0.40458
0.383856
0.375833
0.369587
0.373504
0.401057
0.461371
0.466404
0.454199
0.431103
0.488162
0.533547
0.484365
0.509848
0.445765
0.481427
0.503711
0.52514
0.474504
0.409091
0.382567
0.383105
0.39303
0.390939
0.410628
0.403325
0.397873
0.365949
0.364078
0.379358
0.380749
0.374416
0.399388
0.427789
0.423456
0.382648
0.355355
0.345646
0.351807
0.353458
0.348404
0.348543
0.344314
0.346816
0.363782
0.397315
0.421831
0.408396
0.431059
0.406075
0.392336
0.35761
0.360145
0.351043
0.360796
0.381647
0.405984
0.40139
0.410948
0.391189
0.419344
0.383821
0.35167
0.346077
0.354219
0.354533
0.349442
0.343065
0.345772
0.345535
0.367589
0.369657
0.354371
0.376524
0.374881
0.372306
0.373842
0.379629
0.402475
0.413165
0.396148
0.378251
0.364922
0.368342
0.398132
0.413904
0.383401
0.372213
0.370112
0.397664
0.39909
0.376908
0.354691
0.351079
0.34903
0.356338
0.374813
0.367212
0.35348
0.359488
0.393937
0.38271
0.361863
0.370365
0.378875
0.354884
0.368563
0.367187
0.364204
0.399176
0.387752
0.395032
0.35603
0.390478
0.367235
0.361754
0.341768
0.344219
0.350245
0.383394
0.372247
0.371649
0.375866
0.384476
0.371232
0.354042
0.352261
0.365956
0.392993
0.379131
0.351657
0.355346
0.343277
0.345728
0.346193
0.342189
0.348871
0.353338
0.391316
0.414558
0.396558
0.370006
0.369766
0.380077
0.380392
0.393638
0.380301
0.395608
0.367612
0.372067
0.396633
0.408456
0.415289
0.389398
0.373887
0.361106
0.356664
0.379873
0.38449
0.351647
0.343236
0.353805
0.366809
0.385462
0.371497
0.350676
0.359806
0.398986
0.391031
0.350768
0.356153
0.383935
0.374511
0.360608
0.36388
0.373114
0.354294
0.354851
0.358705
0.376552
0.386918
0.430229
0.432745
0.41815
0.415831
0.391412
0.402584
0.414361
0.529243
0.51147
0.447555
0.432051
0.399734
0.423658
0.431026
0.400746
0.389761
0.418602
0.427426
0.367305
0.362934
0.416296
0.407311
0.402136
0.429978
0.360756
0.349019
0.350112
0.357537
0.353916
0.351628
0.351429
0.349788
0.346605
0.345811
0.347776
0.35052
0.376302
0.440603
0.396836
0.400749
0.39128
0.393923
0.396847
0.407155
0.374397
0.385059
0.373838
0.396569
0.386253
0.361953
0.364882
0.351027
0.372813
0.38625
0.405785
0.408826
0.409614
0.380928
0.380064
0.37505
0.391184
0.402531
0.371795
0.374351
0.374475
0.394989
0.385942
0.401212
0.39515
0.407503
0.407601
0.405837
0.391147
0.415372
0.404321
0.398085
0.40631
0.407299
0.387867
0.382079
0.363597
0.347513
0.345867
0.362069
0.364698
0.36525
0.364626
0.378677
0.350078
0.369593
0.366135
0.373232
0.391206
0.380361
0.369436
0.363165
0.357102
0.350239
0.364093
0.367722
0.344796
0.341956
0.352973
0.372876
0.379717
0.379659
0.366445
0.387939
0.406079
0.379695
0.387107
0.38868
0.370831
0.364147
0.386611
0.357031
0.354487
0.382536
0.379584
0.392978
0.369295
0.406005
0.387444
0.371018
0.360173
0.373524
0.410116
0.444816
0.458216
0.457088
0.439998
0.408072
0.426196
0.451633
0.459493
0.419651
0.461315
0.413523
0.38369
0.371239
0.404812
0.391572
0.376596
0.446778
0.477024
0.440093
0.389044
0.397055
0.442458
0.394944
0.39323
0.427017
0.402759
0.418616
0.412966
0.358576
0.366586
0.373351
0.35742
0.365566
0.38116
0.416532
0.438713
0.432984
0.427407
0.452191
0.470896
0.443489
0.429111
0.479217
0.47898
0.476013
0.495629
0.459049
0.432068
0.428775
0.439251
0.443405
0.429709
0.420439
0.440657
0.42049
0.370796
0.400668
0.417368
0.401425
0.417512
0.425336
0.437355
0.424421
0.4131
0.408145
0.379167
0.404804
0.410715
0.382494
0.369388
0.405979
0.395984
0.412553
0.407765
0.402083
0.436503
0.467469
0.481455
0.446804
0.511111
0.457048
0.440757
0.476539
0.417381
0.423625
0.45165
0.46935
0.451295
0.484956
0.473248
0.388988
0.395634
0.391959
0.356495
0.362102
0.367667
0.38285
0.422777
0.390048
0.35829
0.357607
0.383574
0.367741
0.362322
0.373838
0.342938
0.348092
0.340998
0.348613
0.358347
0.371807
0.379517
0.36327
0.406576
0.369345
0.378047
0.369099
0.362727
0.364787
0.380843
0.359352
0.370059
0.377778
0.380026
0.386805
0.38977
0.386853
0.399534
0.408682
0.404524
0.368698
0.349138
0.349441
0.344894
0.354073
0.37449
0.353269
0.388002
0.382149
0.356172
0.340099
0.344725
0.364332
0.392503
0.403467
0.422914
0.4208
0.406711
0.409613
0.409937
0.369659
0.382843
0.361361
0.365894
0.376604
0.385297
0.389993
0.355444
0.36274
0.366677
0.363894
0.360371
0.384676
0.372203
0.366751
0.358436
0.367488
0.385397
0.389047
0.378651
0.37697
0.406644
0.379976
0.399144
0.401179
0.409011
0.388708
0.354128
0.354783
0.386314
0.400685
0.381021
0.371383
0.368362
0.402288
0.411518
0.440918
0.430213
0.392166
0.371051
0.389833
0.408345
0.393914
0.430612
0.444491
0.431338
0.422854
0.419772
0.388705
0.416282
0.385049
0.406984
0.449629
0.474237
0.45042
0.45679
0.543494
0.554184
0.496099
0.43679
0.494862
0.481437
0.424401
0.382314
0.348838
0.358424
0.36263
0.364924
0.358133
0.354988
0.353532
0.3753
0.370708
0.363539
0.362281
0.376939
0.393149
0.408049
0.4061
0.404864
0.41359
0.419234
0.40435
0.408702
0.415169
0.447422
0.399886
0.397882
0.401461
0.397104
0.418563
0.407721
0.389524
0.400648
0.390386
0.396203
0.401928
0.41742
0.488499
0.444573
0.389374
0.451477
0.382472
0.377216
0.432354
0.402288
0.368817
0.364773
0.410219
0.445535
0.407319
0.425774
0.423051
0.44371
0.442974
0.432967
0.405874
0.4403
0.438381
0.474772
0.492638
0.461106
0.406342
0.368145
0.356016
0.366123
0.351188
0.355372
0.349716
0.344536
0.345235
0.373258
0.372575
0.354056
0.369858
0.384241
0.385479
0.372145
0.367219
0.374559
0.386867
0.392739
0.471233
0.454507
0.511099
0.498031
0.444087
0.380136
0.41401
0.424943
0.388868
0.396744
0.357879
0.363635
0.368769
0.386983
0.362571
0.357903
0.352698
0.382899
0.381043
0.35238
0.34624
0.359159
0.367524
0.36997
0.372046
0.360225
0.348527
0.374059
0.432666
0.451604
0.440957
0.410941
0.460594
0.399749
0.403988
0.4049
0.392029
0.374836
0.417598
0.437533
0.44502
0.417008
0.412774
0.413366
0.376688
0.357957
0.361256
0.401773
0.444026
0.450537
0.502499
0.435181
0.419642
0.438444
0.486042
0.434658
0.508672
0.47049
0.462045
0.474297
0.395578
0.38353
0.376991
0.40073
0.447802
0.424472
0.433952
0.458398
0.436744
0.366881
0.354221
0.370018
0.366311
0.398672
0.402637
0.422382
0.432703
0.478384
0.476151
0.402199
0.398207
0.417609
0.425679
0.444252
0.417981
0.426085
0.393508
0.380102
0.399184
0.386734
0.3772
0.38624
0.424015
0.456267
0.378616
0.398059
0.454056
0.44174
0.418736
0.414985
0.422743
0.366486
0.356519
0.387533
0.397676
0.411803
0.394818
0.410485
0.397182
0.386356
0.37673
0.37984
0.405735
0.373463
0.384656
0.367405
0.388518
0.407928
0.395892
0.371907
0.391142
0.395829
0.382043
0.386487
0.406335
0.376595
0.353739
0.357213
0.345286
0.356559
0.399917
0.401484
0.36683
0.344555
0.352668
0.379759
0.378796
0.358138
0.356004
0.368392
0.375023
0.372966
0.367259
0.404566
0.412961
0.398563
0.402646
0.425111
0.383127
0.386659
0.433761
0.406998
0.421645
0.368234
0.37139
0.368774
0.371886
0.37417
0.371199
0.348243
0.344828
0.346266
0.340557
0.344897
0.361358
0.388319
0.392593
0.389553
0.399193
0.382587
0.37576
0.421634
0.423542
0.415839
0.413181
0.399346
0.433074
0.383364
0.417237
0.397325
0.41093
0.444084
0.424956
0.417359
0.393872
0.371009
0.422408
0.451927
0.462752
0.517125
0.548284
0.558227
0.535348
0.4214
0.397276
0.395699
0.383325
0.400986
0.394308
0.412656
0.38437
0.363757
0.346461
0.356704
0.346798
0.366967
0.386281
0.395002
0.397125
0.385883
0.383821
0.413344
0.383972
0.376932
0.371302
0.370833
0.358275
0.355051
0.375395
0.39439
0.356666
0.352073
0.347417
0.361584
0.418116
0.438117
0.454548
0.445764
0.439296
0.455841
0.397315
0.414119
0.399407
0.380793
0.400293
0.352157
0.375677
0.392894
0.413219
0.394267
0.394385
0.38882
0.367641
0.404504
0.386768
0.408032
0.410118
0.404427
0.410555
0.444912
0.439608
0.426821
0.424301
0.436518
0.471912
0.435025
0.433463
0.432525
0.430513
0.4634
0.399572
0.391549
0.37587
0.349274
0.357406
0.400676
0.387469
0.401995
0.426369
0.420259
0.420033
0.379251
0.412271
0.435561
0.475147
0.409567
0.397306
0.412787
0.375939
0.389748
0.423846
0.445761
0.441068
0.427582
0.457022
0.437476
0.463245
0.481296
0.51696
0.524331
0.493117
0.498527
0.46727
0.54187
0.547326
0.535243
0.589746
0.529515
0.455792
0.448753
0.417724
0.429978
0.387582
0.456578
0.421323
0.426796
0.374706
0.367271
0.417405
0.442517
0.448098
0.433922
0.433485
0.392465
0.402644
0.400002
0.364639
0.378945
0.411333
0.398832
0.402557
0.411271
0.384485
0.404322
0.391897
0.417344
0.435059
0.422198
0.402459
0.394441
0.408393
0.420712
0.402666
0.385813
0.410517
0.455413
0.428325
0.42671
0.433453
0.438013
0.3965
0.365161
0.370316
0.355263
0.345628
0.342713
0.351761
0.368791
0.381291
0.392101
0.377881
0.383805
0.401686
0.386347
0.351373
0.356612
0.366013
0.414893
0.458621
0.480621
0.504469
0.441745
0.425315
0.398607
0.434977
0.400021
0.452808
0.473472
0.454274
0.393835
0.374215
0.36893
0.40585
0.395943
0.449226
0.41071
0.381137
0.391267
0.384935
0.396425
0.413464
0.421677
0.393291
0.414783
0.443962
0.470141
0.399611
0.431259
0.475438
0.462985
0.454574
0.450588
0.401705
0.376283
0.387554
0.370257
0.3852
0.425262
0.401538
0.411301
0.436706
0.423395
0.363962
0.423612
0.435657
0.413981
0.458754
0.416505
0.432622
0.446832
0.462115
0.486024
0.425894
0.435706
0.442518
0.438904
0.46556
0.474286
0.518966
0.541783
0.556875
0.553756
0.519469
0.429711
0.382959
0.417757
0.396838
0.439027
0.427885
0.414173
0.431342
0.433919
0.408328
0.400986
0.404165
0.398904
0.448067
0.42329
0.435956
0.392331
0.365443
0.362507
0.353835
0.350927
0.360658
0.38777
0.375643
0.363539
0.383852
0.373196
0.412677
0.41941
0.423306
0.421256
0.403861
0.353481
0.351994
0.370718
0.365298
0.36696
0.388559
0.432308
0.484095
0.46504
0.459283
0.420832
0.36914
0.372943
0.37261
0.44744
0.39172
0.39762
0.457135
0.498113
0.45231
0.51563
0.526877
0.507343
0.505494
0.479601
0.516235
0.510693
0.471923
0.461203
0.444118
0.436179
0.466805
0.447621
0.422433
0.433525
0.390898
0.363876
0.360982
0.396983
0.37029
0.369479
0.404194
0.392351
0.370635
0.364158
0.351261
0.37771
0.397815
0.407474
0.404266
0.383509
0.359766
0.355508
0.347235
0.371937
0.376872
0.397041
0.371079
0.359337
0.3563
0.370023
0.397483
0.39105
0.383932
0.39828
0.418753
0.426404
0.448499
0.401241
0.440424
0.459111
0.468689
0.483026
0.478185
0.44062
0.39958
0.445153
0.383206
0.446676
0.46226
0.403385
0.40786
0.415689
0.442656
0.428738
0.415699
0.442182
0.464683
0.446675
0.431875
0.480929
0.459164
0.430497
0.449973
0.485815
0.426949
0.414574
0.377966
0.388683
0.423087
0.42278
0.397803
0.375416
0.370278
0.355262
0.363233
0.390114
0.36437
0.370162
0.37603
0.357498
0.384355
0.393083
0.389908
0.387794
0.372672
0.392048
0.421423
0.42029
0.386216
0.392457
0.368816
0.368473
0.361342
0.397529
0.3695
0.372207
0.384566
0.387311
0.425701
0.440783
0.47382
0.431302
0.45796
0.489793
0.476336
0.417145
0.44278
0.466905
0.436805
0.370994
0.353943
0.354885
0.366676
0.391524
0.409162
0.390811
0.391786
0.393108
0.400605
0.399383
0.380479
0.377942
0.363525
0.347805
0.351744
0.384231
0.387025
0.360728
0.352503
0.377151
0.353989
0.355159
0.36914
0.35163
0.344029
0.34966
0.348365
0.360846
0.381215
0.360837
0.35949
0.387573
0.411958
0.41926
0.411228
0.400335
0.385881
0.406595
0.371812
0.39996
0.398165
0.392392
0.409213
0.42093
0.424723
0.409846
0.446587
0.458002
0.468865
0.472753
0.439733
0.473827
0.457974
0.43446
0.424883
0.463395
0.434238
0.434247
0.470398
0.472741
0.468819
0.478726
0.509778
0.45145
0.406745
0.412585
0.447142
0.432298
0.474263
0.506091
0.524112
0.414331
0.423915
0.422476
0.395204
0.410956
0.430918
0.416702
0.420624
0.430371
0.407746
0.424775
0.430407
0.394732
0.398375
0.386072
0.373988
0.386349
0.388645
0.358234
0.378412
0.401959
0.410462
0.38732
0.397273
0.404215
0.424536
0.403957
0.38271
0.397967
0.401767
0.397699
0.414807
0.415928
0.369011
0.356208
0.341447
0.343987
0.343112
0.362142
0.376958
0.369749
0.34553
0.338064
0.344157
0.34366
0.349328
0.347874
0.345972
0.338736
0.341824
0.342287
0.365609
0.38958
0.375316
0.38106
0.373802
0.377833
0.374167
0.375903
0.373067
0.347172
0.341966
0.346314
0.347196
0.34636
0.343474
0.345995
0.342143
0.34908
0.364911
0.359635
0.362663
0.373274
0.416501
0.386056
0.391445
0.432109
0.431398
0.424545
0.390436
0.377266
0.381197
0.358015
0.3596
0.397023
0.379001
0.377178
0.407607
0.453368
0.46681
0.491996
0.503718
0.4011
0.435838
0.398642
0.468698
0.447899
0.382833
0.360406
0.344398
0.356736
0.362387
0.381287
0.398213
0.38274
0.395454
0.419551
0.396049
0.390801
0.37349
0.385397
0.366186
0.344291
0.347099
0.34382
0.356834
0.379425
0.353066
0.352022
0.353862
0.397396
0.409269
0.40309
0.396385
0.39081
0.414949
0.408596
0.401831
0.39263
0.396578
0.385717
0.394722
0.39881
0.378229
0.416263
0.446574
0.40118
0.389307
0.408349
0.458
0.425926
0.409165
0.425874
0.449007
0.454858
0.442451
0.450788
0.465701
0.42034
0.383475
0.372022
0.398332
0.359917
0.352177
0.359487
0.373333
0.360659
0.390932
0.408425
0.432518
0.450769
0.429977
0.477002
0.436597
0.460484
0.455173
0.431169
0.415779
0.447991
0.488195
0.480623
0.474526
0.486771
0.508848
0.570272
0.443285
0.422234
0.425439
0.405978
0.423718
0.409553
0.42624
0.435508
0.437996
0.42146
0.409442
0.412057
0.367973
0.373223
0.373798
0.394255
0.410156
0.476717
0.466168
0.423105
0.428631
0.430656
0.392333
0.369916
0.393903
0.377825
0.395332
0.410306
0.41647
0.391791
0.365484
0.401497
0.377799
0.409397
0.407792
0.416807
0.411438
0.398257
0.429219
0.430181
0.446458
0.449904
0.471009
0.416315
0.450289
0.455451
0.435678
0.415864
0.421018
0.477464
0.494575
0.449764
0.39221
0.496967
0.456888
0.427261
0.427818
0.437583
0.413728
0.444341
0.416979
0.382793
0.43753
0.46555
0.464375
0.437177
0.436549
0.436102
0.3894
0.383157
0.397061
0.379439
0.424648
0.426098
0.438363
0.454636
0.576387
0.57789
0.541313
0.477083
0.513537
0.436799
0.411329
0.41237
0.458383
0.428155
0.476402
0.470748
0.439686
0.423457
0.461234
0.454774
0.440429
0.444796
0.42891
0.442459
0.449758
0.434022
0.431532
0.416009
0.470181
0.491772
0.494454
0.48899
0.418164
0.408015
0.420167
0.440844
0.473339
0.441972
0.394674
0.405079
0.422971
0.430931
0.44402
0.490016
0.464135
0.378043
0.365738
0.361455
0.369728
0.361283
0.372801
0.413463
0.470461
0.505395
0.466204
0.446844
0.45511
0.427279
0.424606
0.416744
0.460908
0.377085
0.392084
0.428282
0.43152
0.415387
0.462353
0.429092
0.422105
0.489351
0.539054
0.4867
0.508754
0.56866
0.525843
0.51151
0.50303
0.467446
0.479094
0.493349
0.46321
0.487619
0.496155
0.457256
0.444928
0.433985
0.407693
0.412287
0.406535
0.421043
0.445173
0.513437
0.486134
0.439892
0.455695
0.430188
0.461873
0.465052
0.421412
0.440813
0.431782
0.446525
0.453908
0.432684
0.457695
0.472173
0.484248
0.467009
0.452332
0.491194
0.478231
0.49281
0.492013
0.429917
0.463216
0.469669
0.507864
0.436555
0.382438
0.356142
0.369124
0.398386
0.411176
0.457037
0.452181
0.415842
0.415616
0.40485
0.42648
0.453458
0.445805
0.412594
0.444433
0.444867
0.397047
0.386742
0.371947
0.409816
0.47359
0.503487
0.502877
0.519788
0.507982
0.503995
0.519865
0.567296
0.543405
0.418075
0.365388
0.398931
0.407369
0.379765
0.398017
0.416762
0.406864
0.420854
0.431305
0.407562
0.44317
0.440524
0.401744
0.408227
0.441774
0.41193
0.386687
0.400943
0.373968
0.356545
0.34636
0.359586
0.400298
0.369876
0.358215
0.389449
0.416227
0.436201
0.390466
0.367099
0.362596
0.361825
0.377009
0.360079
0.376488
0.422224
0.441912
0.427921
0.482032
0.421892
0.428849
0.397886
0.372894
0.37559
0.382016
0.38491
0.397419
0.431931
0.43266
0.39627
0.368171
0.401125
0.41569
0.378878
0.347448
0.346833
0.349736
0.354101
0.353831
0.389472
0.356325
0.364241
0.377509
0.410776
0.423836
0.445119
0.416827
0.454124
0.496445
0.563114
0.580089
0.535863
0.555865
0.535849
0.515828
0.483089
0.524928
0.447332
0.515708
0.507875
0.463534
0.505506
0.497085
0.478795
0.505678
0.527447
0.543753
0.483472
0.404402
0.409401
0.417207
0.403161
0.440379
0.475567
0.443649
0.429224
0.486793
0.460444
0.482739
0.478651
0.425491
0.515537
0.473835
0.492764
0.498054
0.458401
0.436107
0.520776
0.49514
0.508555
0.502807
0.527738
0.514318
0.458243
0.447208
0.479161
0.498961
0.481768
0.441047
0.480004
0.461428
0.448058
0.458426
0.465404
0.437134
0.423997
0.381117
0.371909
0.388808
0.394472
0.394311
0.387725
0.391953
0.381764
0.383445
0.402132
0.417267
0.437555
0.429991
0.421354
0.41892
0.410028
0.449152
0.454067
0.44243
0.487369
0.468671
0.447834
0.463765
0.47666
0.47033
0.454862
0.395154
0.446325
0.421011
0.431709
0.467554
0.445694
0.466852
0.450739
0.482801
0.460124
0.488266
0.469539
0.419874
0.425419
0.399641
0.380548
0.450648
0.49154
0.460728
0.450987
0.43461
0.515259
0.568074
0.562656
0.396095
0.37015
0.367093
0.361553
0.385154
0.351142
0.349743
0.348509
0.351085
0.345201
0.355556
0.367741
0.390488
0.366264
0.372639
0.391681
0.369368
0.435257
0.435856
0.434462
0.436451
0.41771
0.449473
0.42093
0.429203
0.428409
0.423238
0.492236
0.512314
0.520408
0.523653
0.491393
0.427197
0.482948
0.523417
0.50168
0.456848
0.504188
0.482781
0.459452
0.454682
0.465669
0.416642
0.466533
0.495698
0.460044
0.444181
0.433254
0.427838
0.463056
0.507851
0.528717
0.503212
0.466657
0.463305
0.501399
0.514872
0.488179
0.504461
0.513671
0.489424
0.482796
0.504562
0.542359
0.465299
0.379035
0.376799
0.397984
0.399473
0.391277
0.451921
0.398694
0.389987
0.404853
0.403212
0.382723
0.39576
0.418311
0.420027
0.429221
0.412983
0.370933
0.395971
0.385661
0.426427
0.38697
0.363712
0.364531
0.363616
0.361822
0.392135
0.377557
0.357124
0.357709
0.364313
0.364533
0.373406
0.391295
0.41115
0.480137
0.429723
0.390346
0.380647
0.404577
0.396978
0.404197
0.443231
0.451012
0.44498
0.399502
0.415055
0.439238
0.419306
0.392071
0.392325
0.387821
0.39776
0.403344
0.383994
0.379208
0.433008
0.428189
0.421057
0.448779
0.394148
0.406774
0.388959
0.385137
0.395493
0.372915
0.368594
0.37218
0.360224
0.361819
0.359692
0.366031
0.368958
0.356921
0.360466
0.356916
0.361442
0.360948
0.361828
0.358492
0.370418
0.376038
0.365565
0.36017
0.404255
0.402787
0.404782
0.411211
0.374119
0.37548
0.412823
0.385088
0.389726
0.400056
0.389439
0.390961
0.371368
0.361923
0.400254
0.368174
0.389337
0.427733
0.426553
0.380231
0.368041
0.400401
0.377303
0.364895
0.359351
0.354097
0.378873
0.438615
0.397109
0.388965
0.40833
0.400091
0.418367
0.412174
0.406202
0.382221
0.389395
0.396849
0.385748
0.369842
0.368994
0.370162
0.38091
0.368418
0.386831
0.414208
0.433276
0.421189
0.42266
0.530206
0.415623
0.421057
0.385477
0.398523
0.420707
0.411849
0.390225
0.392627
0.388321
0.378584
0.389723
0.393408
0.395412
