0.514229
0.565245
0.579697
0.501954
0.463074
0.535442
0.477152
0.448851
0.48659
0.465553
0.505426
0.489171
0.460223
0.430546
0.485292
0.493252
0.506428
0.491423
0.487302
0.4738
0.458713
0.493178
0.472307
0.465273
0.47374
0.486194
0.494926
0.453033
0.470281
0.478785
0.478168
0.469877
0.462067
0.449466
0.431408
0.468896
0.479498
0.45788
0.454275
0.443345
0.469441
0.419065
0.468276
0.477776
0.429689
0.453951
0.453764
0.423747
0.378771
0.397575
0.408395
0.426618
0.470825
0.482227
0.416799
0.403506
0.40578
0.417174
0.402757
0.386921
0.399173
0.407717
0.403016
0.407395
0.388429
0.379798
0.409363
0.384444
0.359093
0.379097
0.356673
0.349663
0.351164
0.36915
0.381785
0.382527
0.389727
0.364675
0.356639
0.352678
0.370257
0.363538
0.373548
0.399859
0.37745
0.393763
0.380578
0.383978
0.395643
0.389511
0.405176
0.392277
0.419036
0.406784
0.372294
0.368458
0.351749
0.36914
0.384104
0.383183
0.351073
0.347625
0.351747
0.344589
0.349051
0.372254
0.389424
0.434248
0.475412
0.401386
0.432443
0.419096
0.414323
0.405845
0.421842
0.420053
0.379016
0.410225
0.407489
0.411497
0.427448
0.416734
0.413043
0.427611
0.450244
0.441036
0.412337
0.46536
0.495022
0.462699
0.484693
0.416843
0.378791
0.437882
0.442433
0.428327
0.391233
0.373584
0.419272
0.414907
0.405157
0.416768
0.386735
0.379257
0.388685
0.38687
0.391315
0.386554
0.416891
0.396795
0.404711
0.405182
0.403063
0.410499
0.436456
0.42106
0.410111
0.399673
0.386323
0.365878
0.360381
0.343736
0.33908
0.336295
0.343468
0.358253
0.366946
0.345795
0.341023
0.348769
0.362318
0.359839
0.372083
0.422581
0.487624
0.45745
0.46227
0.480367
0.461325
0.443246
0.418997
0.409804
0.414302
0.417787
0.424251
0.420537
0.414835
0.390304
0.366029
0.376386
0.372758
0.379648
0.392406
0.398677
0.396441
0.418923
0.435006
0.407172
0.450673
0.432295
0.494684
0.450786
0.440841
0.430095
0.419458
0.409495
0.416497
0.442214
0.422353
0.39824
0.378068
0.370484
0.401606
0.392
0.408069
0.392498
0.423086
0.438764
0.415117
0.414945
0.391094
0.440576
0.466995
0.442853
0.462999
0.381057
0.40437
0.409557
0.407908
0.44147
0.462674
0.476277
0.437564
0.389657
0.353693
0.395575
0.432897
0.397875
0.392202
0.392916
0.429295
0.429505
0.370905
0.407372
0.440224
0.449584
0.43289
0.488009
0.423147
0.441818
0.429496
0.434714
0.394944
0.404412
0.386128
0.357287
0.379872
0.396595
0.417266
0.405448
0.379371
0.358889
0.427308
0.447896
0.396147
0.427799
0.435443
0.459519
0.404198
0.38281
0.360724
0.352973
0.358302
0.377597
0.406416
0.39861
0.376356
0.355379
0.365955
0.380421
0.424237
0.41209
0.407948
0.376984
0.422027
0.428133
0.39044
0.389084
0.396968
0.422782
0.448495
0.448037
0.412344
0.435025
0.447716
0.386299
0.358313
0.35085
0.363078
0.384555
0.376118
0.354335
0.353467
0.364287
0.418452
0.467997
0.412052
0.429367
0.411791
0.42571
0.458884
0.444406
0.422126
0.415335
0.426586
0.441604
0.407391
0.369494
0.380864
0.430442
0.426593
0.386425
0.397373
0.458357
0.430579
0.438728
0.42292
0.434986
0.386329
0.359987
0.363765
0.388056
0.420551
0.436341
0.479055
0.450583
0.393627
0.358533
0.388061
0.365829
0.411029
0.461141
0.459796
0.422927
0.462043
0.420055
0.406608
0.404064
0.419639
0.39992
0.400271
0.375576
0.373158
0.360537
0.345434
0.351259
0.362861
0.370305
0.372128
0.353794
0.361706
0.374278
0.396524
0.382324
0.385586
0.399417
0.387533
0.361875
0.349968
0.352356
0.373716
0.388072
0.410361
0.383306
0.381105
0.366876
0.353781
0.362267
0.364112
0.362049
0.361206
0.389417
0.391783
0.393541
0.4054
0.414913
0.407045
0.401056
0.396096
0.401356
0.392529
0.393512
0.375922
0.36705
0.360689
0.370028
0.37627
0.348582
0.342513
0.3572
0.360917
0.357131
0.359684
0.384682
0.392558
0.363759
0.339824
0.340068
0.365022
0.383018
0.400386
0.37124
0.378995
0.400779
0.405257
0.424379
0.399947
0.394925
0.390281
0.409347
0.410386
0.394038
0.365722
0.370089
0.355615
0.351792
0.361092
0.366208
0.390382
0.440071
0.43153
0.474432
0.486885
0.391935
0.387371
0.402728
0.400472
0.407143
0.373912
0.382456
0.408463
0.376843
0.403003
0.430298
0.466254
0.460383
0.44815
0.442887
0.460586
0.456772
0.457969
0.485503
0.491704
0.537409
0.498651
0.368989
0.366056
0.379647
0.394279
0.416073
0.397735
0.371412
0.384729
0.430886
0.458537
0.482287
0.434483
0.468668
0.484537
0.471381
0.419197
0.40764
0.377262
0.368695
0.382372
0.368731
0.36307
0.378333
0.403938
0.37912
0.387169
0.380374
0.388426
0.372274
0.367281
0.392425
0.420589
0.423809
0.390606
0.362648
0.373155
0.414752
0.447369
0.433575
0.405761
0.407674
0.42584
0.432937
0.424752
0.444183
0.438096
0.4628
0.476853
0.48641
0.515584
0.422704
0.493947
0.455755
0.42569
0.420416
0.401282
0.414463
0.445415
0.399013
0.385848
0.401109
0.401592
0.392179
0.407504
0.400092
0.409342
0.387336
0.388946
0.39864
0.380633
0.426357
0.435011
0.398417
0.369018
0.404456
0.357566
0.360395
0.359571
0.347699
0.351516
0.360984
0.344447
0.342343
0.345803
0.344166
0.358084
0.364532
0.349971
0.365797
0.34535
0.349915
0.354647
0.37781
0.37744
0.388113
0.390959
0.370493
0.346323
0.351397
0.358444
0.366972
0.382301
0.383716
0.384412
0.361051
0.38271
0.387181
0.400993
0.37375
0.379385
0.37114
0.367081
0.379945
0.405721
0.393591
0.389098
0.423505
0.44105
0.439492
0.432071
0.485302
0.465099
0.487983
0.461051
0.384672
0.392484
0.388101
0.437999
0.438168
0.407487
0.400579
0.410485
0.425874
0.422594
0.421734
0.402563
0.397444
0.37554
0.348716
0.361532
0.358626
0.35615
0.387397
0.390657
0.39984
0.364466
0.381084
0.371694
0.380626
0.402627
0.389658
0.371642
0.391992
0.401171
0.379922
0.356043
0.341965
0.349784
0.345884
0.345549
0.363834
0.36534
0.374604
0.410641
0.394201
0.398172
0.361196
0.357276
0.352835
0.364745
0.40386
0.371321
0.398405
0.37504
0.383108
0.382013
0.434364
0.467164
0.420077
0.436939
0.415802
0.397477
0.378857
0.373042
0.368635
0.384278
0.412544
0.466732
0.463706
0.443925
0.437529
0.484657
0.541207
0.485111
0.514375
0.453267
0.46027
0.50033
0.52395
0.492425
0.436657
0.393069
0.370605
0.395949
0.392662
0.397337
0.408427
0.409121
0.37568
0.364622
0.371474
0.375589
0.384701
0.376286
0.419978
0.433039
0.399683
0.368459
0.353605
0.343815
0.354213
0.353489
0.347269
0.34596
0.344421
0.352171
0.370469
0.417651
0.407349
0.422817
0.424219
0.407784
0.374753
0.35535
0.35877
0.35266
0.364802
0.387383
0.406098
0.403053
0.413114
0.394454
0.410199
0.399346
0.355688
0.347392
0.348388
0.35669
0.351064
0.344281
0.34615
0.34502
0.351614
0.373032
0.371449
0.355426
0.36536
0.385319
0.365668
0.376732
0.372909
0.394878
0.409039
0.410279
0.390165
0.361936
0.363614
0.384093
0.408355
0.401809
0.380146
0.371794
0.379181
0.39435
0.396965
0.372702
0.352389
0.353957
0.346516
0.357473
0.375658
0.367381
0.353254
0.357965
0.39298
0.384084
0.365944
0.363933
0.381435
0.362155
0.361473
0.369914
0.360535
0.388606
0.387647
0.397788
0.376011
0.363029
0.387858
0.365912
0.352579
0.343228
0.343532
0.357242
0.38814
0.370026
0.373643
0.3745
0.385738
0.370652
0.354649
0.35193
0.363124
0.39002
0.387409
0.352639
0.344446
0.356622
0.344836
0.345733
0.344962
0.341121
0.353406
0.365042
0.412313
0.407806
0.385591
0.366039
0.379683
0.374992
0.383971
0.393827
0.381388
0.390744
0.367188
0.371517
0.401141
0.408899
0.415183
0.388323
0.374325
0.361242
0.356322
0.375155
0.389357
0.35755
0.343093
0.346876
0.370518
0.365908
0.39315
0.352376
0.354445
0.382035
0.395475
0.373581
0.351379
0.364426
0.389512
0.362547
0.359311
0.367454
0.371575
0.350848
0.35668
0.36309
0.38031
0.405169
0.424844
0.439017
0.409079
0.416286
0.391568
0.398725
0.416422
0.52104
0.529124
0.450968
0.437286
0.399139
0.420911
0.435891
0.403533
0.388635
0.41242
0.434847
0.372757
0.356438
0.406863
0.416006
0.397056
0.431039
0.378533
0.351279
0.348313
0.35879
0.353035
0.354119
0.352104
0.347479
0.352685
0.343994
0.346841
0.346823
0.35466
0.410764
0.425238
0.395509
0.399695
0.393046
0.385216
0.403497
0.402639
0.374806
0.385145
0.373321
0.401483
0.382523
0.362057
0.365546
0.35272
0.365931
0.385119
0.406833
0.40342
0.412191
0.386972
0.382142
0.370019
0.386498
0.407144
0.383818
0.366212
0.373476
0.388324
0.394776
0.3904
0.410386
0.387291
0.386178
0.409681
0.408595
0.404663
0.395625
0.402667
0.409841
0.394969
0.408141
0.414466
0.390271
0.390068
0.370322
0.357832
0.342545
0.351071
0.36398
0.370792
0.358934
0.368398
0.375078
0.348367
0.373659
0.366544
0.383391
0.387295
0.37368
0.372384
0.359634
0.35803
0.348955
0.366234
0.368382
0.346093
0.340232
0.348768
0.376934
0.369417
0.385101
0.367688
0.381277
0.406266
0.385327
0.383079
0.382024
0.3908
0.355382
0.382504
0.369859
0.353414
0.36644
0.392477
0.374155
0.39146
0.371397
0.409134
0.378645
0.36797
0.360106
0.382584
0.430083
0.447934
0.461035
0.45576
0.420851
0.417796
0.434545
0.456588
0.451198
0.421053
0.458152
0.40559
0.38002
0.373019
0.406098
0.390065
0.378363
0.44918
0.474693
0.441361
0.388605
0.395172
0.443015
0.397525
0.388584
0.428899
0.403752
0.413836
0.422887
0.359962
0.364081
0.378353
0.355938
0.363858
0.377767
0.396604
0.450357
0.423854
0.424405
0.452302
0.471205
0.450014
0.432699
0.449938
0.482685
0.492541
0.477882
0.487271
0.458768
0.431922
0.431364
0.43228
0.449691
0.430539
0.421548
0.434031
0.429508
0.377819
0.374873
0.424327
0.409219
0.398554
0.427834
0.43652
0.425702
0.418417
0.419584
0.385928
0.396527
0.394132
0.415679
0.371975
0.376355
0.410133
0.401205
0.409101
0.409117
0.399592
0.439308
0.469341
0.487715
0.439289
0.504256
0.463284
0.447455
0.463376
0.439001
0.427104
0.432133
0.456593
0.47657
0.470142
0.483963
0.393333
0.408007
0.395228
0.366045
0.360082
0.358469
0.376833
0.409461
0.412936
0.36723
0.355991
0.367987
0.383223
0.367071
0.359126
0.376538
0.346587
0.346592
0.34259
0.346416
0.351438
0.368773
0.383954
0.362701
0.387273
0.392749
0.369803
0.377006
0.36105
0.364029
0.373005
0.377657
0.355074
0.376414
0.379005
0.377417
0.388648
0.389845
0.387709
0.3989
0.409788
0.405118
0.369095
0.349401
0.351236
0.343054
0.352799
0.373601
0.354315
0.378986
0.386662
0.363829
0.344577
0.341102
0.354165
0.385596
0.399966
0.415721
0.420123
0.417024
0.402425
0.405912
0.405292
0.363964
0.382823
0.357425
0.373826
0.376822
0.384594
0.387007
0.350805
0.368572
0.365944
0.361557
0.361292
0.38751
0.369861
0.3672
0.358175
0.367477
0.38533
0.388457
0.379154
0.376381
0.408262
0.379139
0.395226
0.401718
0.40887
0.397905
0.355287
0.353658
0.377699
0.396207
0.389551
0.374037
0.371692
0.380588
0.41644
0.427733
0.433869
0.412372
0.381348
0.367405
0.414659
0.390073
0.405712
0.443986
0.443882
0.434425
0.413683
0.413479
0.391006
0.418638
0.379963
0.415312
0.45683
0.473541
0.44545
0.460836
0.541413
0.559962
0.505391
0.432918
0.480823
0.490523
0.458158
0.383576
0.3598
0.350321
0.369198
0.355368
0.367263
0.357957
0.351521
0.359943
0.37644
0.371399
0.361558
0.365024
0.385524
0.400658
0.410251
0.401874
0.404435
0.421118
0.417439
0.399712
0.412948
0.413253
0.443446
0.404174
0.392619
0.401834
0.398456
0.419811
0.407766
0.390041
0.394761
0.396783
0.394282
0.402896
0.408929
0.48594
0.452898
0.402461
0.439004
0.401823
0.374469
0.416391
0.419676
0.372947
0.364073
0.379748
0.439154
0.446146
0.399183
0.43083
0.413645
0.421092
0.448041
0.441413
0.43133
0.417038
0.42931
0.439421
0.445719
0.502022
0.493408
0.48908
0.445525
0.398771
0.367553
0.355936
0.365887
0.35168
0.355734
0.349779
0.344572
0.346636
0.365778
0.374333
0.358385
0.362165
0.383438
0.382815
0.383098
0.365689
0.370594
0.386153
0.390282
0.432873
0.474431
0.465873
0.515649
0.499889
0.417446
0.379437
0.412441
0.427439
0.389063
0.396762
0.361824
0.360507
0.365235
0.392161
0.365245
0.354419
0.35859
0.369903
0.384419
0.364417
0.344385
0.351877
0.370299
0.367362
0.370045
0.367408
0.352694
0.356495
0.396029
0.465539
0.44027
0.424406
0.429938
0.445111
0.388114
0.409783
0.41275
0.373013
0.390131
0.424947
0.439801
0.433418
0.41401
0.424271
0.405428
0.389162
0.359535
0.359325
0.382124
0.439347
0.458709
0.474906
0.459476
0.435704
0.41917
0.446482
0.478313
0.440849
0.5085
0.469764
0.4614
0.480876
0.404819
0.385646
0.37758
0.391342
0.44414
0.449637
0.427726
0.419462
0.456531
0.45434
0.406938
0.355055
0.364715
0.361988
0.386185
0.392974
0.409944
0.427913
0.434693
0.487865
0.466164
0.383513
0.408816
0.425092
0.4306
0.434727
0.418822
0.426238
0.38203
0.380301
0.408075
0.376279
0.38191
0.384504
0.440786
0.447167
0.37155
0.405496
0.455361
0.43752
0.419311
0.412867
0.428669
0.368998
0.356474
0.382965
0.397391
0.403725
0.402215
0.410566
0.391999
0.395846
0.382371
0.365215
0.411573
0.382236
0.380447
0.368169
0.37897
0.40214
0.400926
0.388543
0.37291
0.404542
0.384252
0.382389
0.402976
0.39521
0.366016
0.34813
0.353446
0.349605
0.362789
0.410643
0.39339
0.357963
0.346572
0.353001
0.3844
0.378429
0.358952
0.3543
0.368887
0.375136
0.37223
0.367533
0.402916
0.40989
0.401167
0.399379
0.429058
0.390818
0.375802
0.431026
0.408704
0.430978
0.365359
0.379412
0.365964
0.370668
0.376921
0.369652
0.35959
0.341879
0.348863
0.338327
0.34537
0.354943
0.374295
0.386409
0.401569
0.384977
0.394778
0.382201
0.383519
0.437653
0.419346
0.4296
0.394883
0.40454
0.416305
0.389343
0.424551
0.387558
0.410295
0.460918
0.419611
0.418673
0.377869
0.377796
0.435503
0.459164
0.446886
0.539586
0.544041
0.569285
0.53082
0.425179
0.394921
0.398491
0.381148
0.403582
0.392723
0.411006
0.388999
0.368664
0.348055
0.353804
0.347309
0.362443
0.38244
0.395509
0.3994
0.384548
0.385253
0.411013
0.387944
0.374143
0.379259
0.364738
0.366401
0.350717
0.370729
0.396489
0.363275
0.354122
0.344913
0.354612
0.394256
0.438764
0.454944
0.449988
0.447872
0.433396
0.435329
0.395032
0.398501
0.390433
0.39176
0.400853
0.399967
0.402266
0.400984
0.387265
0.385774
0.41673
0.399783
0.390379
0.396219
0.380074
0.353247
0.389135
0.394992
0.40341
0.406692
0.387348
0.384002
0.36918
0.406395
0.39392
0.409202
0.408641
0.402148
0.412655
0.444192
0.439676
0.429299
0.422746
0.432448
0.477513
0.437515
0.435018
0.433092
0.422724
0.456107
0.427671
0.393957
0.383887
0.355803
0.350641
0.369454
0.406095
0.38864
0.42957
0.411272
0.422207
0.399286
0.395349
0.415714
0.447872
0.468965
0.391031
0.411209
0.402633
0.372471
0.399519
0.434023
0.454873
0.423239
0.430636
0.466097
0.425616
0.47263
0.49864
0.511363
0.514666
0.508317
0.481206
0.478442
0.545753
0.547921
0.540598
0.591511
0.523245
0.456422
0.451363
0.411791
0.43618
0.388149
0.444778
0.42858
0.429416
0.379337
0.364631
0.406419
0.443771
0.449615
0.437541
0.434469
0.392976
0.403671
0.401439
0.38456
0.368097
0.395778
0.401446
0.408546
0.402014
0.399603
0.393287
0.402459
0.395076
0.422986
0.433929
0.405831
0.406547
0.400825
0.40552
0.431085
0.390548
0.391263
0.403078
0.467575
0.433795
0.416146
0.421744
0.445784
0.427804
0.451064
0.409182
0.383955
0.365239
0.368975
0.35457
0.344908
0.343293
0.351528
0.370731
0.38118
0.392059
0.377889
0.384192
0.401706
0.387263
0.352363
0.35527
0.363945
0.411403
0.449276
0.477634
0.499895
0.464143
0.406211
0.410869
0.437126
0.402949
0.433762
0.471007
0.485525
0.435247
0.385949
0.373826
0.369903
0.407085
0.394769
0.445897
0.425832
0.380438
0.391473
0.376807
0.400171
0.408503
0.418575
0.403797
0.410282
0.415873
0.470654
0.43078
0.409506
0.454533
0.463188
0.469924
0.465536
0.419409
0.386038
0.384313
0.374927
0.372372
0.39812
0.421556
0.403878
0.422157
0.425808
0.41951
0.372315
0.420851
0.425782
0.433822
0.44856
0.418407
0.44612
0.438006
0.469622
0.472864
0.427912
0.440742
0.444952
0.436791
0.466341
0.47386
0.52604
0.543746
0.552734
0.563166
0.52878
0.447597
0.385732
0.395535
0.410296
0.434639
0.433106
0.405147
0.434213
0.437076
0.420504
0.406539
0.39817
0.385919
0.432875
0.434992
0.430262
0.42418
0.38761
0.365608
0.36
0.354366
0.351056
0.361705
0.388845
0.375168
0.363277
0.383476
0.368929
0.415907
0.414432
0.43156
0.412556
0.416723
0.356248
0.351829
0.364828
0.366761
0.368179
0.378731
0.412052
0.478839
0.462915
0.452077
0.469222
0.379505
0.37258
0.371001
0.363877
0.450174
0.385357
0.407432
0.421972
0.513203
0.478149
0.447894
0.538451
0.517531
0.496417
0.499621
0.491512
0.511954
0.507632
0.465909
0.463409
0.438522
0.438569
0.465673
0.44967
0.422041
0.431989
0.396294
0.36595
0.358137
0.39449
0.375948
0.365414
0.394097
0.403318
0.376499
0.356575
0.370181
0.350839
0.381267
0.39987
0.407176
0.404989
0.384516
0.359596
0.3545
0.348887
0.367328
0.377889
0.393895
0.373224
0.364775
0.356336
0.368958
0.379174
0.401549
0.38416
0.393411
0.410049
0.426911
0.431248
0.424575
0.419136
0.455595
0.472742
0.460673
0.494079
0.466223
0.416353
0.408831
0.429796
0.400927
0.438392
0.467843
0.390652
0.421548
0.412501
0.437268
0.431728
0.417853
0.445288
0.462599
0.449082
0.427797
0.479036
0.463905
0.430584
0.443855
0.497755
0.416572
0.421375
0.401591
0.367486
0.416229
0.431395
0.408273
0.383294
0.377883
0.358634
0.355525
0.376947
0.381529
0.361456
0.376699
0.373626
0.358516
0.389898
0.392705
0.390839
0.37815
0.379572
0.393559
0.427403
0.418288
0.382778
0.394901
0.368969
0.366016
0.361694
0.392248
0.376563
0.373625
0.383034
0.38527
0.393911
0.439326
0.477144
0.44982
0.432896
0.492856
0.481379
0.461097
0.394148
0.468667
0.479441
0.389429
0.365273
0.346891
0.361334
0.387233
0.381758
0.411796
0.387072
0.389832
0.395138
0.403031
0.397436
0.378323
0.378579
0.360173
0.348285
0.352279
0.384954
0.386738
0.361073
0.351448
0.378777
0.355522
0.353588
0.368922
0.354353
0.342226
0.350399
0.345879
0.359448
0.376705
0.37006
0.353771
0.382283
0.40527
0.414373
0.41625
0.411797
0.38253
0.400881
0.381904
0.392919
0.396279
0.392337
0.397235
0.435297
0.405883
0.42222
0.424806
0.451013
0.476306
0.449372
0.472249
0.433553
0.491018
0.446786
0.427061
0.433878
0.45906
0.427102
0.439439
0.473308
0.487849
0.470917
0.465685
0.516369
0.435819
0.403511
0.417305
0.452679
0.435973
0.476195
0.509512
0.5215
0.41198
0.428868
0.420139
0.403845
0.403752
0.425098
0.419409
0.410139
0.432832
0.422628
0.414554
0.421813
0.421333
0.391124
0.39804
0.387419
0.36548
0.394685
0.373868
0.361894
0.382603
0.418208
0.395837
0.394055
0.391882
0.420303
0.423522
0.391584
0.385828
0.39664
0.405679
0.395747
0.418845
0.414596
0.370827
0.357784
0.341791
0.339144
0.346601
0.356991
0.375232
0.375292
0.348977
0.337997
0.346873
0.34106
0.348327
0.347743
0.348433
0.335385
0.344869
0.343653
0.352229
0.382004
0.38213
0.376798
0.374432
0.38017
0.372281
0.377403
0.384147
0.353708
0.343868
0.341736
0.348618
0.349249
0.342503
0.343763
0.347228
0.343253
0.352748
0.367618
0.355806
0.364883
0.387038
0.415165
0.378103
0.400636
0.441782
0.42781
0.42408
0.376464
0.384323
0.372298
0.359336
0.364131
0.399375
0.375552
0.378449
0.411384
0.455954
0.472773
0.489917
0.505673
0.406803
0.403699
0.425292
0.410352
0.461077
0.450682
0.380062
0.359483
0.34471
0.356323
0.362076
0.377394
0.40037
0.385317
0.388308
0.421829
0.401302
0.392278
0.374869
0.37804
0.380773
0.345661
0.347654
0.34539
0.346772
0.374718
0.367373
0.345306
0.356438
0.362998
0.41544
0.400512
0.406607
0.391663
0.393763
0.416415
0.406139
0.397623
0.39491
0.39744
0.385629
0.396772
0.396259
0.378827
0.416371
0.447427
0.402194
0.382409
0.408013
0.457125
0.434517
0.41134
0.411985
0.4488
0.45806
0.452149
0.439137
0.470922
0.43452
0.386432
0.377727
0.389718
0.372261
0.353463
0.357015
0.370395
0.360789
0.374311
0.404059
0.426297
0.440996
0.442185
0.447643
0.444406
0.462125
0.460845
0.445126
0.421199
0.413631
0.484588
0.489314
0.468215
0.472232
0.489853
0.529928
0.564202
0.429965
0.423248
0.428009
0.427712
0.390897
0.426243
0.414301
0.41483
0.43298
0.436851
0.427058
0.446622
0.415977
0.409851
0.41128
0.3724
0.37113
0.374074
0.393225
0.406228
0.474619
0.468507
0.420143
0.436259
0.42644
0.412533
0.364841
0.390794
0.389152
0.380916
0.409567
0.419902
0.398969
0.373204
0.38018
0.394544
0.38381
0.414292
0.415815
0.411772
0.409835
0.405097
0.437608
0.424221
0.46743
0.444974
0.450821
0.428533
0.445712
0.474895
0.412457
0.416932
0.423256
0.501001
0.483322
0.430992
0.42168
0.484926
0.450115
0.432083
0.420718
0.438193
0.437439
0.418949
0.436144
0.415443
0.385964
0.450339
0.464275
0.462563
0.431677
0.441989
0.428361
0.389484
0.378596
0.401511
0.378328
0.42966
0.420922
0.447594
0.452928
0.575255
0.577468
0.548771
0.478476
0.51983
0.443803
0.410513
0.411826
0.457068
0.427383
0.470521
0.473961
0.443738
0.422129
0.45712
0.477838
0.438241
0.440896
0.441407
0.439101
0.435201
0.441548
0.448036
0.435894
0.431322
0.415292
0.469426
0.486771
0.494116
0.501862
0.46378
0.41842
0.423419
0.408566
0.413616
0.435204
0.47557
0.451873
0.394671
0.401686
0.423265
0.433445
0.43272
0.477829
0.481016
0.397349
0.369005
0.359453
0.368553
0.362061
0.366224
0.396989
0.457914
0.494958
0.48555
0.436295
0.482543
0.424556
0.409399
0.43329
0.430655
0.446384
0.365452
0.410176
0.426215
0.427698
0.414429
0.474752
0.418349
0.442103
0.488836
0.537532
0.48661
0.512861
0.576432
0.523953
0.511684
0.508758
0.47451
0.474619
0.496802
0.454063
0.471761
0.511884
0.46869
0.452421
0.427209
0.419897
0.4099
0.401173
0.409852
0.432607
0.471831
0.519377
0.475372
0.45038
0.452963
0.427465
0.451873
0.470801
0.439501
0.432575
0.438731
0.434049
0.444579
0.454321
0.432804
0.471456
0.433163
0.503468
0.475856
0.4324
0.497087
0.477375
0.499445
0.490473
0.468735
0.434861
0.447624
0.464764
0.497932
0.464899
0.398799
0.361598
0.363802
0.386399
0.399768
0.442394
0.468058
0.425829
0.422078
0.410039
0.404281
0.419114
0.472455
0.441121
0.411079
0.448091
0.445194
0.39033
0.380037
0.373242
0.42029
0.479305
0.501002
0.507828
0.519875
0.504094
0.503841
0.520945
0.56514
0.543588
0.421784
0.364525
0.39611
0.412043
0.37713
0.398416
0.4044
0.410465
0.429963
0.418428
0.420656
0.428253
0.435341
0.433488
0.397282
0.410079
0.439995
0.4126
0.390732
0.400383
0.373548
0.360763
0.346287
0.355766
0.395301
0.379148
0.354686
0.379972
0.409771
0.411679
0.432178
0.368263
0.366941
0.356151
0.377891
0.363944
0.361524
0.406494
0.442766
0.432941
0.446175
0.448432
0.43647
0.419983
0.382539
0.366523
0.380526
0.384427
0.387925
0.414968
0.433789
0.428846
0.371175
0.38775
0.401547
0.405576
0.371378
0.34709
0.343526
0.351482
0.354609
0.363994
0.385053
0.351689
0.367922
0.382347
0.417695
0.418594
0.44884
0.41267
0.455492
0.499651
0.556874
0.583482
0.543502
0.555355
0.541095
0.515431
0.48197
0.522112
0.481833
0.471853
0.526429
0.467339
0.504464
0.502182
0.482304
0.484416
0.513603
0.528767
0.541697
0.451117
0.40212
0.410407
0.419189
0.401778
0.438044
0.474342
0.44673
0.435466
0.466936
0.471782
0.470005
0.512807
0.426236
0.461198
0.51228
0.46738
0.497605
0.506376
0.438322
0.437544
0.514839
0.497155
0.506034
0.495791
0.523055
0.524744
0.500015
0.437389
0.447483
0.498423
0.509721
0.462183
0.443045
0.482692
0.462314
0.445982
0.456451
0.46455
0.444351
0.430903
0.38652
0.370606
0.384603
0.391727
0.401129
0.387236
0.387556
0.39309
0.374432
0.389776
0.405216
0.448153
0.419365
0.432105
0.42115
0.405999
0.434325
0.439111
0.47076
0.435413
0.484419
0.476642
0.450595
0.452859
0.485594
0.465179
0.46059
0.409909
0.428755
0.431029
0.421557
0.459027
0.458167
0.451257
0.461183
0.465704
0.472992
0.471606
0.482608
0.46103
0.406722
0.428895
0.388544
0.388498
0.469033
0.486414
0.456987
0.448328
0.439373
0.524103
0.570728
0.561015
0.384336
0.392965
0.376452
0.356398
0.384923
0.36314
0.34918
0.352447
0.347817
0.349298
0.351279
0.351222
0.382617
0.383752
0.361368
0.381134
0.385339
0.379552
0.438941
0.439314
0.430079
0.432171
0.427578
0.443811
0.420864
0.431391
0.422279
0.431958
0.492091
0.510392
0.524266
0.523879
0.492202
0.412948
0.473244
0.478457
0.538947
0.489794
0.48372
0.477213
0.502461
0.476025
0.447436
0.45843
0.446484
0.448061
0.471736
0.48136
0.45456
0.445029
0.424527
0.448881
0.460724
0.515969
0.518076
0.512125
0.449526
0.476494
0.500474
0.508121
0.495032
0.500149
0.520067
0.482428
0.488867
0.501571
0.544155
0.48376
0.435327
0.405432
0.374974
0.389289
0.405289
0.38855
0.419761
0.434759
0.391013
0.391216
0.412358
0.388986
0.391327
0.406531
0.418208
0.414688
0.43287
0.402088
0.373927
0.388465
0.401097
0.415416
0.384279
0.364532
0.364056
0.363616
0.362559
0.392777
0.378167
0.357799
0.357499
0.362376
0.367348
0.369005
0.390795
0.401066
0.476896
0.429423
0.407019
0.379792
0.396146
0.407573
0.392025
0.431838
0.435465
0.487266
0.409487
0.398192
0.404601
0.44949
0.424714
0.410178
0.390405
0.391351
0.389129
0.397732
0.388341
0.401755
0.376415
0.394508
0.46342
0.410721
0.431384
0.432447
0.396934
0.406963
0.388323
0.385494
0.392609
0.38357
0.366463
0.372147
0.366432
0.36049
0.360977
0.36051
0.37023
0.362752
0.360521
0.357624
0.356466
0.359279
0.362002
0.361481
0.362308
0.356808
0.36775
0.372653
0.374061
0.358814
0.379905
0.417455
0.398624
0.401365
0.411622
0.373183
0.375596
0.411392
0.389491
0.383719
0.402218
0.387992
0.394476
0.372956
0.361818
0.405681
0.365744
0.375538
0.413258
0.441597
0.408091
0.366114
0.373132
0.402483
0.372092
0.363894
0.357978
0.352322
0.383652
0.440552
0.396513
0.389853
0.405654
0.402195
0.41967
0.41353
0.406457
0.391025
0.385727
0.395257
0.390244
0.380753
0.371249
0.365772
0.372265
0.380157
0.368841
0.386851
0.410405
0.431617
0.424379
0.40462
0.505827
0.510188
0.393652
0.483693
0.391585
0.359462
0.359943
0.399959
0.406185
0.411722
0.422364
0.405934
0.400301
0.388926
0.386161
0.388802
0.377093
0.394681
0.38699
0.390433
0.39103
0.403853
0.390228
0.395874
0.403201
0.390711
