0.550533
0.494664
0.468942
0.487729
0.463484
0.498631
0.470909
0.476005
0.479461
0.471249
0.46919
0.450492
0.463081
0.443103
0.461351
0.443533
0.395943
0.448731
0.423253
0.40812
0.397053
0.40447
0.391342
0.370234
0.351138
0.37708
0.37321
0.361314
0.380734
0.383651
0.390653
0.403949
0.3877
0.362718
0.371152
0.347414
0.37448
0.437938
0.422944
0.416568
0.411883
0.435114
0.478272
0.41758
0.437075
0.391634
0.413232
0.386378
0.391614
0.400049
0.404739
0.421807
0.40378
0.363722
0.339332
0.356165
0.344836
0.3594
0.440375
0.462727
0.442208
0.412626
0.420648
0.379407
0.378591
0.396224
0.419007
0.455714
0.449627
0.411785
0.430076
0.378271
0.401102
0.416793
0.40745
0.450549
0.419844
0.411167
0.459285
0.395966
0.410175
0.394271
0.407148
0.435323
0.446581
0.437927
0.40264
0.37403
0.405744
0.388392
0.423936
0.435723
0.373671
0.367265
0.39211
0.365544
0.417913
0.40447
0.393718
0.426626
0.433502
0.396137
0.36244
0.366391
0.392647
0.431551
0.42707
0.39357
0.417486
0.416868
0.429492
0.368238
0.413825
0.451585
0.373989
0.409948
0.448128
0.410941
0.40416
0.370391
0.351112
0.369531
0.363746
0.385395
0.390853
0.352069
0.387858
0.38256
0.360941
0.36185
0.3889
0.40787
0.400185
0.396196
0.370716
0.369869
0.348256
0.357438
0.385553
0.342685
0.384492
0.380607
0.410093
0.39846
0.401594
0.364022
0.356112
0.40891
0.467735
0.392413
0.399959
0.390291
0.402006
0.460787
0.450893
0.47254
0.509012
0.369635
0.404872
0.380844
0.462301
0.46393
0.437559
0.375689
0.371969
0.387488
0.388247
0.371685
0.412514
0.375811
0.432792
0.410423
0.432087
0.449744
0.486783
0.463525
0.413659
0.421087
0.396811
0.399147
0.400125
0.387918
0.424323
0.383883
0.359194
0.353067
0.345133
0.350296
0.356745
0.367087
0.387891
0.352068
0.36771
0.378902
0.386224
0.380816
0.371207
0.395703
0.42526
0.457669
0.46638
0.388648
0.428895
0.410787
0.420885
0.387758
0.35482
0.376856
0.381681
0.380162
0.386924
0.39323
0.351811
0.346422
0.3677
0.40079
0.362692
0.376085
0.383023
0.39478
0.442397
0.408362
0.371461
0.418703
0.45052
0.5045
0.475434
0.506742
0.406926
0.390312
0.406016
0.36989
0.377766
0.420499
0.364333
0.351064
0.346442
0.365088
0.419372
0.396224
0.355167
0.396278
0.404058
0.352154
0.353474
0.34414
0.364176
0.369598
0.373193
0.40532
0.374756
0.394162
0.377429
0.39284
0.358
0.358508
0.362194
0.380292
0.370092
0.363859
0.37962
0.379575
0.374549
0.346096
0.37088
0.375941
0.366032
0.370048
0.360947
0.349697
0.345301
0.382689
0.384491
0.378383
0.390943
0.373255
0.410546
0.373825
0.371218
0.353406
0.367354
0.363615
0.387207
0.361817
0.366619
0.363846
0.362797
0.412456
0.418893
0.402652
0.501995
0.420855
0.415668
0.414295
0.373754
0.413623
0.374113
0.353761
0.35176
0.346811
0.358555
0.411405
0.393519
0.390717
0.388755
0.364485
0.394951
0.399146
0.380466
0.385826
0.383015
0.394808
0.407508
0.404392
0.403483
0.391901
0.35302
0.360635
0.369609
0.361677
0.379904
0.370852
0.356159
0.355387
0.357859
0.373567
0.391205
0.383898
0.372502
0.362454
0.385899
0.388814
0.368578
0.412934
0.454877
0.422882
0.445151
0.416618
0.387443
0.412245
0.434801
0.413731
0.406289
0.412012
0.36738
0.362096
0.417153
0.434861
0.454314
0.471199
0.473061
0.430523
0.436089
0.422596
0.397832
0.413295
0.426178
0.399674
0.394348
0.392643
0.409073
0.462433
0.465395
0.456611
0.432458
0.471864
0.416041
0.373478
0.37858
0.385325
0.369255
0.346179
0.351196
0.372544
0.383986
0.366762
0.36857
0.377337
0.388017
0.404625
0.364023
0.34812
0.367389
0.370419
0.35125
0.405839
0.411928
0.390801
0.370592
0.383527
0.362625
0.363634
0.374828
0.368882
0.381928
0.390662
0.4033
0.367409
0.388146
0.372926
0.418467
0.404
0.390711
0.4304
0.424281
0.399942
0.42663
0.458516
0.538584
0.467571
0.4029
0.357191
0.360426
0.365259
0.364788
0.395162
0.406023
0.412994
0.425365
0.400171
0.407817
0.396335
0.395104
0.453353
0.413441
0.40288
0.372882
0.418943
0.441095
0.427573
0.472289
0.371203
0.358029
0.346912
0.366845
0.369416
0.376363
0.381813
0.454458
0.463885
0.410883
0.379048
0.372943
0.360858
0.375256
0.350347
0.368741
0.358237
0.425735
0.435911
0.405416
0.390355
0.433114
0.415543
0.363899
0.430243
0.453141
0.449543
0.474589
0.450706
0.381669
0.432445
0.446337
0.36443
0.38173
0.421344
0.461489
0.406331
0.429581
0.39911
0.387667
0.412131
0.403466
0.429209
0.367685
0.402957
0.3996
0.378082
0.390464
0.380095
0.392997
0.389474
0.39464
0.357564
0.362179
0.38048
0.363723
0.364335
0.369634
0.386112
0.405699
0.396512
0.425258
0.372656
0.372352
0.355643
0.344515
0.366625
0.390473
0.386212
0.426958
0.412875
0.402623
0.420546
0.411249
0.403417
0.488951
0.548932
0.408071
0.391112
0.396352
0.35491
0.359967
0.394804
0.394638
0.381843
0.363007
0.376574
0.353962
0.386584
0.443982
0.404694
0.380028
0.386902
0.396512
0.386479
0.403255
0.419595
0.432138
0.446263
0.431286
0.428569
0.370635
0.382506
0.410825
0.406451
0.445069
0.403807
0.395226
0.43382
0.445974
0.499643
0.499212
0.525393
0.551456
0.438989
0.420246
0.428234
0.3858
0.442319
0.409588
0.384331
0.404224
0.397349
0.405952
0.417963
0.408657
0.415406
0.431625
0.388105
0.354402
0.354725
0.385269
0.39149
0.358774
0.416376
0.479768
0.418133
0.432966
0.433756
0.383768
0.421969
0.382582
0.4068
0.408573
0.436928
0.452996
0.446026
0.38025
0.398782
0.415996
0.397939
0.433564
0.434156
0.462931
0.433625
0.452919
0.518348
0.548305
0.415138
0.424361
0.425447
0.409528
0.416607
0.421796
0.364521
0.355569
0.376394
0.389802
0.417433
0.383886
0.363489
0.391944
0.467622
0.39535
0.401103
0.479237
0.51828
0.501745
0.479259
0.446402
0.438109
0.390624
0.377791
0.387162
0.36892
0.375284
0.402661
0.360823
0.366232
0.378415
0.364078
0.391916
0.412773
0.426011
0.458409
0.471317
0.416984
0.438323
0.405356
0.433963
0.443116
0.449315
0.448134
0.45147
0.393169
0.414907
0.369717
0.37246
0.369985
0.375654
0.386416
0.401369
0.387668
0.378227
0.377157
0.425817
0.456112
0.459143
0.449521
0.360568
0.379487
0.396693
0.398564
0.376293
0.352907
0.378576
0.363105
0.359466
0.345981
0.364956
0.366945
0.410666
0.397826
0.392098
0.398795
0.419205
0.450299
0.454494
0.4573
0.441605
0.453502
0.484532
0.434306
0.437957
0.503105
0.419673
0.41338
0.418551
0.419704
0.407
0.382024
0.374118
0.401392
0.395552
0.406457
0.397599
0.41026
0.355455
0.344969
0.370838
0.343573
0.345498
0.343521
0.347466
0.380953
0.377815
0.375857
0.344501
0.347699
0.343673
0.357211
0.367418
0.397479
0.428875
0.390224
0.362586
0.384624
0.424305
0.492747
0.407592
0.442287
0.355678
0.366344
0.389438
0.408475
0.380191
0.351734
0.355395
0.357394
0.386048
0.399563
0.406827
0.396819
0.394512
0.404348
0.406935
0.431414
0.423675
0.446114
0.445169
0.384424
0.358506
0.366058
0.408485
0.446377
0.456166
0.432507
0.47239
0.475426
0.507155
0.418978
0.417038
0.434976
0.406396
0.373248
0.427109
0.441113
0.400906
0.385577
0.411541
0.382161
0.399215
0.41135
0.421114
0.455646
0.436476
0.432343
0.468979
0.445312
0.442254
0.429103
0.407714
0.461961
0.437143
0.38693
0.406778
0.439961
0.565402
0.476386
0.426658
0.456655
0.444493
0.448576
0.439046
0.428507
0.482129
0.428973
0.446774
0.411817
0.459362
0.400655
0.363601
0.398101
0.477436
0.438288
0.438623
0.39572
0.427037
0.444241
0.506663
0.535854
0.492034
0.480399
0.480952
0.431252
0.406823
0.470353
0.448289
0.454295
0.439653
0.449163
0.469809
0.469116
0.47753
0.459923
0.434164
0.373797
0.43836
0.419286
0.434013
0.433986
0.396845
0.432771
0.508794
0.527642
0.392927
0.396168
0.411689
0.418125
0.421152
0.402564
0.36668
0.37169
0.368733
0.422187
0.365841
0.367746
0.402313
0.44821
0.418921
0.375044
0.396588
0.415518
0.39719
0.362125
0.350029
0.368742
0.384695
0.425728
0.458592
0.560222
0.526252
0.492079
0.495302
0.496392
0.491992
0.422125
0.443274
0.484649
0.469651
0.490303
0.470338
0.502667
0.495719
0.480279
0.463606
0.45358
0.448271
0.381013
0.393823
0.388376
0.392069
0.434435
0.417156
0.456512
0.466113
0.435838
0.431403
0.460401
0.463186
0.466786
0.403698
0.453442
0.451147
0.55252
0.381994
0.368717
0.349154
0.350489
0.375879
0.376428
0.411483
0.430816
0.432477
0.423476
0.495656
0.51397
0.46974
0.488507
0.466755
0.452465
0.466474
0.43627
0.504883
0.479774
0.505557
0.494378
0.515564
0.435487
0.394977
0.417211
0.401219
0.395464
0.421833
0.391496
0.40186
0.364613
0.374467
0.364461
0.362828
0.39598
0.436836
0.394929
0.416799
0.432327
0.423283
0.393226
0.393714
0.433589
0.402764
0.387873
0.368092
0.361101
0.36486
0.358822
0.360718
0.371377
0.380841
0.405195
0.381899
0.396394
0.388837
0.378263
0.394147
0.395966
0.383058
0.357952
0.40886
0.399332
0.412054
0.390206
0.381957
0.374037
0.379544
0.425009
0.455935
0.408825
0.407743
0.385837
0.393692
