0.465584
0.613106
0.577701
0.527457
0.565552
0.583187
0.608223
0.563416
0.571059
0.584901
0.586098
0.501207
0.47693
0.477504
0.503124
0.440542
0.441056
0.47207
0.501868
0.529752
0.551716
0.546737
0.44918
0.480203
0.454869
0.525486
0.458023
0.444589
0.481203
0.413112
0.437405
0.488046
0.523179
0.500098
0.49517
0.451219
0.439287
0.493923
0.532476
0.471726
0.491032
0.522125
0.516666
0.518766
0.419075
0.479384
0.462281
0.432044
0.43819
0.423956
0.428514
0.46766
0.506062
0.4777
0.486419
0.491724
0.501309
0.498475
0.481699
0.499917
0.497174
0.511532
0.518507
0.483036
0.49984
0.478745
0.506312
0.50783
0.469964
0.465593
0.48095
0.446165
0.487507
0.483429
0.459704
0.386324
0.49113
0.510155
0.488115
0.49264
0.488654
0.496106
0.5106
0.435651
0.455864
0.487041
0.464488
0.484656
0.459019
0.456156
0.474013
0.48592
0.463241
0.494259
0.481127
0.48825
0.489974
0.467073
0.504419
0.486829
0.508062
0.46072
0.436157
0.463597
0.456268
0.477279
0.428223
0.487125
0.475812
0.47983
0.480678
0.480653
0.470613
0.513168
0.446026
0.461789
0.486585
0.482879
0.466949
0.484765
0.455156
0.481769
0.464069
0.468939
0.445104
0.459037
0.449337
0.429399
0.458034
0.445825
0.424647
0.404608
0.455384
0.408072
0.489529
0.49258
0.487904
0.495254
0.461453
0.469181
0.48488
0.484129
0.46614
0.433248
0.445591
0.455768
0.419278
0.466698
0.47536
0.444924
0.426663
0.439413
0.478123
0.420338
0.476613
0.502239
0.457125
0.418376
0.407642
0.403007
0.465449
0.44863
0.480837
0.496725
0.475683
0.460635
0.449376
0.489828
0.464718
0.410433
0.444694
0.437613
0.412502
0.45686
0.507422
0.434324
0.408099
0.452915
0.475726
0.490285
0.436465
0.394359
0.437406
0.411149
0.387709
0.374576
0.372353
0.370061
0.41223
0.422658
0.383183
0.384056
0.419105
0.409177
0.399563
0.428858
0.411665
0.415033
0.440724
0.44169
0.486477
0.500515
0.455736
0.434078
0.506244
0.500852
0.480738
0.456307
0.413855
0.415442
0.395962
0.392752
0.401175
0.417578
0.395783
0.415616
0.410283
0.400211
0.400998
0.415293
0.420662
0.400636
0.429419
0.421315
0.399183
0.409114
0.382764
0.375809
0.37525
0.388658
0.415424
0.38514
0.401987
0.410268
0.396893
0.451126
0.39822
0.377073
0.404494
0.401983
0.376739
0.425327
0.407539
0.410523
0.400883
0.404734
0.422021
0.411061
0.38072
0.372372
0.368587
0.393195
0.383034
0.366429
0.387847
0.409218
0.429031
0.405765
0.403803
0.392509
0.366789
0.380769
0.369134
0.367348
0.35181
0.355689
0.362151
0.393022
0.378559
0.378297
0.369352
0.360382
0.35756
0.342847
0.340839
0.350498
0.353918
0.350852
0.349211
0.351076
0.356587
0.349045
0.354916
0.374074
0.372062
0.376387
0.371892
0.378622
0.378832
0.401618
0.380511
0.378344
0.391223
0.375117
0.393261
0.390754
0.386334
0.392595
0.372984
0.36115
0.355702
0.354333
0.359563
0.350941
0.359203
0.354568
0.345995
0.347697
0.359615
0.36846
0.382974
0.363252
0.36509
0.369708
0.359408
0.357948
0.369359
0.373998
0.384338
0.36469
0.377615
0.387698
0.41023
0.395964
0.39802
0.399422
0.36733
0.36957
0.377205
0.380718
0.395051
0.402426
0.403078
0.387236
0.375692
0.372956
0.373884
0.374068
0.39226
0.38546
0.394152
0.406388
0.394365
0.393912
0.3727
0.404089
0.386782
0.392913
0.407313
0.422266
0.400407
0.388321
0.392823
0.39612
0.394751
0.386217
0.421742
0.42204
0.424781
0.39791
0.42377
0.422661
0.399219
0.386488
0.380322
0.359692
0.373818
0.375235
0.371209
0.375966
0.358918
0.355199
0.339147
0.350051
0.360305
0.359649
0.369772
0.373752
0.36596
0.376656
0.385819
0.379756
0.392565
0.38685
0.372686
0.36985
0.401649
0.371645
0.350839
0.352397
0.343423
0.350042
0.348105
0.33772
0.354069
0.343553
0.356575
0.352128
0.351415
0.340302
0.342065
0.340621
0.345288
0.349973
0.351285
0.359029
0.357212
0.369558
0.372008
0.386163
0.37505
0.4022
0.396332
0.406522
0.427567
0.466087
0.455281
0.481779
0.469497
0.461057
0.464314
0.392434
0.385526
0.413527
0.403168
0.471941
0.429813
0.428508
0.435121
0.448827
0.430645
0.380394
0.37733
0.417901
0.448221
0.401722
0.395893
0.370736
0.424169
0.41924
0.423809
0.394013
0.423619
0.441184
0.44159
0.426898
0.409123
0.408599
0.399246
0.375708
0.379784
0.369406
0.385994
0.40899
0.417043
0.435737
0.406741
0.404239
0.414088
0.41182
0.449988
0.418646
0.39382
0.423164
0.423737
0.410341
0.428218
0.421677
0.446043
0.457999
0.413878
0.476516
0.464296
0.440071
0.46321
0.423696
0.406285
0.415871
0.414921
0.401533
0.460415
0.494123
0.462022
0.440134
0.479895
0.460464
0.521315
0.518902
0.421032
0.449004
0.496636
0.494908
0.504562
0.522314
0.461923
0.436252
0.40794
0.395899
0.4635
0.382695
0.365221
0.374988
0.406811
0.374879
0.390687
0.470772
0.473851
0.428733
0.418198
0.454093
0.476702
0.454744
0.385552
0.435851
0.426508
0.404521
0.397586
0.378545
0.378415
0.373958
0.372137
0.366142
0.391586
0.418824
0.40488
0.424766
0.430553
0.410052
0.434816
0.414188
0.380819
0.393741
0.422009
0.393466
0.445606
0.431638
0.390901
0.418635
0.400108
0.393505
0.401855
0.363006
0.393234
0.382829
0.367991
0.376369
0.38621
0.373294
0.383983
0.4092
0.407093
0.386606
0.371921
0.384474
0.388465
0.381128
0.387083
0.401888
0.396098
0.404695
0.380665
0.368642
0.390861
0.4249
0.420864
0.439278
0.436848
0.363388
0.388582
0.390898
0.413789
0.410063
0.409363
0.38846
0.422862
0.386418
0.394513
0.414046
0.403461
0.425955
0.394519
0.417874
0.381236
0.453246
0.389183
0.375166
0.455006
0.449821
0.435838
0.423367
0.415726
0.426489
0.424533
0.413365
0.398004
0.436967
0.404371
0.401603
0.400009
0.403081
0.406974
0.386714
0.387708
0.387502
0.381996
0.363019
0.366462
0.358742
0.379328
0.360101
0.357065
0.356964
0.36595
0.347713
0.344202
0.338916
0.346575
0.33728
0.342863
0.337312
0.341279
0.337954
0.334536
0.334324
0.33827
0.340486
0.342992
0.340798
0.346844
0.347253
0.340508
0.367644
0.379165
0.371339
0.370609
0.366604
0.35855
0.352182
0.34984
0.337505
0.340812
0.34157
0.33608
0.345551
0.344823
0.351158
0.338408
0.347615
0.35875
0.355621
0.358964
0.359867
0.384097
0.362191
0.362578
0.351582
0.351677
0.36003
0.365042
0.378113
0.414907
0.414821
0.408339
0.415939
0.507022
0.506764
0.492248
0.459371
0.504356
0.43649
0.445651
0.442916
0.48585
0.475746
0.47002
0.425196
0.498028
0.467381
0.468366
0.480197
0.465484
0.492963
0.458334
0.441022
0.454207
0.453158
0.441508
0.381813
0.391337
0.427417
0.460398
0.43791
0.410229
0.396309
0.401239
0.418689
0.445943
0.419428
0.373799
0.428162
0.430737
0.406564
0.407858
0.420592
0.449279
0.402853
0.422254
0.442997
0.430828
0.428807
0.382611
0.42209
0.418738
0.408538
0.411475
0.412233
0.3924
0.378059
0.36286
0.369758
0.376738
0.357298
0.357332
0.366161
0.373228
0.397983
0.382579
0.366073
0.360201
0.382784
0.390469
0.391992
0.379042
0.362142
0.374298
0.387389
0.397244
0.388616
0.408054
0.392702
0.419629
0.384339
0.383187
0.387486
0.406481
0.400827
0.424541
0.389864
0.401987
0.446942
0.458495
0.431622
0.42778
0.419904
0.442662
0.392063
0.373931
0.410233
0.441423
0.476792
0.442319
0.470734
0.471049
0.428628
0.381974
0.431751
0.457058
0.528917
0.530489
0.483102
0.44759
0.452727
0.433566
0.42847
0.42723
0.460185
0.452255
0.439767
0.432664
0.449851
0.397464
0.421322
0.416552
0.421509
0.416557
0.412989
0.426819
0.398029
0.399544
0.401557
0.4082
0.429147
0.431004
0.454451
0.454812
0.414342
0.440985
0.392939
0.455549
0.419892
0.420101
0.420671
0.419893
0.371339
0.375839
0.397077
0.382208
0.374246
0.357845
0.357958
0.367614
0.37978
0.379574
0.406615
0.404487
0.38839
0.410796
0.384651
0.398426
0.392193
0.387415
0.43085
0.403111
0.404663
0.399474
0.403975
0.391415
0.36751
0.421526
0.436607
0.40165
0.431393
0.427612
0.453447
0.446692
0.432748
0.407346
0.392892
0.424833
0.424642
0.435407
0.444713
0.391863
0.385633
0.372412
0.374734
0.431751
0.419254
0.446186
0.447961
0.445381
0.433829
0.473314
0.505459
0.447985
0.419272
0.425034
0.496955
0.44014
0.487489
0.484301
0.441572
0.418594
0.378166
0.37649
0.381791
0.376096
0.406915
0.41769
0.411285
0.390581
0.395089
0.40057
0.438209
0.412032
0.394518
0.405594
0.418007
0.424325
0.467664
0.439743
0.406929
0.468645
0.43857
0.476039
0.458274
0.50784
0.494764
0.460398
0.472332
0.405803
0.46302
0.46272
0.422935
0.396625
0.4005
0.411125
0.367152
0.352674
0.355602
0.351592
0.352764
0.374151
0.393056
0.400073
0.410645
0.379077
0.43568
0.463223
0.452985
0.40497
0.42078
0.380397
0.383643
0.373098
0.399599
0.409157
0.386133
0.391482
0.381764
0.387845
0.407976
0.407601
0.439195
0.456229
0.431677
0.495181
0.407061
0.386601
0.409039
0.377483
0.375987
0.356645
0.372242
0.373502
0.402956
0.423953
0.477052
0.465451
0.423905
0.414912
0.411069
0.394755
0.46961
0.509486
0.43019
0.410285
0.450021
0.43777
0.486628
0.486053
0.484717
0.492921
0.445138
0.422965
0.374824
0.445303
0.475358
0.42326
0.442279
0.452803
0.419699
0.426588
0.423705
0.45611
0.392181
0.448523
0.45537
0.436388
0.39242
0.383193
0.41143
0.402383
0.389451
0.415503
0.39991
0.402864
0.40321
0.395272
0.378035
0.373504
0.371064
0.34858
0.347864
0.363811
0.360359
0.3732
0.387342
0.400949
0.406133
0.390657
0.396156
0.398936
0.418724
0.407134
0.419417
0.42991
0.425409
0.39581
0.378973
0.410488
0.387967
0.386907
0.378858
0.351401
0.344527
0.353355
0.366896
0.38833
0.435748
0.426558
0.424806
0.435345
0.483642
0.5021
0.388827
0.391747
0.41816
0.411228
0.370222
0.406018
0.463936
0.445357
0.365476
0.444266
0.438039
0.448594
0.428051
0.424091
0.492172
0.446264
0.453194
0.430226
0.398336
0.393524
0.416075
0.406735
0.393053
0.376518
0.366949
0.365798
0.354818
0.360226
0.361297
0.35526
0.358476
0.354966
0.345019
0.353095
0.347954
0.363858
0.369188
0.362317
0.364494
0.383823
0.393164
0.402816
0.394445
0.410177
0.417926
0.398605
0.409433
0.387674
0.399827
0.380872
0.397284
0.365974
0.359313
0.355743
0.35518
0.353519
0.356756
0.35266
0.370133
0.367243
0.381156
0.384525
0.367418
0.375914
0.400556
0.407003
0.44377
0.433352
0.409948
0.400296
0.401291
0.430783
0.415254
0.432677
0.434255
0.385301
0.373985
0.371557
0.371981
0.389017
0.38381
0.418099
0.423428
0.425689
0.449154
0.428306
0.442528
0.411964
0.401236
0.398243
0.389115
0.381687
0.368412
0.376183
0.395068
0.411309
0.388057
0.398389
0.390349
0.411982
0.417206
0.418744
0.420948
0.429203
0.445331
0.437663
0.43934
0.469795
0.423552
0.451321
0.468954
0.447246
0.413296
0.361558
0.384405
0.499665
0.459292
0.391319
0.43256
0.461132
0.470812
0.456711
0.439861
0.406156
0.388227
0.402743
0.377758
0.354935
0.366858
0.36528
0.345867
0.350821
0.346283
0.355372
0.353193
0.340043
0.345747
0.363704
0.391738
0.389887
0.37123
0.378568
0.398683
0.398091
0.382623
0.367934
0.360021
0.349862
0.359065
0.35886
0.35333
0.347417
0.348064
0.355288
0.359645
0.348679
0.35345
0.369061
0.3886
0.395227
0.383951
0.442947
0.458104
0.479891
0.493912
0.458694
0.436473
0.40569
0.414021
0.421007
0.440275
0.435204
0.409521
0.401672
0.412894
0.413301
0.45494
0.449048
0.436864
0.484366
0.464257
0.506735
0.420253
0.43736
0.398574
0.423422
0.457776
0.424966
0.404113
0.408012
0.4252
0.41112
0.41036
0.440186
0.438747
0.442676
0.453966
0.437188
0.435283
0.407525
0.430542
0.40198
0.399206
0.392348
0.375012
0.363193
0.354114
0.357162
0.358123
0.386875
0.40857
0.427185
0.42334
0.431373
0.436558
0.439388
0.440402
0.421283
0.404905
0.387711
0.383447
0.378102
0.385743
0.382385
0.410578
0.403977
0.453393
0.474892
0.473226
0.440102
0.42496
0.420869
0.442228
0.43001
0.422936
0.414689
0.440236
0.42987
0.471862
0.417989
0.401097
0.38633
0.382266
0.377973
0.369754
0.363911
0.355837
0.351612
0.370507
0.359801
0.363891
0.361397
0.373411
0.372919
0.401683
0.415546
0.412958
0.401145
0.427694
0.44487
0.475623
0.444166
0.426945
0.38036
0.435149
0.516194
0.506191
0.508964
0.480787
0.408356
0.438212
0.441647
0.415357
0.379082
0.376834
0.353235
0.348923
0.361976
0.36546
0.378965
0.389667
0.392933
0.385956
0.363911
0.362931
0.36816
0.369988
0.374638
0.387649
0.417155
0.460146
0.488847
0.428352
0.484156
0.44174
0.435591
0.513002
0.462461
0.424421
0.403247
0.414686
0.441512
0.448858
0.45268
0.470856
0.437983
0.442848
0.38576
0.416976
0.429112
0.396124
0.382951
0.394739
0.401585
0.415432
0.433362
0.431938
0.42842
0.40641
0.390604
0.383374
0.403474
0.404666
0.433579
0.410596
0.391047
0.381054
0.376034
0.373289
0.372463
0.38169
0.370017
0.380806
0.38364
0.356698
0.365597
0.358768
0.357085
0.36073
0.345321
0.342021
0.345959
0.349865
0.353265
0.357256
0.345325
0.346046
0.358223
0.362109
0.369567
0.364586
0.35577
0.374424
0.385326
0.365646
0.387174
0.372137
0.36598
0.359803
0.355949
0.355322
0.352675
0.350064
0.356378
0.355219
0.368835
0.374884
0.385074
0.389777
0.353745
0.367308
0.395997
0.391504
0.415972
0.398484
0.385998
0.375997
0.375323
0.379085
0.385608
0.384508
0.387763
0.400334
0.386587
0.401776
0.410981
0.403621
0.388192
0.383491
0.375499
0.376481
0.3622
0.356835
0.351423
0.355548
0.354033
0.344904
0.345559
0.340901
0.343774
0.360156
0.378278
0.383384
0.363385
0.364092
0.37677
0.374722
0.40237
0.395186
0.381128
0.395644
0.428227
0.430784
0.369175
0.372975
0.383766
0.40788
0.39077
0.382416
0.38813
0.371932
0.372711
0.351286
0.373665
0.370475
0.353985
0.34481
0.360183
0.353135
0.364605
0.360939
0.364651
0.359843
0.370018
0.36377
0.363898
0.357365
0.365589
0.373357
0.362187
0.345898
0.359595
0.358952
0.360701
0.367826
0.367938
0.394897
0.405188
0.392928
0.392927
0.387252
0.395234
0.392739
0.40359
0.371005
0.397916
0.406159
0.424539
0.402995
0.399852
0.39922
0.388977
0.421276
0.429477
0.416606
0.404767
0.40456
0.404229
0.409817
0.41232
0.395896
0.396344
0.412909
0.406611
0.378541
0.38585
0.392475
0.389367
0.448081
0.375387
0.39652
0.392632
0.400368
0.385991
0.399394
0.38586
0.395496
0.389856
0.376816
0.378964
0.379268
0.368379
0.370625
0.371997
0.361897
0.361896
0.365185
0.354719
0.359059
0.364644
0.385018
0.363956
0.367445
0.369995
0.375797
0.380092
0.371439
0.363941
0.362992
0.349683
0.332727
0.343732
0.340415
0.3393
0.348637
0.342554
0.349153
0.354624
0.371962
0.371589
0.376257
0.354523
0.346182
0.351525
0.364886
0.362793
0.348855
0.350639
0.350096
0.359025
0.37605
0.376095
0.372015
0.391129
0.399786
0.389867
0.382228
0.398289
0.40054
0.388297
0.358567
0.349404
0.352271
0.345517
0.334115
0.337282
0.345304
0.336519
0.346348
0.335765
0.338119
0.34777
0.358725
0.387877
0.379555
0.373721
0.389853
0.392552
0.379168
0.385803
0.415631
0.415859
0.38121
0.377642
0.380071
0.353996
0.356354
0.367405
0.380337
0.403697
0.393796
0.397815
0.398846
0.40499
0.4177
0.421406
0.401664
0.387982
0.431678
0.440109
0.422694
0.401293
0.393897
0.391244
0.399036
0.416234
0.405169
0.406157
0.396178
0.36825
0.365974
0.375586
0.387135
0.441137
0.431372
0.420166
0.388297
0.393971
0.400918
0.407781
0.405262
0.434281
0.418323
0.399432
0.37325
0.369683
0.362004
0.364937
0.359497
0.379126
0.370311
0.379294
0.360433
0.358025
0.354904
0.36099
0.35105
0.347439
0.340227
0.343479
0.36784
0.365546
0.357519
0.362904
0.364553
0.354001
0.355844
0.37085
0.380185
0.373112
0.402652
0.386133
0.40096
0.417684
0.433707
0.455464
0.455402
0.418334
0.407869
0.419677
0.491684
0.482376
0.499294
0.431693
0.471614
0.485676
0.505997
0.520086
0.423804
0.413775
0.385542
0.38247
0.38209
0.382273
0.391212
0.386641
0.389663
0.389322
0.412672
0.404929
0.410393
0.393988
0.381914
0.407184
0.427836
0.41211
0.399725
0.408373
0.391211
0.371705
0.373814
0.374758
0.361073
0.368541
0.384255
0.404531
0.40283
0.398118
0.407018
0.422807
0.387111
0.376927
0.37121
0.376275
0.389939
0.39895
0.410992
0.402049
0.423658
0.406867
0.433486
0.455063
0.431974
0.474566
0.506561
0.448083
0.408017
0.534149
0.441454
0.466168
0.476601
0.44413
0.431435
0.421899
0.429242
0.452029
0.44005
0.462813
0.44487
0.471625
0.470062
0.46919
0.461817
0.445909
0.458209
0.435324
0.437065
0.495205
0.45711
0.497776
0.479751
0.465768
0.464814
0.519563
0.494164
0.5081
0.484298
0.477911
0.533139
0.557306
0.550295
0.493703
0.481133
0.52707
0.491301
0.3787
0.368412
0.355403
0.372394
0.366919
0.359807
0.367146
0.371797
0.370239
0.37563
0.384899
0.398095
0.396849
0.37994
0.402603
0.389765
0.395261
0.416596
0.427019
0.437294
0.420531
0.389599
0.382274
0.375327
0.373984
0.368096
0.377613
0.368197
0.374848
0.393036
0.393218
0.391298
0.415415
0.459485
0.422558
0.457558
0.423164
0.48061
0.474178
0.477101
0.504071
0.466295
0.483021
0.444524
0.444254
0.43504
0.415441
0.404946
0.438291
0.483113
0.537472
0.523753
0.517151
0.491286
0.421448
0.487766
0.500094
0.469356
0.431493
0.438269
0.414554
0.392777
0.429317
0.426108
0.404381
0.394947
0.403328
0.356693
0.377492
0.396389
0.378382
0.363573
0.375765
0.369642
0.363959
0.365819
0.382157
0.4057
0.383033
0.373009
0.366777
0.358026
0.371001
0.366653
0.365515
0.360914
0.358851
0.369479
0.380995
0.390348
0.377765
0.414785
0.419819
0.400806
0.379732
0.371782
0.378748
0.378169
0.403069
0.387454
0.380761
0.383547
0.377523
0.384608
0.384438
0.380363
0.409495
0.398766
0.37716
0.363794
0.376452
0.37952
0.367822
0.366256
0.365656
0.356904
0.375827
0.371364
0.38974
0.386126
0.396375
0.39806
0.395141
0.421001
0.430534
0.43427
0.415729
0.452883
0.424512
0.399275
0.3734
0.406746
0.399196
0.380728
0.36628
0.362929
0.357526
0.359111
0.364396
0.366697
0.376194
0.396642
0.419775
0.408152
0.404877
0.445823
0.437121
0.474672
0.428992
0.467627
0.413001
0.448582
0.430016
0.395115
0.390798
0.413674
0.418881
0.420712
0.407884
0.42273
0.388264
0.387025
0.426295
0.439571
0.453485
0.456091
0.444405
0.424969
0.398995
0.429208
0.434647
0.394847
0.438252
0.431119
0.459117
0.438442
0.449821
0.431068
0.429263
0.431615
0.468684
0.483845
0.439507
0.476185
0.436841
0.452428
0.463971
0.472725
0.525268
0.469368
0.491397
0.483091
0.49887
0.483763
0.540603
0.561848
0.455097
0.381505
0.416365
0.452247
0.452551
0.527029
0.52373
0.496782
0.469805
0.436027
0.472499
0.427644
0.454066
0.428814
0.419042
0.425961
0.422929
0.404285
0.415162
0.439572
0.402946
0.386161
0.406359
0.403231
0.429483
0.438054
0.39278
0.409934
0.437069
0.464277
0.448942
0.427979
0.382132
0.39095
0.41041
0.410522
0.394883
0.381113
0.383591
0.385129
0.385293
0.398714
0.418177
0.402207
0.409286
0.400007
0.402512
0.393801
0.388013
0.388342
0.390851
0.403635
0.417607
0.413459
0.400396
0.396863
0.395224
0.400633
0.395184
0.417062
0.406344
0.436394
0.404094
0.382283
0.391062
0.394085
0.381831
0.380694
0.380724
0.38746
0.395587
0.39924
0.415619
0.401412
0.386789
0.378043
0.364226
0.376261
0.389893
0.412077
0.415834
0.418178
0.434811
0.455539
0.439434
0.447014
0.413073
0.422393
0.415829
0.40188
0.379152
0.371985
0.371078
0.365889
0.36657
0.408052
0.451946
0.374752
0.358608
0.357178
0.358355
0.352906
0.363235
0.357157
0.363654
0.357349
0.364298
0.367694
0.36157
0.35658
0.349701
0.343652
0.351313
0.348281
0.349761
0.341645
0.349869
0.356325
0.360572
0.356535
0.364471
0.36573
0.350954
0.35932
0.343347
0.330657
0.343164
0.342645
0.338319
0.345119
0.337973
0.346607
0.361458
0.339749
0.335391
0.341659
0.339787
0.353596
0.347522
0.361743
0.357096
0.358064
0.359512
0.365187
0.367848
0.369387
0.351003
0.35206
0.353527
0.343152
0.351623
0.35951
0.363083
0.373715
0.37896
0.364275
0.354013
0.350101
0.34259
0.341366
0.346733
0.34498
0.348066
0.348369
0.361217
0.349675
0.355334
0.356658
0.362778
0.37495
0.373781
0.37843
0.389725
0.371
0.369112
0.380939
0.392392
0.395031
0.397707
0.381531
0.371475
0.382396
0.383334
0.413703
0.390103
0.374192
0.360835
0.370678
0.348509
0.34997
0.348973
0.33833
0.347947
0.34638
0.359069
0.345236
0.361635
0.354864
0.363746
0.35495
0.374812
0.361968
0.362725
0.369826
0.378925
0.383829
0.373543
0.391858
0.394914
0.391328
0.367742
0.379778
0.388869
0.409216
0.375797
0.358261
0.351324
0.358464
0.365066
0.375615
0.368987
0.378538
0.394975
0.396283
0.378063
0.38182
0.395809
0.395062
0.414087
0.395088
0.396613
0.400671
0.399267
0.366871
0.355934
0.349635
0.378119
0.38408
0.386899
0.374849
0.3715
0.370699
0.364509
0.374339
0.366366
0.373747
0.364693
0.358745
0.366342
0.388678
0.390634
0.407095
0.415684
0.421534
0.370544
0.41472
0.416912
0.392938
0.365077
0.363689
0.406905
0.375868
0.403961
0.403601
0.405405
0.418441
0.465787
0.476136
0.448578
0.412307
0.42972
0.421443
0.430372
0.455984
0.440603
0.395177
0.43598
0.4606
0.461772
0.488779
0.448678
0.531838
0.467145
0.49281
0.476907
0.435005
0.476827
0.511896
0.470011
0.483686
0.484957
0.498648
0.405819
0.455245
0.38503
0.384537
0.383654
0.38521
0.400174
0.388058
0.389142
0.394729
0.379503
0.383157
0.393842
0.412015
0.424468
0.44707
0.441303
0.442137
0.430908
0.45005
0.439328
0.411191
0.407275
0.408401
0.411912
0.390937
0.401204
0.417475
0.398071
0.384758
0.402774
0.414137
0.416806
0.434966
0.415272
0.438262
0.42807
0.42151
0.415547
0.429541
0.419368
0.417934
0.409685
0.42548
0.437962
0.402078
0.430955
0.394445
0.382652
0.381651
0.397428
0.412129
0.396856
0.389095
0.38431
0.36974
0.359065
0.349203
0.353362
0.345909
0.346816
0.350614
0.355443
0.363624
0.376935
0.344396
0.354027
0.353863
0.377389
0.358551
0.349517
0.361129
0.361008
0.372048
0.396578
0.38953
0.41244
0.380812
0.394316
0.392483
0.385709
0.425145
0.402575
0.382528
0.377714
0.369168
0.360982
0.356051
0.374957
0.370621
0.403571
0.37498
0.366835
0.373547
0.383764
0.364092
0.364738
0.373999
0.3835
0.394166
0.400993
0.405384
0.402348
0.396874
0.393423
0.385584
0.393643
0.388377
0.388489
0.376439
0.353375
0.370953
0.411574
0.389885
0.378844
0.390426
0.410273
0.428742
0.378118
0.386856
0.37935
0.386765
0.380696
0.36395
0.36608
0.347632
0.346897
0.359023
0.3424
0.342937
0.341608
0.344708
0.355209
0.352469
0.34536
0.346396
0.329867
0.347078
0.355661
0.348764
0.346059
0.342266
0.347188
0.352174
0.365224
0.365111
0.364786
0.363202
0.376574
0.363873
0.35779
0.359368
0.361985
0.373026
0.396249
0.406796
0.400112
0.421894
0.409721
0.393071
0.394639
0.403321
0.38899
0.397174
0.400014
0.399677
0.393406
0.370982
0.366035
0.363576
0.347764
0.355112
0.35934
0.3587
0.35563
0.357086
0.345563
0.34912
0.359743
0.35165
0.353537
0.371939
0.388006
0.394628
0.424765
0.402756
0.384581
0.358179
0.367778
0.385275
0.379002
0.388543
0.401851
0.417716
0.381044
0.37575
0.371825
0.368829
0.386872
0.373896
0.364214
0.398961
0.395018
0.381318
0.378213
0.388925
0.40137
0.428087
0.440273
0.427813
0.454626
0.5171
0.48683
0.442979
0.402881
0.401742
0.433677
0.422199
0.432305
0.444257
0.427128
0.439788
0.4271
0.420318
0.405053
0.421386
0.424137
0.392614
0.38008
0.395695
0.394502
0.375324
0.369574
0.38058
0.383102
0.37201
0.367513
0.371391
0.362531
0.377038
0.367305
0.363324
0.366972
0.377172
0.386525
0.407132
0.387958
0.395654
0.413512
0.4544
0.482839
0.442572
0.46579
0.476996
0.427782
0.448882
0.508711
0.476535
0.441822
0.442211
0.456417
0.36914
0.476538
0.446372
0.429423
0.401911
0.4299
0.544568
0.58157
0.510886
0.577081
0.560833
0.484953
0.497725
0.486513
0.490605
0.462759
0.505331
0.55924
0.530882
0.453964
0.452328
0.460543
0.458453
0.412953
0.446107
0.471334
0.495337
0.516026
0.513067
0.467545
0.504298
0.530449
0.531477
0.499931
0.52527
0.54388
0.515271
0.45627
0.460332
0.474135
0.430416
0.416692
0.395245
0.395259
0.40703
0.384986
0.372349
0.3653
0.370548
0.37536
0.383489
0.403675
0.390194
0.397315
0.402939
0.381553
0.383114
0.402066
0.375538
0.402463
0.397815
0.40928
0.434881
0.400898
0.402001
0.401838
0.403159
0.406329
0.442187
0.389351
0.375285
0.385112
0.37828
0.36137
0.363263
0.360597
0.364417
0.370705
0.365154
0.355837
0.383964
0.380694
0.37732
0.375443
0.371622
0.380584
0.381121
0.38966
0.385998
0.378899
0.363343
0.369161
0.381873
0.396382
0.40903
0.410932
0.428066
0.435041
0.404729
0.443454
0.44208
0.445082
0.412308
0.395685
0.386509
0.399608
0.386507
0.357269
0.350588
0.357743
0.35679
0.356246
0.353859
0.344612
0.342535
0.341583
0.345161
0.351829
0.344803
0.365552
0.35504
0.359608
0.3532
0.345978
0.351335
0.352315
0.340951
0.349167
0.347056
0.352803
0.344119
0.35018
0.343496
0.349327
0.338745
0.345698
0.339942
0.352371
0.338567
0.356185
0.353944
0.368158
0.364908
0.36798
0.371079
0.387447
0.413731
0.417334
0.432966
0.41641
0.417958
0.420178
0.385724
0.40421
0.426449
0.416925
0.424549
0.433804
0.436428
0.429511
0.408779
0.41399
0.400848
0.400429
0.409716
0.40921
0.376117
0.374338
0.362635
0.355333
0.354344
0.358112
0.356327
0.362545
0.364921
0.356939
0.349872
0.359828
0.346519
0.348046
0.355011
0.361317
0.367056
0.359753
0.371667
0.380364
0.378122
0.396397
0.392991
0.370789
0.406216
0.418873
0.394353
0.406425
0.424197
0.402062
0.387574
0.404694
0.411737
0.40897
0.421194
0.416777
0.399952
0.395123
0.397552
0.390227
0.381531
0.404142
0.405675
0.42822
0.435213
0.421453
0.390817
0.374585
0.359144
0.363484
0.357326
0.341098
0.345142
0.345165
0.353858
0.34466
0.342529
0.351082
0.351081
0.352222
0.360717
0.345945
0.358721
0.352873
0.358473
0.363223
0.343755
0.347469
0.351645
0.344719
0.330041
0.343
0.34549
0.345438
0.352117
0.348042
0.342799
0.33626
0.351915
0.346641
0.346485
0.35079
0.356152
0.366269
0.388046
0.368531
0.368058
0.367173
0.374142
0.350826
0.355177
0.35448
0.359901
0.345078
0.351243
0.379344
0.412254
0.394324
0.381489
0.368499
0.367839
0.365269
0.356284
0.373441
0.384344
0.371831
0.37518
0.37588
0.374992
0.366695
0.372221
0.379153
0.396711
0.393703
0.387943
0.413388
0.399217
0.405597
0.410911
0.415392
0.411147
0.430962
0.404388
0.375564
0.392814
0.399736
0.400162
0.365195
0.368176
0.357286
0.360575
0.35193
0.384703
0.365715
0.349882
0.365468
0.378443
0.391823
0.389011
0.394555
0.398279
0.427313
0.417343
0.40525
0.417995
0.40623
0.372343
0.376683
0.382477
0.400099
0.365095
0.376904
0.372416
0.366241
0.368366
0.365024
0.38079
0.365163
0.417236
0.393494
0.398028
0.384601
0.397334
0.414984
0.402903
0.381468
0.387303
0.381678
0.375464
0.360249
0.358013
0.351712
0.353537
0.353284
0.354088
0.347319
0.353021
0.350669
0.362199
0.348874
0.339581
0.344132
0.344113
0.347511
0.366136
0.369761
0.378662
0.374959
0.379298
0.364795
0.383597
0.362311
0.364376
0.360016
0.346196
0.359718
0.349552
0.356825
0.363551
0.347733
0.359749
0.367796
0.372133
0.415313
0.395085
0.392934
0.381156
0.381955
0.385131
0.382179
0.362706
0.360925
0.371336
0.354532
0.373895
0.366989
0.353928
0.385186
0.379293
0.392486
0.373216
0.371245
0.366234
0.359334
0.348097
0.347572
0.363032
0.365116
0.371385
0.373823
0.362613
0.375509
0.359023
0.369032
0.360274
0.360424
0.360448
0.374507
0.393287
0.398719
0.400302
0.401507
0.397828
0.370358
0.380652
0.398303
0.393853
0.391414
0.411361
0.39584
0.361908
0.361036
0.354043
0.350033
0.361583
0.379782
0.404843
0.400969
0.381596
0.365573
0.371914
0.362951
0.367425
0.360878
0.362527
0.361538
0.347004
0.337829
0.344598
0.336877
0.348143
0.344554
0.345803
0.341853
0.344195
0.339478
0.347301
0.357015
0.366273
0.380048
0.394422
0.38669
0.372057
0.387285
0.365515
0.367297
0.358778
0.363732
0.377788
0.375016
0.382601
0.384773
0.381951
0.368872
0.361404
0.392257
0.389177
0.367018
0.405632
0.379413
0.363912
0.358016
0.363022
0.355806
0.357146
0.355032
0.350481
0.358522
0.346253
0.348127
0.35298
0.352269
0.368269
0.370399
0.379801
0.37451
0.399605
0.402112
0.412043
0.397912
0.365978
0.376801
0.35467
0.354976
0.35225
0.349284
0.351288
0.337348
0.340347
0.348047
0.376213
0.347438
0.345707
0.341358
0.346105
0.342971
0.344626
0.350712
0.346134
0.344406
0.345187
0.343538
0.344248
0.344779
0.344937
0.343304
0.334065
0.342864
0.344907
0.357786
0.353252
0.338144
0.364552
0.356155
0.360017
0.364205
0.378314
0.405149
0.416531
0.408015
0.419335
0.428468
0.406351
0.406702
0.391905
0.403504
0.382389
0.379312
0.367596
0.369419
0.361033
0.367783
0.364297
0.372054
0.376625
0.391646
0.382293
0.378799
0.367234
0.376174
0.373599
0.377333
0.39216
0.39813
0.408644
0.401149
0.370156
0.38721
0.369315
0.375948
0.384687
0.408823
0.404975
0.396527
0.374021
0.373803
0.379519
0.366733
0.353943
0.360123
0.382855
0.39209
0.351467
0.359742
0.410645
0.40852
0.394549
0.425466
0.429284
0.387971
0.396264
0.397046
0.442177
0.41085
0.417716
0.40276
0.399294
0.374194
0.381048
0.38371
0.371695
0.372803
0.371876
0.370336
0.359875
0.357439
0.360379
0.362666
0.358212
0.347187
0.357886
0.359544
0.370033
0.379874
0.393732
0.405563
0.368357
0.405924
0.371798
0.371054
0.353707
0.351413
0.344133
0.340939
0.35423
0.337768
0.339559
0.333816
0.347567
0.354701
0.364094
0.379385
0.373707
0.36776
0.353388
0.351983
0.358096
0.386252
0.416036
0.400284
0.388741
0.367606
0.356214
0.353349
0.352241
0.351098
0.349038
0.354046
0.35571
0.360607
0.36059
0.374562
0.392947
0.400615
0.407354
0.393058
0.372607
0.415245
0.401814
0.370046
0.361879
0.343485
0.344995
0.344819
0.364883
0.351304
0.352169
0.36287
0.36845
0.395055
0.391035
0.406296
0.377006
0.364527
0.36013
0.373329
0.355434
0.361036
0.355805
0.363963
0.357784
0.357952
0.379662
0.372803
0.357542
0.363277
0.384459
0.381386
0.362461
0.345134
0.354386
0.348789
0.351976
0.349849
0.358076
0.366971
0.351547
0.352612
0.356232
0.369548
0.371829
0.377328
0.37216
0.386903
0.384903
0.400547
0.385561
0.387456
0.446409
0.400013
0.451049
0.427354
0.423908
0.437058
0.437257
0.432499
0.442039
0.417914
0.403372
0.403404
0.418726
0.417122
0.423614
0.406716
0.404078
0.385395
0.388032
0.385671
0.435032
0.413672
0.384971
0.376145
0.388767
0.401986
0.41573
0.441363
0.486607
0.551437
0.522342
0.56228
0.555833
0.513478
0.520587
0.461459
0.453428
0.453823
0.434107
0.44943
0.446344
0.446097
0.419161
0.415824
0.389454
0.393137
0.401755
0.412042
0.432872
0.421735
0.412226
0.428849
0.459294
0.458154
0.41055
0.406293
0.399782
0.420877
0.391919
0.390835
0.386024
0.38072
0.390256
0.399568
0.404576
0.407606
0.42338
0.423739
0.477962
0.432391
0.41745
0.40128
0.381455
0.379596
0.360928
0.353962
0.359479
0.35086
0.354667
0.377593
0.392683
0.393848
0.427433
0.435407
0.438503
0.425601
0.38951
0.389929
0.393362
0.398536
0.396738
0.406754
0.438827
0.443823
0.430852
0.4285
0.373703
0.359472
0.363452
0.358657
0.346042
0.347408
0.35465
0.347446
0.348326
0.346159
0.353491
0.353602
0.35326
0.365345
0.349945
0.354491
0.355158
0.354058
0.347856
0.355521
0.356921
0.355617
0.35353
0.348292
0.358766
0.347782
0.351262
0.350375
0.347793
0.343798
0.353262
0.342478
0.364512
0.348348
0.340037
0.346754
0.342618
0.347109
0.343628
0.348786
0.349516
0.341476
0.355463
0.3482
0.346887
0.34005
0.352336
0.351092
0.354738
0.356741
0.374747
0.386958
0.40998
0.456876
0.446
0.432304
0.427674
0.40765
0.382544
0.381031
0.409763
0.406392
0.375994
0.426139
0.413034
0.406697
0.391812
0.377877
0.39347
0.389285
0.393067
0.406542
0.371194
0.37987
0.413316
0.385606
0.422844
0.406811
0.418687
0.414452
0.381569
0.376226
0.387434
0.37208
0.360763
0.369829
0.382467
0.399771
0.38976
0.372633
0.375227
0.376822
0.370279
0.374018
0.386878
0.392161
0.438057
0.407645
0.391934
0.375414
0.365494
0.357159
0.366506
0.359783
0.363579
0.346248
0.359421
0.365092
0.371129
0.375277
0.372074
0.357988
0.368416
0.343249
0.352248
0.338976
0.35907
0.369284
0.375334
0.387435
0.385686
0.382872
0.390965
0.384188
0.415996
0.411743
0.404963
0.392149
0.399948
0.392285
0.423902
0.416463
0.420384
0.395175
0.416743
0.405034
0.394884
0.376954
0.377557
0.379147
0.378827
0.39518
0.376385
0.371178
0.367866
0.375484
0.365033
0.390335
0.389312
0.37403
0.400265
0.3893
0.422998
0.399973
0.406455
0.383938
0.404334
0.377153
0.359095
0.359554
0.363135
0.379386
0.365923
0.388228
0.357116
0.390327
0.360585
0.380899
0.395372
0.38346
0.405957
0.397382
0.387718
0.40586
0.369413
0.38355
0.39229
0.406458
0.398276
0.398993
0.41338
0.426048
0.387597
0.407808
0.409902
0.414052
0.406253
0.410028
0.384809
0.406752
0.432836
0.398654
0.397869
0.408452
0.413717
0.409753
0.402032
0.391857
0.380501
0.387129
0.390781
0.413312
0.418573
0.424884
0.417513
0.413367
0.39029
0.4007
0.386995
0.378123
0.418119
0.416344
0.407977
0.396479
0.392853
0.41852
0.43089
0.412382
0.397115
0.396972
0.414105
0.377822
0.370044
0.402777
0.378609
0.397895
0.382456
0.379278
0.350211
0.375362
0.371112
0.354838
0.357797
0.349523
0.350658
0.336141
0.34048
0.347986
0.347394
0.338034
0.353333
0.359231
0.360025
0.376239
0.363175
0.35865
0.361346
0.371179
0.368309
0.381844
0.363867
0.36177
0.350472
0.359139
0.358382
0.375348
0.373867
0.366352
0.3698
0.402207
0.370699
0.354567
0.343748
0.350909
0.345492
0.356683
0.360438
0.383802
0.38726
0.356749
0.372574
0.363327
0.365765
0.368112
0.375065
0.380348
0.379686
0.404591
0.376215
0.390267
0.39382
0.387632
0.380214
0.3808
0.366677
0.359983
0.366384
0.374549
0.376323
0.382907
0.368158
0.352248
0.347508
0.353981
0.363963
0.356583
0.351845
0.344662
0.351063
0.354304
0.362473
0.358463
0.370671
0.360643
0.36014
0.379663
0.363419
0.366636
0.358109
0.339378
0.351035
0.34763
0.339132
0.339252
0.342438
0.343859
0.344769
0.344282
0.345997
0.359177
0.36888
0.387835
0.385396
0.365083
0.348579
0.396521
0.379552
0.349721
0.397358
0.383801
0.376848
0.379219
0.37603
0.351625
0.372763
0.37139
0.371266
0.391375
0.380272
0.382598
0.402044
0.397799
0.404571
0.424199
0.392467
0.392696
0.378712
0.373776
0.37503
0.381101
0.397128
0.380983
0.391206
0.388004
0.379443
0.374344
0.412613
0.399057
0.372838
0.360953
0.350872
0.358134
0.349391
0.367375
0.381345
0.379129
0.383411
0.404212
0.380033
0.36009
0.35879
0.360684
0.34966
0.35891
0.350191
0.343259
0.361796
0.363195
0.380071
0.396056
0.388954
0.401338
0.385503
0.364845
0.369747
0.372539
0.389307
0.403709
0.401708
0.388377
0.373425
0.361091
0.362275
0.377953
0.385379
0.429809
0.42306
0.396092
0.385312
0.38383
0.387628
0.374954
0.368209
0.376026
0.36495
0.370326
0.350903
0.361336
0.361081
0.359972
0.363222
0.373263
0.393294
0.394443
0.379885
0.384931
0.452974
0.468667
0.421977
0.445522
0.441989
0.480137
0.438323
0.473843
0.470035
0.438252
0.458505
0.435445
0.48167
0.457467
0.45075
0.431081
0.433914
0.398535
0.396074
0.401724
0.42755
0.432917
0.413767
0.40861
0.44348
0.461201
0.444164
0.442705
0.453823
0.47472
0.530649
0.427915
0.443749
0.424538
0.404514
0.393001
0.426618
0.462232
0.496356
0.437166
0.46008
0.440183
0.424053
0.420886
0.383807
0.394128
0.388771
0.380391
0.378313
0.370815
0.361078
0.367327
0.382436
0.386596
0.415898
0.403152
0.402327
0.400755
0.387468
0.385944
0.403325
0.385159
0.366985
0.365711
0.3886
0.402836
0.420787
0.476451
0.44158
0.461562
0.48403
0.507767
0.499069
0.386211
0.476559
0.43039
0.45912
0.413719
0.398965
0.390672
0.376277
0.374323
0.382915
0.401523
0.411753
0.407547
0.435183
0.459238
0.46403
0.41721
0.404024
0.389113
0.387306
0.387171
0.37615
0.389982
0.396633
0.420205
0.430541
0.440398
0.420489
0.420416
0.398165
0.402009
0.398587
0.399368
0.411077
0.409627
0.435245
0.450905
0.437877
0.41032
0.393477
0.379932
0.360081
0.355304
0.348603
0.364789
0.365235
0.364916
0.36069
0.385086
0.388095
0.372394
0.367524
0.351995
0.358448
0.35495
0.356478
0.358401
0.366189
0.357852
0.373456
0.371081
0.368714
0.394593
0.380764
0.378978
0.378677
0.409784
0.430441
0.467008
0.435203
0.452865
0.443266
0.408643
0.40851
0.427882
0.445328
0.465447
0.462481
0.388195
0.377438
0.484864
0.447205
0.427259
0.458934
0.474308
0.497392
0.479369
0.455456
0.450269
0.468742
0.41361
0.454144
0.432522
0.445637
0.419996
0.422176
0.431989
0.481169
0.446359
0.49626
0.532866
0.472706
0.460462
0.528773
0.463341
0.515293
0.4676
0.450232
0.472891
0.529456
0.482085
0.498834
0.469023
0.487341
0.46251
0.426992
0.460537
0.438287
0.424905
0.427482
0.435271
0.448629
0.467351
0.413563
0.385757
0.415965
0.433071
0.442322
0.462777
0.475719
0.446238
0.446944
0.408395
0.431333
0.428091
0.422697
0.437317
0.401241
0.433492
0.439309
0.409451
0.405035
0.454974
0.449402
0.455097
0.424059
0.428393
0.421779
0.409294
0.367526
0.380503
0.369789
0.368535
0.373912
0.380304
0.394049
0.444062
0.431614
0.411359
0.425718
0.41263
0.417425
0.3994
0.388167
0.399668
0.391666
0.409016
0.424553
0.441296
0.41191
0.41955
0.43425
0.426988
0.434553
0.449614
0.444533
0.433115
0.410797
0.421948
0.447482
0.415429
0.406109
0.402175
0.422704
0.412847
0.419614
0.424796
0.412651
0.392687
0.367497
0.372092
0.385395
0.38491
0.399538
0.420898
0.424692
0.384492
0.375154
0.388761
0.427296
0.426643
0.419174
0.384701
0.376012
0.372419
0.369533
0.369389
0.370101
0.368418
0.380891
0.391265
0.424606
0.411111
0.40938
0.40394
0.390243
0.385883
0.409562
0.426965
0.428167
0.390143
0.417916
0.414528
0.424574
0.387019
0.404898
0.408094
0.428476
0.383637
0.376905
0.453527
0.453674
0.437825
0.430424
0.483814
0.481232
0.469813
0.446786
0.512646
0.526926
0.442996
0.41043
0.407824
0.426428
0.501673
0.505586
0.526425
0.53005
0.45999
0.479246
0.435082
0.450816
0.489147
0.452455
0.447643
0.425031
0.459301
0.459288
0.487964
0.475634
0.441143
0.505994
0.413459
0.424762
0.398091
0.397616
0.38909
0.472336
0.449034
0.389048
0.451953
0.433434
0.472951
0.467573
0.450388
0.426746
0.490619
0.514161
0.451578
0.478569
0.432113
0.429489
0.492836
0.49464
0.4694
0.498246
0.507497
0.499079
0.439816
0.425527
0.356731
0.367371
0.415185
0.42306
0.401987
0.397891
0.376035
0.403571
0.403938
0.401748
0.381195
0.36927
0.360913
0.358484
0.350485
0.356101
0.357399
0.367518
0.37292
0.34844
0.358279
0.360704
0.377494
0.378038
0.375445
0.373587
0.382846
0.405089
0.41968
0.428926
0.420988
0.421402
0.410026
0.398088
0.384434
0.362697
0.355027
0.362376
0.36234
0.352505
0.352505
0.34841
0.357601
0.373618
0.37146
0.392164
0.382598
0.387428
0.373981
0.372578
0.384612
0.370918
0.357592
0.34619
0.350068
0.351541
0.349509
0.368174
0.378695
0.399113
0.370989
0.370716
0.356573
0.349171
0.348103
0.341772
0.335729
0.342567
0.347372
0.35344
0.344962
0.347952
0.343188
0.335888
0.336574
0.342965
0.352317
0.353638
0.347157
0.351702
0.350636
0.357501
0.36815
0.364751
0.35671
0.379731
0.374545
0.387896
0.393798
0.377997
0.371891
0.369383
0.361765
0.350941
0.372497
0.36363
0.385958
0.439551
0.429014
0.389469
0.372359
0.357878
0.363458
0.369036
0.377077
0.380903
0.386169
0.377378
0.370561
0.363276
0.366723
0.358217
0.356465
0.364715
0.369947
0.364992
0.355788
0.375306
0.372582
0.35977
0.381528
0.38505
0.379583
0.371375
0.375868
0.359788
0.348328
0.353501
0.358064
0.371084
0.379788
0.378917
0.378743
0.385101
0.375903
0.374281
0.375977
0.374451
0.392644
0.373439
0.38109
0.384496
0.386498
0.39865
0.39985
0.388691
0.38127
0.386617
0.386292
0.39024
0.388475
0.388552
0.418254
0.388719
0.382076
0.399895
0.372417
0.423125
0.426429
0.422957
0.432351
0.395855
0.409743
0.377291
0.379701
0.37505
0.358037
0.356787
0.351691
0.349895
0.344955
0.350718
0.36295
0.343949
0.340579
0.352579
0.342371
0.347812
0.342501
0.343121
0.355411
0.353728
0.349946
0.360055
0.364463
0.379032
0.389188
0.365007
0.35368
0.352592
0.347893
0.359143
0.370939
0.382274
0.393727
0.40544
0.392312
0.378663
0.374614
0.38167
0.344354
0.358854
0.369734
0.355905
0.342534
0.333099
0.34883
0.336282
0.339709
0.345655
0.343149
0.347291
0.348701
0.355705
0.368902
0.377688
0.383348
0.382982
0.40905
0.395206
0.402329
0.416062
0.384584
0.402238
0.440632
0.425822
0.39643
0.436722
0.414901
0.433333
0.400039
0.432718
0.393603
0.409808
0.408375
0.406345
0.40529
0.40459
0.411922
0.416465
0.418302
0.384368
0.424545
0.413955
0.398576
0.387105
0.368151
0.356759
0.358423
0.372706
0.392042
0.391161
0.378527
0.369677
0.360226
0.351892
0.360068
0.357738
0.368769
0.37642
0.372604
0.379619
0.3665
0.373156
0.380997
0.392281
0.38329
0.381022
0.391038
0.385876
0.396758
0.39031
0.382279
0.366593
0.35465
0.342933
0.34826
0.356456
0.355844
0.361738
0.39145
0.369312
0.35963
0.361786
0.369491
0.382978
0.364402
0.345365
0.358706
0.364401
0.356988
0.356683
0.364234
0.378573
0.38071
0.397196
0.389026
0.388069
0.378403
0.356801
0.361154
0.36366
0.365701
0.382941
0.355796
0.354418
0.351558
0.362852
0.364923
0.358014
0.358012
0.372127
0.381976
0.382442
0.391754
0.382094
0.387022
0.390021
0.396188
0.384275
0.388596
0.369194
0.373299
0.379965
0.388949
0.373032
0.367329
0.381138
0.386648
0.41892
0.407472
0.396653
0.405331
0.400515
0.364677
0.373247
0.380592
0.392554
0.397404
0.399859
0.40643
0.395718
0.396997
0.405079
0.405268
0.410158
0.412874
0.411986
0.400607
0.40555
0.410679
0.380975
0.364595
0.36475
0.34761
0.348459
0.34937
0.349653
0.350899
0.3566
0.363137
0.367863
0.394674
0.387802
0.389637
0.392832
0.402285
0.399726
0.405654
0.402251
0.369669
0.380553
0.382187
0.374257
0.375431
0.365099
0.368004
0.37923
0.359031
0.382525
0.365089
0.37855
0.389452
0.390453
0.418705
0.429979
0.402532
0.414633
0.403374
0.421519
0.424722
0.475532
0.441447
0.422914
0.428393
0.437355
0.434411
0.408879
0.397372
0.396462
0.389459
0.376809
0.368306
0.383057
0.364447
0.350098
0.376546
0.382725
0.412358
0.421031
0.409021
0.436547
0.395977
0.370269
0.378294
0.387168
0.406275
0.421493
0.406372
0.417999
0.446529
0.449929
0.45709
0.423399
0.453851
0.45915
0.429566
0.427101
0.426518
0.438917
0.451879
0.416228
0.415863
0.400289
0.418894
0.43539
0.412942
0.408218
0.393156
0.391753
0.385175
0.37891
0.413104
0.414261
0.431959
0.416002
0.408465
0.376033
0.370441
0.379782
0.400341
0.372862
0.435582
0.424684
0.436488
0.469101
0.459459
0.438175
0.474432
0.449075
0.479536
0.493798
0.47076
0.452016
0.432226
0.446103
0.420828
0.475551
0.503304
0.436928
0.520129
0.536431
0.571292
0.555316
0.587975
0.533769
0.565011
0.5304
0.54269
0.514108
0.489754
0.437022
0.387571
0.406444
0.465202
0.487673
0.449793
0.522181
0.474902
0.535848
0.525133
0.460375
0.457868
0.489337
0.490394
0.4222
0.387054
0.375208
0.37732
0.388433
0.393104
0.370282
0.349647
0.348624
0.349476
0.347583
0.348063
0.349201
0.367767
0.368625
0.376122
0.360413
0.363735
0.350105
0.348597
0.36593
0.362731
0.382311
0.366259
0.35704
0.345595
0.363174
0.364165
0.356918
0.340292
0.358297
0.3542
0.352288
0.349813
0.35792
0.362475
0.368965
0.384963
0.385368
0.368623
0.369016
0.380944
0.364305
0.376897
0.3597
0.354523
0.362665
0.37216
0.356584
0.361096
0.358849
0.367433
0.373448
0.387042
0.379675
0.39041
0.393347
0.385411
0.403491
0.402759
0.419777
0.412104
0.396796
0.411998
0.423101
0.387552
0.401877
0.401733
0.382561
0.419216
0.415723
0.403784
0.409212
0.410448
0.430603
0.424412
0.413329
0.371142
0.468632
0.426213
0.385971
0.398909
0.406206
0.403703
0.410271
0.408953
0.411878
0.422558
0.403114
0.419897
0.416962
0.414574
0.469811
0.509924
0.397469
0.392197
0.394791
0.393743
0.418595
0.405822
0.418056
0.395582
0.366104
0.401451
0.412999
0.404604
0.386962
0.384464
0.393284
0.398921
0.41324
0.394797
0.444975
0.420317
0.41636
0.41632
0.406126
0.419055
0.389757
0.38173
0.376876
0.400095
0.399721
0.376178
0.393535
0.413146
0.418902
0.396152
0.402888
0.372003
0.390218
0.400213
0.389235
0.396626
0.39865
0.418655
0.399378
0.395381
0.394678
0.39919
0.423047
0.413185
0.434128
0.518111
0.486347
0.466034
0.47769
0.487013
0.411087
0.447613
0.435206
0.391095
0.386217
0.387886
0.392324
0.430243
0.491521
0.456107
0.428561
0.400836
0.381799
0.3821
0.365578
0.361949
0.375438
0.388476
0.383033
0.419393
0.44552
0.430908
0.433529
0.439634
0.403788
0.385212
0.378416
0.375564
0.361563
0.377971
0.360185
0.359451
0.361276
0.365809
0.371669
0.371336
0.407019
0.412045
0.450262
0.444592
0.442217
0.452315
0.443946
0.44659
0.44807
0.41836
0.376804
0.370004
0.384091
0.414518
0.45903
0.415037
0.389532
0.420569
0.423859
0.409737
0.41266
0.457228
0.43119
0.469907
0.453237
0.430512
0.452142
0.446353
0.440733
0.428341
0.425385
0.43631
0.431875
0.437485
0.444518
0.405725
0.388744
0.387968
0.434662
0.443725
0.437646
0.441919
0.445799
0.4471
0.427685
0.429857
0.43169
0.47227
0.486263
0.516976
0.507888
0.507275
0.515032
0.481039
0.484012
0.500063
0.487779
0.429136
0.416116
0.404319
0.400659
0.399241
0.387177
0.368924
0.359279
0.359478
0.357866
0.350046
0.349236
0.367096
0.363676
0.362904
0.359849
0.377233
0.359705
0.352929
0.352654
0.34121
0.358693
0.375332
0.342745
0.345313
0.347626
0.356249
0.349331
0.347084
0.339435
0.342408
0.352115
0.344109
0.344185
0.344311
0.34415
0.350727
0.354138
0.365156
0.371978
0.393192
0.380126
0.355305
0.377646
0.376852
0.366858
0.353895
0.345851
0.351825
0.357905
0.361283
0.372269
0.381214
0.384692
0.371039
0.393183
0.387679
0.387557
0.377637
0.378441
0.397571
0.382949
0.383951
0.365763
0.36381
0.356122
0.372657
0.374112
0.361648
0.378157
0.365177
0.377478
0.381355
0.381788
0.386657
0.395046
0.378299
0.384339
0.405918
0.396303
0.381723
0.436661
0.482099
0.470309
0.477244
0.452734
0.468444
0.487416
0.416567
0.475154
0.497737
0.532119
0.521546
0.518579
0.494792
0.510998
0.480738
0.491799
0.48644
0.39884
0.392843
0.383224
0.371483
0.379514
0.386121
0.394257
0.425799
0.391913
0.424359
0.451504
0.441898
0.422324
0.399166
0.396945
0.417007
0.381155
0.366687
0.391642
0.410256
0.396245
0.387454
0.38691
0.366735
0.351786
0.344391
0.357492
0.35369
0.360632
0.371935
0.366805
0.356296
0.355104
0.387723
0.395104
0.389055
0.387939
0.391444
0.365777
0.366743
0.36416
0.358079
0.360372
0.359844
0.347096
0.360829
0.36337
0.357689
0.348722
0.350969
0.349079
0.371914
0.38825
0.395479
0.386144
0.395969
0.360886
0.387218
0.381109
0.361086
0.349196
0.342327
0.341225
0.346094
0.348036
0.341285
0.350297
0.352713
0.353828
0.370875
0.363478
0.377798
0.369502
0.363847
0.370312
0.371954
0.361763
0.373706
0.364994
0.369197
0.372822
0.381039
0.361916
0.357193
0.36694
0.357938
0.360053
0.345786
0.347313
0.349218
0.351932
0.357579
0.370956
0.3832
0.38882
0.420246
0.400039
0.469882
0.478278
0.443278
0.492378
0.440912
0.420241
0.444269
0.450611
0.423879
0.430836
0.404271
0.4225
0.39886
0.444754
0.445478
0.44845
0.469881
0.459957
0.418312
0.402977
0.386574
0.374132
0.387238
0.401331
0.419553
0.417767
0.402831
0.396358
0.415256
0.414513
0.422353
0.389732
0.371644
0.365675
0.369028
0.36352
0.382355
0.392895
0.419469
0.406661
0.414976
0.438609
0.439244
0.407219
0.457509
0.446458
0.444842
0.441279
0.468467
0.413892
0.411195
0.434169
0.4221
0.401494
0.393623
0.415776
0.42312
0.440722
0.418499
0.444132
0.397336
0.405555
0.378003
0.377135
0.371995
0.365423
0.356264
0.357213
0.357475
0.359715
0.35623
0.359839
0.36565
0.3672
0.373362
0.390276
0.411794
0.433816
0.421511
0.445255
0.475706
0.435399
0.507801
0.435861
0.455187
0.422285
0.53435
0.512306
0.4697
0.499298
0.439066
0.385442
0.456366
0.452459
0.426529
0.417961
0.402371
0.430481
0.429089
0.416276
0.472063
0.436599
0.522284
0.457598
0.482751
0.482184
0.434484
0.425187
0.419253
0.458811
0.499946
0.525325
0.518617
0.490807
0.521279
0.441596
0.476123
0.442331
0.43847
0.482184
0.470098
0.473576
0.497233
0.473972
0.486048
0.442047
0.406325
0.387587
0.394911
0.393313
0.395087
0.380152
0.382969
0.375841
0.378099
0.380298
0.374817
0.374789
0.384256
0.379927
0.42038
0.417738
0.436674
0.456718
0.452408
0.426799
0.427851
0.425469
0.434836
0.409885
0.399757
0.42967
0.434466
0.472529
0.46148
0.464582
0.422096
0.485912
0.476204
0.43933
0.40731
0.419668
0.382027
0.366681
0.362788
0.355892
0.34534
0.346318
0.354219
0.371352
0.374229
0.366146
0.37596
0.363893
0.354811
0.363041
0.377788
0.369395
0.402933
0.419658
0.377491
0.39468
0.398442
0.389726
0.407311
0.415301
0.421161
0.410474
0.404888
0.453604
0.441352
0.421112
0.436831
0.431744
0.438722
0.497407
0.489382
0.487598
0.474041
0.492109
0.468422
0.470317
0.437502
0.420798
0.380277
0.369777
0.372938
0.393519
0.412354
0.414665
0.414223
0.402564
0.436398
0.41782
0.441082
0.394772
0.399713
0.46875
0.459567
0.445416
0.425176
0.446547
0.425269
0.387652
0.423627
0.43562
0.426019
0.420771
0.432299
0.425188
0.425892
0.383301
0.384633
0.380534
0.376204
0.372275
0.385753
0.386333
0.377333
0.380926
0.39122
0.447522
0.410033
0.391712
0.369073
0.375898
0.372947
0.370659
0.375402
0.389505
0.393823
0.381894
0.386346
0.383044
0.382654
0.412518
0.433525
0.46746
0.491053
0.444736
0.440378
0.448824
0.436615
0.373958
0.358836
0.345579
0.399795
0.384721
0.408828
0.398621
0.432529
0.46423
0.42556
0.494746
0.425113
0.457393
0.439828
0.444632
0.420357
0.403155
0.403741
0.416925
0.489327
0.387558
0.41631
0.409645
0.400853
0.42268
0.42865
0.434623
0.43783
0.422878
0.401894
0.361981
0.370568
0.3689
0.362267
0.36177
0.355426
0.351544
0.360647
0.378678
0.382713
0.386677
0.399444
0.393335
0.39345
0.405105
0.391159
0.397876
0.415304
0.403483
0.428735
0.4165
0.385156
0.381768
0.400474
0.404883
0.399961
0.434662
0.407068
0.399646
0.376046
0.392898
0.419479
0.382241
0.381122
0.394116
0.38841
0.382986
0.385845
0.379478
0.367632
0.356485
0.360674
0.375965
0.408503
0.407736
0.414039
0.416938
0.391859
0.386211
0.377878
0.369305
0.371814
0.370581
0.384536
0.398413
0.386573
0.368544
0.349402
0.362137
0.385517
0.377446
0.370739
0.387994
0.401119
0.394032
0.409765
0.407849
0.41234
0.405372
0.392826
0.395284
0.399307
0.394569
0.371458
0.375
0.366582
0.37023
0.365195
0.394388
0.40046
0.424278
0.411679
0.388605
0.387056
0.380945
0.3831
0.374867
0.385564
0.376928
0.386105
0.379613
0.389111
0.405084
0.4211
0.389975
0.394711
0.417546
0.401112
0.373209
0.36844
0.356112
0.367782
0.35369
0.345895
0.345586
0.348365
0.358983
0.366582
0.354038
0.33711
0.340659
0.352111
0.353413
0.350837
0.352646
0.357404
0.36469
0.374869
0.402996
0.394801
0.426268
0.409301
0.403047
0.412204
0.385033
0.37747
0.376768
0.366503
0.349513
0.34095
0.337844
0.3482
0.350074
0.349786
0.358026
0.353042
0.353021
0.346766
0.363596
0.385762
0.383394
0.402774
0.386785
0.380619
0.376602
0.36996
0.351059
0.349201
0.359212
0.365902
0.356137
0.356662
0.352672
0.345554
0.363039
0.373468
0.381105
0.372083
0.378834
0.380115
0.372182
0.368049
0.361059
0.373379
0.383151
0.37713
0.377828
0.367982
0.352516
0.376921
0.400757
0.394013
0.428441
0.413591
0.388621
0.412249
0.424091
0.419751
0.394445
0.39292
0.396408
0.425016
0.412632
0.379149
0.38273
0.424003
0.415394
0.448296
0.430855
0.418428
0.369318
0.408977
0.36441
0.354414
0.367548
0.39472
0.38956
0.425046
0.431948
0.442898
0.435921
0.417278
0.40976
0.402984
0.391543
0.439482
0.458231
0.422359
0.408098
0.374851
0.358041
0.34058
0.398227
0.381857
0.392425
0.363398
0.36129
0.360945
0.364032
0.370935
0.369768
0.367339
0.380678
0.369621
0.362717
0.38173
0.376063
0.379631
0.367299
0.371942
0.370201
0.372368
0.362981
0.379969
0.363053
0.347936
0.340766
0.338719
0.342234
0.341958
0.342939
0.351736
0.353206
0.344792
0.344966
0.342167
0.332959
0.331129
0.352011
0.344616
0.345451
0.346585
0.342434
0.345273
0.360535
0.366962
0.353403
0.363801
0.37233
0.38936
0.400544
0.388799
0.384027
0.379078
0.392353
0.410762
0.40661
0.393265
0.389569
0.376518
0.384479
0.392403
0.38863
0.429538
0.381747
0.376334
0.399187
0.373507
0.37504
0.38369
0.379481
0.373308
0.368622
0.409312
0.452042
0.427393
0.426862
0.443452
0.409225
0.419255
0.412242
0.436676
0.434574
0.396732
0.437063
0.451834
0.392866
0.378363
0.398649
0.415015
0.389127
0.387704
0.40453
0.435228
0.470997
0.420952
0.396469
0.381274
0.383089
0.378838
0.387788
0.406203
0.437088
0.406271
0.440147
0.414286
0.397146
0.379439
0.380089
0.398605
0.398655
0.434057
0.417674
0.399526
0.458001
0.469324
0.473562
0.433138
0.39445
0.418867
0.451599
0.422743
0.420326
0.424437
0.408846
0.409709
0.391094
0.374038
0.370222
0.366584
0.372643
0.376158
0.372956
0.400066
0.420564
0.423246
0.461602
0.437644
0.430898
0.430333
0.519386
0.478835
0.457093
0.476441
0.416242
0.454274
0.538879
0.564765
0.529656
0.528167
0.560846
0.592823
0.507496
0.513025
0.577335
0.567256
0.583091
0.562168
0.604722
0.505796
0.459415
0.416678
0.417215
0.440853
0.413733
0.401492
0.384869
0.399363
0.403502
0.400577
0.404472
0.397535
0.380475
0.348489
0.382523
0.4024
0.400233
0.411795
0.41202
0.400313
0.380179
0.398983
0.384817
0.398582
0.3948
0.414485
0.438732
0.38372
0.413084
0.392164
0.390403
0.376789
0.37831
0.367176
0.380786
0.355809
0.351537
0.342881
0.351634
0.34667
0.344504
0.349285
0.366116
0.353251
0.357757
0.34221
0.339278
0.351176
0.354589
0.35294
0.373959
0.36465
0.376022
0.381629
0.386685
0.373289
0.403339
0.376886
0.389701
0.409895
0.403555
0.360531
0.406015
0.438128
0.38447
0.404295
0.393078
0.364045
0.383364
0.393642
0.377514
0.380808
0.383193
0.417521
0.432821
0.407011
0.396448
0.387863
0.394622
0.376292
0.376773
0.367528
0.373644
0.377955
0.388703
0.391761
0.37377
0.361844
0.357859
0.353522
0.359234
0.39129
0.379661
0.364625
0.365484
0.351944
0.351028
0.345502
0.349792
0.359692
0.365514
0.364238
0.368825
0.38867
0.379992
0.399363
0.410903
0.393974
0.373095
0.366025
0.35782
0.353314
0.349202
0.358681
0.351501
0.350688
0.347414
0.344565
0.342348
0.346265
0.356403
0.349477
0.356631
0.366177
0.373428
0.396759
0.409232
0.417348
0.449227
0.453143
0.421739
0.436419
0.44147
0.495346
0.447793
0.458157
0.417653
0.445411
0.481429
0.425945
0.430418
0.434352
0.481395
0.435068
0.406537
0.4458
0.43868
0.477558
0.461448
0.424338
0.398414
0.389592
0.401531
0.39178
0.389499
0.405348
0.419454
0.430642
0.423463
0.382485
0.400908
0.386739
0.42812
0.384703
0.373851
0.367363
0.385639
0.396665
0.411309
0.406739
0.399876
0.383286
0.35642
0.35454
0.347159
0.350505
0.364422
0.359559
0.378033
0.401403
0.399712
0.392165
0.38708
0.392714
0.393243
0.424965
0.414005
0.420449
0.383842
0.390909
0.404684
0.397501
0.407408
0.411398
0.382521
0.376444
0.390253
0.385258
0.397259
0.3827
0.371639
0.365862
0.358574
0.374896
0.378482
0.419769
0.427255
0.390375
0.379316
0.386193
0.38737
0.39397
0.415741
0.400498
0.403085
0.413689
0.420371
0.402606
0.411002
0.406355
0.40929
0.384848
0.419902
0.406151
0.410741
0.415209
0.39867
0.417734
0.44854
0.446399
0.444118
0.440597
0.429584
0.425073
0.420731
0.483677
0.479759
0.434912
0.395451
0.398973
0.437896
0.44438
0.400078
0.414926
0.465726
0.438319
0.393105
0.44872
0.453415
0.533997
0.43912
0.463275
0.463246
0.424055
0.431682
0.422466
0.446166
0.412034
0.460033
0.416405
0.443179
0.440639
0.433142
0.418291
0.417764
0.442045
0.420359
0.443019
0.476454
0.455399
0.460896
0.460829
0.417615
0.411957
0.391319
0.377732
0.390218
0.404959
0.388889
0.382255
0.386512
0.388288
0.373009
0.356281
0.357167
0.346004
0.346932
0.346768
0.353415
0.355297
0.353073
0.367889
0.377078
0.371222
0.430343
0.424681
0.383094
0.392244
0.398223
0.37669
0.389495
0.390077
0.406912
0.421802
0.45634
0.436755
0.414311
0.397972
0.404397
0.423236
0.401971
0.452239
0.425489
0.418262
0.427299
0.409616
0.367999
0.37687
0.384938
0.387137
0.41615
0.409995
0.419702
0.403099
0.402471
0.428683
0.443771
0.465708
0.467368
0.440688
0.514431
0.478276
0.438731
0.414185
0.400162
0.385759
0.37936
0.376036
0.414515
0.419746
0.418112
0.416431
0.417339
0.39915
0.391183
0.370958
0.367334
0.374329
0.376293
0.377972
0.405823
0.398761
0.405279
0.437222
0.444219
0.408093
0.449868
0.387272
0.436224
0.510982
0.480435
0.465131
0.430955
0.390327
0.409283
0.390863
0.497153
0.413313
0.429046
0.477468
0.512169
0.41073
0.453343
0.434272
0.45247
0.409992
0.42216
0.455564
0.478491
0.496828
0.446412
0.463611
0.504486
0.511454
0.525933
0.533894
0.492845
0.515197
0.518846
0.522988
0.533426
0.52214
0.453579
0.530643
0.513314
0.475289
0.514896
0.491794
0.502664
0.484867
0.457735
0.463685
0.477999
0.469577
0.523231
0.525347
0.564655
0.555293
0.54278
0.585733
0.536541
0.52425
0.54144
0.521052
0.560554
0.519428
0.594937
0.590874
0.583563
0.589658
0.598644
0.553818
0.501874
0.480892
0.414782
0.479499
0.487157
0.446101
0.484055
0.475623
0.440245
0.395912
0.397085
0.394643
0.408621
0.467929
0.451777
0.428601
0.429995
0.413285
0.39069
0.373548
0.387507
0.395642
0.416503
0.479164
0.451629
0.473189
0.435186
0.420363
0.405446
0.427876
0.437077
0.432433
0.409886
0.433226
0.407288
0.37532
0.358466
0.365028
0.362146
0.357153
0.372193
0.370079
0.393971
0.402806
0.410853
0.437849
0.420142
0.464321
0.443577
0.448814
0.459742
0.451404
0.432974
0.455917
0.426836
0.455365
0.4339
0.425618
0.426537
0.419477
0.44409
0.443198
0.404458
0.380787
0.379022
0.408948
0.410095
0.406074
0.388162
0.407962
0.403465
0.396859
0.401084
0.405146
0.378307
0.370099
0.349392
0.368402
0.378291
0.365834
0.382604
0.38851
0.383356
0.414174
0.443561
0.405415
0.372881
0.396093
0.408992
0.406375
0.399117
0.41319
0.413385
0.387881
0.391836
0.418278
0.416952
0.412813
0.406777
0.372991
0.375588
0.40136
0.374762
0.415343
0.40874
0.406489
0.396166
0.399468
0.391584
0.387074
0.378936
0.422503
0.416419
0.42192
0.421061
0.429856
0.434045
0.441419
0.428739
0.43128
0.449932
0.401033
0.40523
0.369566
0.417025
0.406334
0.423503
0.376097
0.374331
0.418271
0.412157
0.407848
0.414723
0.420275
0.386624
0.397691
0.438926
0.419654
0.430843
0.436792
0.410561
0.382701
0.378967
0.390524
0.386858
0.373274
0.395764
0.413613
0.408629
0.404422
0.387596
0.395345
0.416661
0.487412
0.49809
0.45584
0.434445
0.438927
0.434753
0.421576
0.424413
0.436716
0.415969
0.409737
0.423869
0.436476
0.470248
0.418578
0.442655
0.448048
0.454173
0.454537
0.437918
0.432817
0.410894
0.387539
0.401703
0.372856
0.3643
0.363342
0.366898
0.363437
0.369728
0.362014
0.386212
0.366451
0.356264
0.355411
0.350118
0.361993
0.343111
0.343369
0.348725
0.342911
0.341278
0.340532
0.346094
0.345382
0.351028
0.351516
0.354295
0.346158
0.353124
0.358762
0.373478
0.385689
0.377114
0.388163
0.388086
0.376203
0.384934
0.406644
0.389589
0.381715
0.371141
0.390421
0.383559
0.368702
0.368127
0.387577
0.398411
0.373247
0.405818
0.417721
0.404541
0.38231
0.393304
0.402022
0.391972
0.36595
0.356811
0.351149
0.34921
0.354875
0.347163
0.362068
0.355474
0.356013
0.360992
0.362528
0.358789
0.3698
0.396878
0.39119
0.417667
0.434715
0.430275
0.431466
0.451653
0.477136
0.500371
0.462193
0.462401
0.489911
0.477326
0.495045
0.51124
0.511095
0.521682
0.470986
0.470278
0.401634
0.393967
0.396492
0.40399
0.431949
0.487263
0.407189
0.363499
0.386924
0.415582
0.462
0.457738
0.411112
0.422883
0.414686
0.385746
0.380472
0.410908
0.428871
0.460111
0.461859
0.477829
0.466637
0.467359
0.46591
0.508989
0.547871
0.427089
0.448458
0.450655
0.455086
0.384879
0.36058
0.349464
0.36734
0.379843
0.373592
0.375901
0.371038
0.375597
0.369255
0.363923
0.376663
0.416446
0.443324
0.396254
0.401225
0.387533
0.384975
0.403896
0.402069
0.459656
0.495702
0.448256
0.42871
0.429104
0.395942
0.367837
0.403639
0.375204
0.361357
0.384588
0.384873
0.408147
0.385179
0.38703
0.377363
0.371884
0.384169
0.406701
0.401199
0.396347
0.389938
0.397882
0.411366
0.420856
0.416625
0.40352
0.434196
0.438721
0.404478
0.409481
0.40934
0.391757
0.382508
0.388232
0.439506
0.431007
0.394841
0.396316
0.447802
0.42259
0.414761
0.482194
0.485401
0.485153
0.482957
0.426586
0.450927
0.381886
0.375139
0.39625
0.440497
0.421492
0.438465
0.430215
0.454239
0.495204
0.496517
0.46952
0.43373
0.453488
0.457283
0.469839
0.495732
0.455372
0.416496
0.451841
0.520135
0.472725
0.402788
0.425839
0.431691
0.417102
0.399597
0.382714
0.382177
0.377943
0.363857
0.371862
0.401464
0.403042
0.385845
0.372795
0.36558
0.373654
0.367973
0.373973
0.374824
0.374613
0.38713
0.39066
0.406666
0.404173
0.429693
0.446258
0.43316
0.396881
0.399701
0.400563
0.391289
0.415923
0.432662
0.376826
0.441366
0.441197
0.440231
0.439843
0.39871
0.412005
0.462143
0.424013
0.399314
0.377213
0.345292
0.348379
0.39111
0.435756
0.386287
0.452591
0.413931
0.442393
0.432787
0.455676
0.406522
0.393827
0.398164
0.432735
0.454315
0.475701
0.501766
0.436578
0.415539
0.407745
0.423509
0.413736
0.421773
0.422311
0.453012
0.416209
0.452538
0.476093
0.456506
0.425165
0.426877
0.439266
0.466739
0.455197
0.493697
0.497579
0.506284
0.458397
0.464248
0.418517
0.432345
0.422189
0.433255
0.424174
0.427069
0.452954
0.443473
0.427761
0.430849
0.466883
0.4428
0.447661
0.440088
0.44535
0.422079
0.450858
0.481226
0.463548
0.465525
0.455856
0.478376
0.487285
0.477166
0.479117
0.498934
0.548563
0.554321
0.55036
0.568369
0.584863
0.484654
0.508848
0.570431
0.582277
0.584443
0.573704
0.533538
0.581767
0.531794
0.547171
0.498907
0.542822
0.499993
0.464174
0.44152
0.416156
0.408315
0.38691
0.359444
0.382824
0.403502
0.373941
0.396366
0.455705
0.453014
0.378407
0.372748
0.405767
0.433125
0.405286
0.468357
0.419792
0.453951
0.438784
0.433674
0.428379
0.421481
0.378576
0.395967
0.438441
0.430743
0.4165
0.449688
0.464626
0.400043
0.440199
0.448916
0.417023
0.43028
0.417116
0.419638
0.39084
0.406452
0.411084
0.41394
0.386995
0.38599
0.42322
0.395193
0.424198
0.415512
0.347787
0.355908
0.407742
0.452697
0.405617
0.495312
0.476547
0.408682
0.418476
0.420211
0.452906
0.402685
0.427256
0.44584
0.445907
0.444926
0.393093
0.413044
0.397976
0.385099
0.369365
0.366048
0.366433
0.366153
0.364691
0.35978
0.371386
0.356553
0.362216
0.35065
0.36294
0.352019
0.349466
0.351536
0.35503
0.34858
0.348725
0.358547
0.35824
0.361944
0.364233
0.367359
0.385434
0.394439
0.400852
0.403348
0.347327
0.374929
0.381428
0.357231
0.360444
0.362204
0.372517
0.37852
0.381052
0.39647
0.377452
0.368066
0.36314
0.359256
0.39219
0.427178
0.428305
0.420302
0.389319
0.392648
0.40999
0.429039
0.428231
0.4511
0.443298
0.423168
0.393597
0.407794
0.421545
0.415031
0.420596
0.443053
0.430035
0.393748
0.383472
0.366567
0.357051
0.345203
0.34998
0.353769
0.348937
0.357492
0.347698
0.363909
0.361749
0.368232
0.372451
0.37558
0.365186
0.361809
0.362814
0.368421
0.368971
0.370516
0.361793
0.374224
0.380444
0.385074
0.399204
0.396305
0.404762
0.428498
0.43121
0.486741
0.488273
0.503092
0.476308
0.468136
0.480054
0.450585
0.444033
0.475549
0.447144
0.424202
0.488266
0.491099
0.43895
0.461846
0.402329
0.375213
0.380126
0.367528
0.349047
0.380507
0.400416
0.371102
0.373995
0.372938
0.368564
0.35789
0.361293
0.353101
0.365447
0.370705
0.393889
0.47512
0.487909
0.434107
0.405412
0.365472
0.387751
0.391512
0.408237
0.399337
0.422876
0.396416
0.387032
0.392445
0.423788
0.499008
0.496627
0.514343
0.542211
0.485206
0.441909
0.507648
0.491285
0.438189
0.395879
0.439389
0.502351
0.568778
0.535652
0.531181
0.536771
0.509863
0.503177
0.530658
0.529953
0.46894
0.521416
0.491041
0.499967
0.482169
0.548102
0.488765
0.482974
0.508247
0.457398
0.487377
0.52988
0.509399
0.508243
0.523222
0.511979
0.481326
0.528597
0.512084
0.490468
0.485175
0.445519
0.463969
0.448018
0.539058
0.409213
0.459178
0.470462
0.437716
0.446851
0.398446
0.415287
0.432186
0.421236
0.497531
0.510615
0.447404
0.379901
0.50974
0.420377
0.47623
0.465866
0.427235
0.416033
0.404115
0.458475
0.413694
0.414133
0.443591
0.443101
0.43701
0.412175
0.387122
0.383871
0.377763
0.371416
0.359298
0.360627
0.361493
0.352999
0.360655
0.360095
0.36979
0.390925
0.401262
0.400078
0.39608
0.384391
0.365906
0.369612
0.363285
0.367043
0.359822
0.36621
0.380916
0.402352
0.395921
0.393298
0.425599
0.415476
0.385613
0.38794
0.38267
0.36788
0.378074
0.377929
0.366527
0.349978
0.352583
0.364432
0.377273
0.356634
0.349022
0.349898
0.350459
0.358681
0.368953
0.379007
0.392833
0.389313
0.407047
0.400392
0.379109
0.416043
0.41507
0.412376
0.401353
0.40562
0.412554
0.401247
0.407271
0.375967
0.37798
0.402711
0.382078
0.369201
0.360849
0.364504
0.354553
0.354436
0.351571
0.349964
0.359999
0.357861
0.348849
0.33893
0.351789
0.348321
0.35753
0.366315
0.391054
0.379429
0.373764
0.3831
0.374644
0.376457
0.402188
0.404638
0.392292
0.39114
0.351081
0.36615
0.383698
0.381502
0.36158
0.355801
0.354683
0.366693
0.358721
0.349477
0.353752
0.360924
0.387866
0.366195
0.35733
0.370539
0.379749
0.376037
0.422684
0.413351
0.386625
0.406656
0.372189
0.397727
0.378476
0.379806
0.383573
0.395476
0.407491
0.382553
0.400569
0.395514
0.429757
0.411412
0.423824
0.41147
0.426199
0.436375
0.415631
0.429395
0.456797
0.426018
0.457734
0.459101
0.386219
0.398067
0.420873
0.408588
0.406454
0.441958
0.431517
0.457072
0.469202
0.465426
0.410093
0.476409
0.506444
0.492682
0.480963
0.427881
0.460726
0.476711
0.502285
0.465169
0.50413
0.50172
0.484545
0.431191
0.477112
0.471145
0.41159
0.421406
0.427
0.394534
0.38828
0.388713
0.444923
0.423682
0.447955
0.440031
0.444352
0.373875
0.373489
0.379033
0.42384
0.42777
0.479428
0.458212
0.39975
0.425194
0.477619
0.512795
0.450057
0.435614
0.395711
0.39233
0.375185
0.377581
0.396791
0.422031
0.458526
0.398814
0.40031
0.415197
0.438223
0.450673
0.446273
0.442839
0.425348
0.420028
0.42914
0.447629
0.422899
0.424223
0.424848
0.399905
0.415241
0.43317
0.414251
0.433496
0.490658
0.448301
0.497975
0.459629
0.450735
0.48613
0.452691
0.435423
0.412286
0.381708
0.43524
0.459612
0.443447
0.473389
0.481118
0.479132
0.489147
0.523487
0.464017
0.422807
0.439906
0.43768
0.402872
0.430856
0.444996
0.424135
0.449766
0.444064
0.473908
0.494826
0.493004
0.522304
0.456201
0.377041
0.422954
0.452378
0.437544
0.42025
0.432081
0.393363
0.425237
0.381134
0.3786
0.394463
0.359372
0.376645
0.363211
0.38621
0.415034
0.426048
0.422293
0.423503
0.418405
0.44326
0.430492
0.423301
0.407859
0.404177
0.399979
0.395911
0.396654
0.390323
0.36727
0.371829
0.372029
0.387734
0.378209
0.37477
0.356208
0.356094
0.357033
0.35353
0.355421
0.354545
0.350161
0.363723
0.364688
0.389654
0.38036
0.412462
0.389133
0.374478
0.364645
0.356581
0.370087
0.354387
0.363667
0.378428
0.364719
0.384218
0.37668
0.369136
0.38028
0.377525
0.371168
0.347295
0.345054
0.359456
0.379143
0.382108
0.402833
0.380594
0.391841
0.388896
0.392901
0.407811
0.383898
0.383351
0.393441
0.391568
0.399022
0.404135
0.387535
0.354365
0.361472
0.374737
0.379538
0.381717
0.388386
0.39177
0.390512
0.395735
0.384817
0.435021
0.443498
0.418582
0.428918
0.433672
0.409774
0.410412
0.404374
0.403357
0.373754
0.36137
0.35565
0.382309
0.50577
0.38138
0.368433
0.409392
0.362459
0.360931
0.36855
0.37535
0.372376
0.363517
0.372281
0.355863
0.37765
0.357214
0.357264
0.359426
0.371693
0.385124
0.391982
0.398796
0.41163
0.386693
0.369487
0.359853
0.366939
0.386983
0.365321
0.376373
0.362159
0.370116
0.398365
0.388639
0.381797
0.379769
0.392774
0.388618
0.383283
0.386107
0.406646
0.404016
0.481853
0.45581
0.405312
0.40983
0.481233
0.494544
0.459922
0.467531
0.482719
0.4758
0.426138
0.416408
0.418502
0.447911
0.453771
0.412101
0.487493
0.526389
0.477773
0.480915
0.489001
0.500211
0.484072
0.44722
0.469094
0.480685
0.46774
0.414536
0.388504
0.352655
0.395745
0.468395
0.485534
0.478631
0.459678
0.439289
0.516002
0.45989
0.480493
0.453536
0.396078
0.386716
0.375468
0.373454
0.368252
0.362769
0.361232
0.356473
0.343761
0.345527
0.349977
0.346501
0.358102
0.368665
0.362325
0.371053
0.360264
0.388894
0.425284
0.389679
0.376803
0.371099
0.398062
0.401116
0.414764
0.428117
0.403446
0.37038
0.387681
0.399762
0.391163
0.403736
0.39148
0.378624
0.386343
0.378018
0.407004
0.401886
0.388652
0.401266
0.399989
0.412805
0.414183
0.393234
0.400631
0.390064
0.384998
0.375254
0.390313
0.372397
0.373936
0.37345
0.382332
0.381807
0.377123
0.360581
0.358516
0.359475
0.354318
0.347422
0.346798
0.346296
0.353452
0.356669
0.350093
0.346313
0.348918
0.375648
0.392251
0.407541
0.392702
0.387048
0.389425
0.383719
0.37806
0.360558
0.356296
0.35225
0.36044
0.356295
0.338341
0.354415
0.381251
0.387356
0.36833
0.374302
0.35561
0.35888
0.36114
0.348037
0.344567
0.349052
0.361801
0.361407
0.356939
0.383191
0.365865
0.367308
0.36085
0.358673
0.350014
0.345222
0.337943
0.349795
0.340542
0.342979
0.351024
0.352172
0.348722
0.345923
0.347381
0.340976
0.343144
0.358125
0.356103
0.360367
0.355789
0.366417
0.363872
0.372941
0.380189
0.404181
0.374128
0.372413
0.36132
0.352466
0.350599
0.353609
0.355869
0.362479
0.367731
0.385858
0.396147
0.392442
0.385498
0.415619
0.415828
0.414669
0.409534
0.429855
0.397687
0.425765
0.425792
0.407614
0.412896
0.408504
0.412544
0.4433
0.395908
0.380512
0.375379
0.389059
0.383582
0.388579
0.384578
0.395637
0.422657
0.413082
0.393033
0.375464
0.360872
0.36662
0.383327
0.412114
0.399819
0.398826
0.390473
0.393513
0.404202
0.4113
0.384228
0.376604
0.400116
0.403751
0.388407
0.382157
0.411416
0.430658
0.412359
0.436929
0.461813
0.38923
0.398943
0.41994
0.41709
0.416387
0.442424
0.405313
0.422658
0.390355
0.415762
0.458219
0.44036
0.422057
0.466029
0.451858
0.465024
0.45683
0.456727
0.489387
0.505659
0.447429
0.436516
0.443702
0.469002
0.474748
0.506872
0.442454
0.454886
0.436814
0.423945
0.438344
0.444559
0.497778
0.50242
0.472145
0.495774
0.448001
0.441408
0.446355
0.439973
0.419782
0.423982
0.433173
0.426861
0.369219
0.456727
0.460441
0.454503
0.479462
0.470617
0.444383
0.445985
0.436134
0.42018
0.429431
0.420058
0.444823
0.436788
0.433066
0.438983
0.503658
0.474418
0.470458
0.454463
0.474287
0.484879
0.51741
0.487529
0.466525
0.430962
0.473198
0.513601
0.459655
0.473298
0.457646
0.460653
0.535882
0.541545
0.50336
0.501039
0.45536
0.419746
0.414895
0.413493
0.403869
0.398427
0.406306
0.407153
0.420257
0.417856
0.409669
0.430464
0.442472
0.458952
0.465121
0.440722
0.417578
0.422833
0.445653
0.470657
0.468391
0.480702
0.477717
0.507471
0.504567
0.509778
0.509917
0.581102
0.581514
0.508378
0.420415
0.407326
0.442633
0.393046
0.423659
0.405194
0.442217
0.445378
0.40414
0.435751
0.434141
0.401195
0.41606
0.42858
0.392593
0.373516
0.389759
0.418945
0.398245
0.413258
0.40732
0.440761
0.441025
0.43745
0.406831
0.423362
0.414416
0.404992
0.424571
0.406185
0.404497
0.420731
0.45874
0.415098
0.439584
0.415245
0.445007
0.398751
0.419795
0.419588
0.399777
0.400494
0.446738
0.399567
0.434931
0.422888
0.425778
0.447451
0.438689
0.414516
0.390135
0.39157
0.389976
0.394266
0.391238
0.39043
0.412798
0.401974
0.385245
0.381325
0.383734
0.387521
0.397001
0.382342
0.339321
0.350095
0.388616
0.411656
0.383728
0.389471
0.394279
0.399008
0.380216
0.368023
0.352055
0.355996
0.362536
0.355607
0.373148
0.382246
0.384536
0.392981
0.370924
0.399758
0.42586
0.42971
0.418992
0.399115
0.393008
0.419376
0.362891
0.393438
0.387737
0.40571
0.395878
0.403374
0.397824
0.379931
0.388887
0.411884
0.425047
0.414283
0.426142
0.403944
0.435673
0.433056
0.403577
0.387924
0.411303
0.389487
0.381969
0.380669
0.379562
0.398714
0.401178
0.38896
0.398829
0.400968
0.37835
0.396995
0.422261
0.414713
0.397822
0.397397
0.39341
0.390833
0.426738
0.403621
0.398217
0.451102
0.406912
0.400919
0.442309
0.408892
0.393538
0.357349
0.353665
0.357205
0.358704
0.358412
0.358814
0.345109
0.338899
0.344153
0.34136
0.342319
0.340809
0.336119
0.339764
0.357357
0.342361
0.341186
0.342446
0.35043
0.351759
0.358098
0.362894
0.383043
0.395046
0.363857
0.357282
0.390347
0.37699
0.374688
0.360693
0.359257
0.346525
0.346201
0.346449
0.345054
0.334712
0.333719
0.337871
0.345699
0.345132
0.35043
0.344602
0.334753
0.345849
0.340837
0.345568
0.342075
0.34085
0.34958
0.361601
0.344929
0.349
0.344531
0.351845
0.346477
0.349481
0.34885
0.346244
0.338912
0.33232
0.331705
0.335577
0.353937
0.342762
0.338444
0.346113
0.341459
0.339634
0.349212
0.346731
0.334571
0.352436
0.364675
0.36123
0.378781
0.365836
0.40909
0.388172
0.392263
0.374661
0.379486
0.373391
0.377009
0.370872
0.383118
0.387439
0.381965
0.370174
0.366413
0.363469
0.392205
0.39876
0.359602
0.383891
0.375631
0.371517
0.358214
0.384184
0.379699
0.37405
0.369295
0.376098
0.383131
0.381985
0.397368
0.365667
0.351997
0.355163
0.350884
0.34228
0.346383
0.344285
0.344019
0.332416
0.348786
0.339357
0.342232
0.353642
0.349634
0.344736
0.348139
0.341039
0.349022
0.353555
0.351301
0.346409
0.343801
0.34193
0.338831
0.353938
0.335961
0.346875
0.34155
0.341415
0.349794
0.346153
0.348908
0.336595
0.339898
0.344518
0.351911
0.343306
0.346289
0.359348
0.362216
0.364195
0.370463
0.372957
0.362576
0.355266
0.353598
0.357893
0.35692
0.360621
0.371956
0.36743
0.358739
0.366088
0.378313
0.407421
0.400066
0.401601
0.435403
0.423892
0.393939
0.378654
0.381
0.379128
0.382216
0.397009
0.401394
0.401904
0.406934
0.431791
0.440295
0.462597
0.429258
0.429335
0.435192
0.425595
0.441214
0.425021
0.39132
0.4442
0.412736
0.391924
0.375376
0.35952
0.369337
0.374817
0.380614
0.392224
0.398895
0.387935
0.367435
0.362307
0.350265
0.356921
0.361432
0.364925
0.35675
0.356928
0.361887
0.364852
0.388734
0.389805
0.413903
0.398875
0.392119
0.378601
0.369883
0.374597
0.370493
0.37408
0.384534
0.37937
0.390588
0.406347
0.405642
0.426311
0.4333
0.453153
0.491222
0.445651
0.439009
0.465467
0.486496
0.474708
0.475239
0.446739
0.506751
0.539273
0.495853
0.496326
0.547418
0.47699
0.409084
0.36008
0.375148
0.435589
0.439076
0.446416
0.427989
0.429247
0.393785
0.374946
0.385282
0.434359
0.461078
0.478892
0.457088
0.484432
0.408558
0.483677
0.494786
0.407919
0.392465
0.390905
0.379024
0.374036
0.368549
0.369255
0.353222
0.355197
0.347879
0.349913
0.341461
0.342862
0.344397
0.355856
0.358229
0.36521
0.351163
0.3556
0.364108
0.369133
0.375775
0.384909
0.367684
0.380876
0.410921
0.406944
0.390282
0.394392
0.391366
0.391263
0.374585
0.382504
0.371882
0.380712
0.390166
0.414852
0.41569
0.435592
0.420205
0.415467
0.414556
0.415348
0.374248
0.393206
0.376772
0.41268
0.398462
0.377977
0.369273
0.377881
0.371864
0.373743
0.377404
0.375183
0.382924
0.403834
0.384728
0.37785
0.369985
0.353516
0.34892
0.342775
0.341066
0.346914
0.351247
0.350235
0.336015
0.358602
0.339734
0.342585
0.343598
0.33977
0.352279
0.346309
0.348754
0.358428
0.378574
0.383856
0.379065
0.382899
0.367543
0.369985
0.343484
0.347573
0.349615
0.333838
0.353844
0.357606
0.363776
0.351759
0.352075
0.357891
0.35339
0.367283
0.392496
0.416511
0.413192
0.432704
0.411414
0.373028
0.41814
0.403975
0.401297
0.399641
0.407056
0.411514
0.395501
0.379933
0.396961
0.398981
0.393663
0.383127
0.395153
0.397774
0.411084
0.431215
0.412358
0.415431
0.415302
0.396018
0.409799
0.400422
0.401272
0.415214
0.393448
0.382431
0.392062
0.392333
0.40296
0.395067
0.393586
0.404842
0.392509
0.396566
0.394282
0.3901
0.372016
0.376687
0.402777
0.37037
0.410506
0.423344
0.409461
0.397596
0.387618
0.372002
0.370127
0.363979
0.393725
0.406818
0.421193
0.401946
0.417498
0.423983
0.4802
0.44747
0.447554
0.388808
0.402388
0.426798
0.405928
0.375598
0.36034
0.359502
0.396665
0.467008
0.411276
0.372393
0.404682
0.451314
0.479995
0.440726
0.444382
0.46034
0.445697
0.443755
0.403874
0.413679
0.420797
0.409146
0.402879
0.398564
0.409968
0.408505
0.423522
0.462633
0.464495
0.447728
0.422634
0.466748
0.434151
0.451268
0.481453
0.44133
0.459799
0.450152
0.458196
0.405522
0.429804
0.440153
0.480613
0.457378
0.500527
0.487252
0.43167
0.443175
0.449844
0.4356
0.408689
0.388503
0.382771
0.385228
0.384458
0.381407
0.375404
0.375091
0.372801
0.362481
0.387472
0.415384
0.407223
0.386498
0.368795
0.363456
0.349917
0.35963
0.358574
0.342757
0.346867
0.3597
0.360228
0.357442
0.359984
0.359567
0.365543
0.377706
0.384265
0.365422
0.358673
0.353937
0.36138
0.367211
0.374711
0.378316
0.40455
0.39026
0.426908
0.399368
0.375391
0.42733
0.441874
0.445014
0.419507
0.420328
0.438858
0.485154
0.442738
0.413509
0.503847
0.418405
0.400469
0.41223
0.467118
0.487376
0.462974
0.513558
0.403315
0.394952
0.501899
0.459342
0.420351
0.477247
0.470148
0.429319
0.480338
0.464902
0.450602
0.464816
0.421563
0.439865
0.417704
0.438686
0.421277
0.411691
0.425274
0.413494
0.407048
0.410342
0.453077
0.480199
0.460954
0.540034
0.438891
0.489158
0.482817
0.545426
0.453253
0.481569
0.469598
0.468276
0.460844
0.467348
0.495409
0.465831
0.487447
0.513703
0.471666
0.481632
0.463759
0.574963
0.523954
0.564774
0.553738
0.575828
0.580462
0.518322
0.40826
0.413445
0.41642
0.432316
0.410796
0.411305
0.438015
0.45878
0.430693
0.40738
0.393639
0.385016
0.392318
0.411571
0.444707
0.388959
0.443874
0.440185
0.422885
0.398847
0.41341
0.404572
0.421215
0.397152
0.420311
0.431818
0.439152
0.439889
0.449505
0.432234
0.417296
0.427888
0.423526
0.436104
0.490923
0.43406
0.419906
0.425216
0.397536
0.401056
0.409129
0.412011
0.415521
0.409894
0.429045
0.402556
0.400678
0.37478
0.357151
0.372316
0.36767
0.361554
0.371949
0.374363
0.385558
0.368909
0.363602
0.373089
0.390226
0.377445
0.409232
0.404691
0.384886
0.396349
0.40336
0.400392
0.440629
0.525778
0.440973
0.507816
0.433249
0.463575
0.442528
0.510946
0.447924
0.424857
0.434721
0.401208
0.431694
0.430741
0.457627
0.397895
0.414873
0.413262
0.414254
0.47353
0.420899
0.427217
0.392168
0.381398
0.369155
0.359362
0.3552
0.375532
0.390249
0.401455
0.402153
0.380236
0.391788
0.380442
0.394698
0.378452
0.358242
0.384823
0.38461
0.416461
0.395955
0.410048
0.417182
0.431073
0.383033
0.41598
0.442242
0.41351
0.394301
0.417348
0.389105
0.391001
0.370087
0.375858
0.361403
0.353412
0.371446
0.385086
0.405398
0.411845
0.404417
0.392397
0.36879
0.371847
0.378146
0.371131
0.419906
0.435189
0.411422
0.393178
0.417662
0.417855
0.402691
0.410975
0.431911
0.417261
0.407316
0.403212
0.410887
0.403865
0.4275
0.414827
0.397142
0.402944
0.378591
0.408816
0.437922
0.422766
0.448339
0.428253
0.448303
0.393797
0.450617
0.431159
0.420142
0.460454
0.474634
0.46902
0.466552
0.397791
0.466505
0.476395
0.441949
0.496636
0.46945
0.425551
0.40147
0.417808
0.42069
0.439857
0.464871
0.465528
0.431242
0.417798
0.459747
0.464198
0.47998
0.477498
0.471153
0.404644
0.391902
0.429958
0.414966
0.408667
0.40967
0.444836
0.420441
0.429447
0.389259
0.445791
0.448792
0.495153
0.515354
0.491162
0.497912
0.493283
0.495678
0.460139
0.4778
0.424523
0.434785
0.372138
0.377894
0.444951
0.3744
0.524838
0.537067
0.473007
0.448712
0.477352
0.478454
0.442954
0.427333
0.41547
0.421394
0.429311
0.443605
0.439527
0.454419
0.433438
0.383824
0.400154
0.431924
0.448127
0.451021
0.431227
0.419146
0.410983
0.393792
0.428352
0.458454
0.451372
0.449291
0.395
0.455382
0.421442
0.39653
0.386917
0.391703
0.37634
0.376582
0.405039
0.4234
0.466156
0.456502
0.455898
0.477163
0.43798
0.49196
0.466308
0.473053
0.489392
0.428608
0.440732
0.4951
0.419737
0.394539
0.412103
0.45141
0.429295
0.453623
0.446576
0.438656
0.449826
0.409838
0.39516
0.387633
0.385445
0.389178
0.393808
0.377171
0.38115
0.380369
0.373992
0.398043
0.427419
0.388796
0.39284
0.381503
0.369061
0.375105
0.397919
0.417676
0.438306
0.444749
0.444493
0.441378
0.427917
0.390417
0.428878
0.462314
0.422445
0.441139
0.470771
0.473881
0.473286
0.418735
0.537993
0.555804
0.628205
0.587188
0.619398
0.579904
0.541256
0.568239
0.559486
0.534973
0.537293
0.534526
0.468949
0.495893
0.462519
0.481088
0.540487
0.531251
0.509221
0.477538
0.453345
0.442679
0.439352
0.411819
0.413439
0.404541
0.419362
0.407974
0.424821
0.411494
0.395337
0.41815
0.430969
0.471599
0.479478
0.451096
0.425035
0.415459
0.422985
0.449194
0.444604
0.467478
0.48139
0.512411
0.49631
0.449393
0.469467
0.467881
0.46805
0.441041
0.430708
0.419219
0.410891
0.418127
0.403692
0.460227
0.459371
0.455546
0.473755
0.464309
0.480213
0.42547
0.435811
0.460366
0.428002
0.415671
0.449365
0.449657
0.451107
0.43433
0.459724
0.434111
0.440718
0.418193
0.424898
0.435533
0.44773
0.427291
0.477128
0.431794
0.432309
0.433445
0.475847
0.45737
0.438492
0.431069
0.445214
0.421395
0.453172
0.446508
0.411663
0.414918
0.422707
0.400107
0.407824
0.433439
0.443332
0.471716
0.477665
0.487923
0.486267
0.477589
0.500532
0.500151
0.476163
0.523569
0.494793
0.501688
0.508171
0.53136
0.484414
0.434414
0.409124
0.404055
0.429206
0.426605
0.42891
0.403338
0.418613
0.383631
0.450139
0.431035
0.372416
0.384948
0.41371
0.454596
0.423699
0.431171
0.436419
0.425331
0.468492
0.502358
0.479871
0.445507
0.464937
0.473607
0.454178
0.439335
0.413322
0.399472
0.399462
0.386686
0.391309
0.408195
0.415535
0.379678
0.422885
0.380121
0.40747
0.462412
0.435535
0.410109
0.457631
0.429091
0.412642
0.458697
0.403118
0.468689
0.455591
0.457792
0.491077
0.470314
0.513224
0.505876
0.48219
0.441399
0.457767
0.407378
0.380906
0.374389
0.366777
0.364808
0.377731
0.367637
0.360246
0.358867
0.357442
0.363127
0.358111
0.378336
0.365561
0.369167
0.366405
0.368904
0.357977
0.355485
0.367262
0.36151
0.370672
0.366504
0.377654
0.396045
0.394229
0.415524
0.432543
0.439263
0.486814
0.471513
0.477787
0.500018
0.498774
0.500861
0.523028
0.453705
0.493016
0.473599
0.433089
0.448143
0.445716
0.417126
0.466818
0.486781
0.49763
0.452523
0.394915
0.443572
0.426603
0.446687
0.431799
0.36727
0.391572
0.466636
0.437724
0.431183
0.403989
0.399272
0.410733
0.450358
0.455605
0.453842
0.474801
0.457616
0.390437
0.360187
0.369086
0.359662
0.370351
0.403304
0.40071
0.414181
0.440899
0.426447
0.417463
0.431267
0.430401
0.429071
0.443627
0.419718
0.41146
0.40682
0.413998
0.421004
0.417145
0.475546
0.474455
0.502999
0.44758
0.410531
0.420647
0.426269
0.409942
0.417411
0.427862
0.44094
0.499174
0.494437
0.492059
0.477472
0.507551
0.557178
0.568487
0.516117
0.496023
0.475748
0.495576
0.484872
0.485778
0.495581
0.516689
0.535495
0.519874
0.598599
0.577188
0.597544
0.55738
0.510502
0.546251
0.50029
0.531972
0.464389
0.503951
0.546176
0.509675
0.534142
0.497739
0.469848
0.484369
0.487782
0.496336
0.410642
0.46379
0.520036
0.486922
0.445282
0.530062
0.507709
0.495436
0.439896
0.461773
0.451857
0.466656
0.472653
0.480493
0.424731
0.508049
0.539436
0.501213
0.49392
0.512923
0.476642
0.435671
0.466767
0.495424
0.431431
0.438355
0.470906
0.464347
0.406606
0.443275
0.430183
0.430303
0.432203
0.424424
0.414726
0.397692
0.394007
0.416288
0.439576
0.390926
0.402337
0.393278
0.407321
0.420154
0.404456
0.395385
0.409878
0.421513
0.444543
0.434684
0.424877
0.47379
0.447794
0.511633
0.493855
0.531567
0.516913
0.526414
0.457183
0.496548
0.487919
0.459948
0.427885
0.427797
0.441805
0.440621
0.498282
0.4693
0.418782
0.394657
0.395125
0.457705
0.485287
0.461211
0.404839
0.478572
0.50323
0.488765
0.492452
0.421759
0.457224
0.394493
0.411225
0.406254
0.4628
0.4348
0.381768
0.49509
0.452396
0.434177
0.449943
0.423317
0.419905
0.456098
0.447985
0.442449
0.439579
0.426646
0.450479
0.488394
0.451956
0.444579
0.41039
0.435171
0.440935
0.467719
0.498394
0.447995
0.406173
0.423444
0.444626
0.480198
0.531759
0.475071
0.503401
0.439262
0.520149
0.454023
0.491729
0.500651
0.421351
0.400133
0.40365
0.478372
0.53059
0.499256
0.496913
0.477714
0.491024
0.468554
0.464953
0.484611
0.495238
0.514612
0.496519
0.457245
0.502654
0.5173
0.491217
0.49637
0.462783
0.414636
0.488344
0.433486
0.407082
0.497666
0.489411
0.389054
0.476336
0.462484
0.464634
0.466278
0.485368
0.477748
0.528491
0.496435
0.529
0.471635
0.433975
0.4207
0.420592
0.406279
0.377528
0.37486
0.371722
0.363011
0.352467
0.354583
0.354526
0.364695
0.364288
0.375987
0.371744
0.388798
0.380416
0.425317
0.398621
0.395356
0.402529
0.395039
0.452964
0.436729
0.450463
0.470799
0.470373
0.471253
0.459528
0.449395
0.428556
0.397563
0.42933
0.434053
0.400982
0.451098
0.40381
0.424278
0.374937
0.381222
0.485032
0.374878
0.379405
0.428086
0.417339
0.47399
0.387239
0.374339
0.489768
0.458083
0.489869
0.455594
0.415763
0.456142
0.451534
0.44269
0.441497
0.375356
0.391083
0.430701
0.443358
0.493678
0.409678
0.446127
0.446118
0.430972
0.45607
0.443628
0.410902
0.373829
0.359785
0.406781
0.382169
0.381056
0.376694
0.366744
0.367573
0.376148
0.377506
0.371951
0.384916
0.425244
0.457283
0.473729
0.460425
0.45875
0.50142
0.510236
0.483936
0.491104
0.528803
0.485347
0.540936
0.508656
0.476806
0.542714
0.532418
0.501065
0.503113
0.509522
0.500481
0.480632
0.541223
0.48669
0.492268
0.501382
0.535745
0.480225
0.516508
0.554631
0.540244
0.52054
0.514451
0.50504
0.497722
0.589779
0.588045
0.556814
0.586873
0.555385
0.532048
0.522727
0.539952
0.416966
0.432185
0.422489
0.403746
0.366732
0.364763
0.356916
0.370889
0.379619
0.391637
0.405325
0.417843
0.411867
0.43312
0.406109
0.387725
0.36968
0.370552
0.380126
0.392095
0.389487
0.404324
0.407071
0.39414
0.395922
0.400184
0.407672
0.436951
0.433387
0.402684
0.39269
0.394472
0.444395
0.441639
0.433908
0.385986
0.408636
0.428266
0.432074
0.440361
0.429997
0.413757
0.407948
0.396616
0.419462
0.442328
0.447077
0.462847
0.414168
0.433541
0.434158
0.459591
0.434182
0.422326
0.423497
0.385169
0.386312
0.402199
0.424012
0.396867
0.445576
0.419186
0.395078
0.37783
0.460132
0.442432
0.439877
0.42395
0.409972
0.414515
0.410024
0.414198
0.383947
0.390658
0.389584
0.391105
0.391217
0.411777
0.407812
0.394155
0.375806
0.373587
0.376025
0.365626
0.375519
0.360909
0.358175
0.343694
0.351104
0.340642
0.348924
0.34649
0.348708
0.351654
0.358901
0.366294
0.369423
0.397509
0.397588
0.422541
0.392212
0.388996
0.380289
0.347211
0.352345
0.358458
0.361653
0.350806
0.365996
0.377817
0.381863
0.403638
0.41043
0.39879
0.411262
0.426083
0.426669
0.425324
0.366719
0.459782
0.503585
0.420763
0.391817
0.361265
0.375672
0.368919
0.362419
0.366367
0.369946
0.375731
0.3649
0.358385
0.352464
0.357524
0.349929
0.364648
0.374037
0.387523
0.368805
0.383855
0.367971
0.358015
0.359715
0.366006
0.358414
0.358252
0.361839
0.369597
0.405726
0.418792
0.396071
0.42282
0.443365
0.425087
0.436298
0.482009
0.443804
0.412548
0.425962
0.441914
0.414504
0.469956
0.456397
0.467171
0.508358
0.436503
0.383027
0.449154
0.449516
0.436675
0.422554
0.449736
0.414028
0.421705
0.406642
0.400223
0.387723
0.374673
0.379195
0.379225
0.36349
0.365871
0.363506
0.367346
0.384095
0.390565
0.37538
0.376721
0.391178
0.382987
0.379639
0.383846
0.385168
0.396624
0.398303
0.357139
0.416542
0.418595
0.438774
0.429861
0.436098
0.430216
0.439064
0.435768
0.433196
0.422823
0.426509
0.423859
0.374774
0.358901
0.353021
0.358557
0.370419
0.387836
0.410859
0.413712
0.352652
0.427922
0.420275
0.409998
0.430698
0.40589
0.382208
0.388335
0.38456
0.363167
0.359899
0.345664
0.346348
0.343523
0.35003
0.350657
0.34813
0.335261
0.346793
0.340744
0.350519
0.361644
0.347879
0.341053
0.352364
0.369578
0.353395
0.341574
0.360604
0.359198
0.383871
0.372956
0.409478
0.385848
0.376224
0.362839
0.349218
0.35089
0.351488
0.348992
0.367208
0.374651
0.377026
0.355702
0.360318
0.387509
0.419309
0.4237
0.456122
0.374062
0.403049
0.45293
0.417194
0.409288
0.401362
0.419934
0.461702
0.450153
0.463233
0.425888
0.410193
0.401062
0.419083
0.425376
0.47717
0.481186
0.434138
0.487247
0.526391
0.517926
0.458117
0.492598
0.599047
0.596428
0.616577
0.580437
0.571647
0.588979
0.578511
0.548435
0.54157
0.507218
0.548453
0.564331
0.569144
0.554358
0.539503
0.546557
0.527833
0.553856
0.523657
0.502407
0.541376
0.495394
0.514646
0.493362
0.487992
0.449581
0.50132
0.535459
0.536431
0.513093
0.518674
0.482823
0.468571
0.430621
0.432527
0.467866
0.514594
0.524761
0.524122
0.523573
0.521006
0.520349
0.507875
0.436372
0.450221
0.43101
0.483908
0.533429
0.54673
0.474362
0.463257
0.544931
0.524488
0.520269
0.475154
0.43208
0.50739
0.506172
0.450939
0.46771
0.511215
0.512155
0.488407
0.512192
0.541704
0.518266
0.525978
0.52779
0.542415
0.55468
0.551957
0.52689
0.531492
0.524281
0.444921
0.420827
0.403343
0.400075
0.406127
0.39926
0.406433
0.421435
0.411969
0.399254
0.413897
0.426233
0.416263
0.412938
0.415562
0.405578
0.416415
0.373321
0.400918
0.415479
0.424276
0.436117
0.408962
0.465302
0.454563
0.485984
0.500301
0.441799
0.468695
0.461688
0.44945
0.426241
0.45037
0.440553
0.416047
0.436631
0.432756
0.437396
0.457314
0.47739
0.527322
0.497171
0.49239
0.428702
0.458391
0.441036
0.433676
0.511341
0.496894
0.525982
0.528157
0.517569
0.424321
0.417402
0.411544
0.447478
0.407229
0.431095
0.493787
0.531733
0.513196
0.526874
0.504054
0.507812
0.442095
0.467425
0.454084
0.512607
0.522025
0.463366
0.496736
0.47608
0.462121
0.541355
0.543255
0.4692
0.431007
0.424862
0.492328
0.482759
0.40114
0.39311
0.444869
0.521961
0.538077
0.52846
0.518178
0.529199
0.457366
0.490677
0.496729
0.492187
0.501757
0.528467
0.511972
0.473607
0.477764
0.53393
0.532475
0.531388
0.495111
0.534159
0.540063
0.505518
0.521753
0.536356
0.505606
0.495764
0.486532
0.459634
0.424781
0.430263
0.436565
0.453013
0.45217
0.444185
0.442648
0.477788
0.50195
0.519228
0.486374
0.462835
0.521999
0.549695
0.552561
0.431567
0.49271
0.424459
0.438293
0.442517
0.44625
0.435841
0.447574
0.475125
0.476048
0.523892
0.41999
0.464504
0.489634
0.473237
0.450158
0.432275
0.4464
0.460921
0.453325
0.435232
0.481517
0.459484
0.470999
0.430441
0.511471
0.453023
0.440957
0.416133
0.453949
0.45284
0.422053
0.439835
0.421841
0.417149
0.381869
0.395308
0.383046
0.369953
0.363787
0.364954
0.380612
0.373666
0.376691
0.384634
0.399271
0.388667
0.403341
0.389647
0.379923
0.407415
0.399145
0.418137
0.383776
0.384687
0.377838
0.386578
0.400016
0.384224
0.381531
0.392796
0.391899
0.409507
0.384189
0.401578
0.375954
0.367235
0.365637
0.381614
0.382765
0.383881
0.393509
0.384527
0.410978
0.402158
0.419346
0.393518
0.392918
0.430717
0.475
0.467782
0.423332
0.415428
0.432578
0.424832
0.416792
0.438295
0.437252
0.426124
0.427556
0.403724
0.430075
0.422176
0.403496
0.424717
0.420269
0.381189
0.404673
0.433583
0.423524
0.459
0.451183
0.442933
0.445216
0.423672
0.441707
0.472621
0.482534
0.480403
0.464536
0.420916
0.400025
0.443478
0.47209
0.492072
0.469101
0.489411
0.502104
0.489944
0.478666
0.455597
0.486132
0.46135
0.456479
0.431783
0.443708
0.45729
0.457823
0.479411
0.435695
0.468117
0.496487
0.499135
0.478182
0.446207
0.495961
0.470427
0.453141
0.451422
0.479883
0.444113
0.472484
0.446133
0.414682
0.40288
0.395879
0.383769
0.409348
0.446763
0.454469
0.434912
0.446739
0.420771
0.418871
0.436993
0.401281
0.426675
0.426128
0.441989
0.459215
0.465843
0.463413
0.468683
0.458058
0.486954
0.416254
0.437193
0.441408
0.435656
0.494489
0.512947
0.434746
0.449929
0.447204
0.467706
0.437962
0.49204
0.465299
0.475181
0.497557
0.478581
0.431156
0.471642
0.461614
0.466037
0.505376
0.508152
0.478438
0.462016
0.461827
0.475909
0.470274
0.458655
0.435997
0.408082
0.399927
0.399916
0.4125
0.429913
0.446786
0.421511
0.41462
0.384963
0.396613
0.379995
0.372977
0.373165
0.383578
0.401593
0.429987
0.460152
0.478749
0.478747
0.485259
0.498784
0.498366
0.469903
0.445729
0.473824
0.479214
0.443611
0.463972
0.465235
0.431932
0.434202
0.439363
0.421513
0.423367
0.4616
0.493101
0.507025
0.547264
0.527869
0.588156
0.579215
0.54971
0.561708
0.59786
0.574185
0.550753
0.531274
0.394254
0.384462
0.388136
0.428771
0.358747
0.365423
0.371871
0.377654
0.382587
0.373023
0.362344
0.362104
0.349222
0.352324
0.358506
0.369723
0.405459
0.404462
0.385544
0.362352
0.349408
0.355551
0.352538
0.351853
0.350652
0.342954
0.350079
0.344837
0.355284
0.360597
0.354513
0.341903
0.339149
0.349899
0.3549
0.349247
0.348404
0.350409
0.345884
0.341244
0.34107
0.36794
0.360118
0.343354
0.35127
0.351898
0.365416
0.364286
0.385217
0.402854
0.395454
0.392908
0.371353
0.383185
0.371047
0.360911
0.356394
0.363166
0.363426
0.370078
0.386487
0.391071
0.400372
0.399886
0.386225
0.368293
0.368792
0.364492
0.363867
0.395768
0.425597
0.451775
0.426449
0.452226
0.43505
0.460104
0.402084
0.450732
0.440345
0.434529
0.4185
0.432583
0.437885
0.44456
0.446016
0.421756
0.403227
0.402191
0.418862
0.443139
0.456928
0.466251
0.455486
0.421532
0.417261
0.426215
0.433279
0.41213
0.424352
0.418138
0.441577
0.446071
0.417344
0.430411
0.433397
0.428689
0.393472
0.404365
0.417824
0.449593
0.466273
0.490427
0.485556
0.506332
0.487343
0.509061
0.484876
0.530754
0.516222
0.513278
0.497044
0.570975
0.517697
0.504931
0.532436
0.505246
0.555381
0.464765
0.544514
0.511106
0.447587
0.416478
0.399767
0.474537
0.449679
0.457053
0.502695
0.477111
0.49986
0.455372
0.519825
0.540921
0.576966
0.501432
0.49788
0.505043
0.50218
0.480768
0.439557
0.442014
0.466538
0.481588
0.511551
0.507307
0.515609
0.49649
0.48053
0.477112
0.475416
0.483287
0.470144
0.436046
0.446832
0.435135
0.462628
0.474618
0.446127
0.459166
0.476695
0.501114
0.426774
0.38505
0.382856
0.446953
0.452914
0.502089
0.473069
0.48519
0.404665
0.525417
0.502711
0.477524
0.477763
0.464116
0.468959
0.463881
0.443597
0.438238
0.464056
0.454079
0.420615
0.446249
0.440661
0.436245
0.409738
0.405864
0.410019
0.440348
0.456117
0.51469
0.434129
0.415736
0.487991
0.5019
0.485084
0.507438
0.537065
0.543396
0.533986
0.538568
0.501128
0.473237
0.502757
0.511076
0.525373
0.552176
0.416342
0.447598
0.451029
0.441699
0.428529
0.462683
0.520344
0.495222
0.506529
0.465174
0.538343
0.521787
0.4852
0.547353
0.504995
0.427442
0.508594
0.516528
0.499712
0.530371
0.51658
0.484342
0.48676
0.426626
0.57351
0.509988
0.54404
0.508422
0.494778
0.499344
0.454965
0.444188
0.45109
0.481783
0.553572
0.510657
0.501503
0.489918
0.516207
0.531105
0.550495
0.570035
0.521578
0.477016
0.411527
0.420366
0.454168
0.38717
0.375645
0.375404
0.377702
0.366615
0.380944
0.37803
0.38004
0.393354
0.394331
0.395877
0.40798
0.420959
0.393801
0.391389
0.391703
0.384625
0.389586
0.399758
0.389741
0.421431
0.4526
0.463707
0.46156
0.431297
0.392486
0.392617
0.390784
0.386698
0.394309
0.396007
0.38438
0.389865
0.395395
0.420931
0.409336
0.406476
0.411361
0.417762
0.381686
0.374384
0.383114
0.376706
0.394259
0.391032
0.406485
0.391729
0.396526
0.407138
0.437059
0.413663
0.407775
0.42639
0.427269
0.40902
0.420868
0.410791
0.437337
0.430075
0.428106
0.429647
0.425045
0.418034
0.398981
0.385021
0.37909
0.370599
0.354369
0.384411
0.412126
0.40018
0.383025
0.369209
0.36858
0.3901
0.396141
0.43763
0.429511
0.422921
0.419186
0.392276
0.413744
0.386466
0.371855
0.364312
0.366548
0.368446
0.360166
0.358911
0.364354
0.360072
0.360504
0.372452
0.361443
0.36926
0.369226
0.351311
0.361669
0.365469
0.363651
0.370136
0.394977
0.377438
0.412409
0.397719
0.384663
0.382349
0.363953
0.358924
0.352536
0.353053
0.36516
0.362454
0.350324
0.36063
0.356213
0.359463
0.361508
0.362259
0.363105
0.371903
0.36995
0.367614
0.364851
0.351177
0.358981
0.373766
0.384618
0.389746
0.396423
0.382572
0.393661
0.39213
0.392226
0.405261
0.421828
0.449596
0.46535
0.49118
0.505381
0.461151
0.411975
0.425152
0.422604
0.435249
0.388071
0.390303
0.391712
0.385431
0.385539
0.36877
0.37942
0.396375
0.397123
0.400478
0.397719
0.428896
0.416176
0.393069
0.384997
0.387146
0.402548
0.382467
0.412442
0.421584
0.410227
0.46938
0.448248
0.442983
0.413769
0.44213
0.487847
0.486813
0.509871
0.445424
0.400953
0.41097
0.400497
0.398372
0.401289
0.394719
0.401591
0.382768
0.416005
0.442702
0.46469
0.461192
0.407183
0.427798
0.410095
0.451098
0.407972
0.407758
0.395577
0.395376
0.390348
0.387021
0.385493
0.411417
0.390843
0.380163
0.380138
0.389632
0.423218
0.386909
0.367021
0.388071
0.383197
0.407425
0.406641
0.391904
0.385196
0.389129
0.374687
0.422903
0.427123
0.392024
0.379055
0.385431
0.38058
0.375014
0.368059
0.392648
0.379239
0.391439
0.412876
0.444022
0.47938
0.493604
0.432077
0.386122
0.410552
0.419399
0.422173
0.393835
0.445974
0.454757
0.448809
0.446043
0.454047
0.388371
0.410746
0.384995
0.378877
0.405482
0.393541
0.417805
0.409138
0.39064
0.381768
0.387987
0.396056
0.386997
0.387326
0.378773
0.385583
0.39575
0.405234
0.380695
0.398675
0.39083
0.369038
0.372867
0.365782
0.368296
0.364075
0.366044
0.373615
0.372187
0.372537
0.375541
0.368809
0.359363
0.358757
0.369575
0.356845
0.359067
0.365062
0.360983
0.360687
0.364061
0.357243
0.360353
0.359344
0.354251
0.369956
0.375388
0.362862
0.369408
0.371266
0.374035
0.361441
0.354569
0.360922
0.352974
0.363614
0.362657
0.357187
0.363604
0.357044
0.359104
0.350623
0.355894
0.35692
0.357519
0.363653
0.359279
0.364355
0.35757
0.36264
0.363944
0.36564
0.360397
0.363706
0.358503
0.360455
0.36007
0.353609
0.355851
0.363401
0.365375
0.364363
0.375928
0.382493
0.353431
0.379752
0.376819
0.388845
0.366669
0.368091
0.368066
0.364102
0.356874
0.360038
0.35207
0.366317
0.375463
0.399768
0.403521
0.410109
0.424618
0.423285
0.392622
0.390884
0.40639
0.399163
0.411713
0.394945
0.399367
0.420997
0.418421
0.41425
0.381562
0.380149
0.38193
0.361878
0.370649
0.373427
0.377761
0.378061
0.372135
0.391128
0.393503
0.454976
0.429535
0.410159
0.388306
0.358017
0.368023
0.374404
0.395888
0.394217
0.417175
0.3958
0.402934
0.391826
0.397702
0.392098
0.380397
0.387474
0.396935
0.385393
0.391046
0.40186
0.376447
0.36971
0.360604
0.373554
0.376378
0.355375
0.356487
0.369804
0.377839
0.396951
0.450888
0.366488
0.362415
0.368249
0.365046
0.372375
0.379331
0.381107
0.377192
0.397737
0.404697
0.425293
0.433841
0.428739
0.456989
0.449193
0.42285
0.402187
0.405285
0.407647
0.375054
0.359521
0.35943
0.367038
0.365974
0.369912
0.374932
0.392726
0.390736
0.410387
0.404178
0.400331
0.381393
0.36416
0.36243
0.370571
0.363667
0.365411
0.363629
0.356671
0.358983
0.361
0.355462
0.358747
0.35118
0.351974
0.350184
0.364392
0.383892
0.39091
0.388667
0.386601
0.46867
0.484057
0.420131
0.409228
0.386741
0.39703
0.392885
0.387181
0.395933
0.389423
0.381583
0.397136
0.41163
0.411807
0.429569
0.398077
0.39988
0.401248
0.400249
0.419743
0.422556
0.415522
0.413371
0.419423
0.415282
0.40157
0.407359
0.421655
0.391654
0.411783
0.392607
0.387666
0.38222
0.369418
0.391131
0.39277
0.39003
0.37938
0.398209
0.398593
0.400995
0.39426
0.392599
0.386068
0.379199
0.382152
0.391946
0.371963
0.36432
0.374107
0.365447
0.387806
0.369078
0.36027
0.363625
0.36461
0.369523
0.374776
0.372266
0.386627
0.382824
0.387931
0.367766
0.367586
0.359154
0.378594
0.367454
0.382682
0.388559
0.391296
0.385545
0.391402
0.39414
0.411374
0.445542
0.415851
0.445656
0.42893
0.447251
0.420836
0.40109
0.429252
0.427769
0.386049
0.374084
0.446601
0.472831
0.506761
0.556484
0.553645
0.515268
0.493085
0.400193
0.388155
0.394945
0.472312
0.358535
0.356553
0.364288
0.355643
0.38444
0.374215
0.427515
0.427204
0.404686
0.399047
0.382831
0.413717
0.436023
0.395702
0.427308
0.407712
0.418886
0.39925
0.409797
0.410601
0.434379
0.38112
0.388215
0.378219
0.387234
0.398931
0.386582
0.39429
0.383351
0.377238
0.390804
0.406892
0.383439
0.377821
0.374092
0.373285
0.388366
0.3784
0.391373
0.401336
0.384257
0.378969
0.396289
0.388828
0.395312
0.399001
0.377683
0.407164
0.394645
0.401116
