0.468822
0.613155
0.575861
0.527254
0.571536
0.590733
0.591406
0.566462
0.571311
0.600467
0.547684
0.505886
0.471803
0.476424
0.486318
0.43613
0.459751
0.471339
0.510457
0.549428
0.56025
0.500615
0.453303
0.460548
0.500079
0.500165
0.437946
0.463603
0.441883
0.415178
0.485428
0.517366
0.505114
0.498619
0.453039
0.43921
0.496428
0.530511
0.464329
0.501742
0.522606
0.514928
0.50152
0.427354
0.470761
0.463088
0.433944
0.429048
0.418262
0.445612
0.484315
0.506122
0.484572
0.464665
0.485685
0.546088
0.469319
0.494792
0.49893
0.503864
0.521839
0.485738
0.498921
0.47985
0.505369
0.509744
0.46821
0.467644
0.479489
0.445764
0.489546
0.485465
0.444667
0.395011
0.490099
0.502239
0.511185
0.495639
0.459361
0.525205
0.483728
0.436128
0.477833
0.477813
0.469961
0.4792
0.446118
0.447517
0.511711
0.450655
0.492502
0.487268
0.486794
0.495268
0.466612
0.501914
0.489486
0.509695
0.46119
0.436625
0.454279
0.466263
0.463935
0.443001
0.493022
0.483948
0.468943
0.478661
0.480455
0.493447
0.459531
0.4655
0.462742
0.521715
0.451895
0.490653
0.449039
0.484658
0.474313
0.460229
0.448398
0.454541
0.456739
0.431005
0.443171
0.460212
0.42333
0.401801
0.457258
0.407921
0.495165
0.490792
0.489376
0.493062
0.458096
0.47242
0.477184
0.491576
0.445139
0.445972
0.443169
0.450254
0.416454
0.485436
0.473609
0.415149
0.432135
0.468149
0.465776
0.412695
0.521951
0.480725
0.412097
0.414255
0.404435
0.444043
0.462656
0.480033
0.497088
0.453745
0.469702
0.457702
0.484955
0.463469
0.417704
0.444712
0.43513
0.410111
0.464193
0.510063
0.417415
0.432941
0.448045
0.473423
0.483223
0.429978
0.389711
0.439176
0.396201
0.382898
0.375897
0.365244
0.382432
0.439093
0.388506
0.381123
0.398736
0.422886
0.407318
0.413632
0.418503
0.411097
0.440538
0.423111
0.495317
0.498056
0.464229
0.433321
0.504337
0.500022
0.47922
0.451659
0.416592
0.411832
0.397802
0.391268
0.411028
0.404628
0.406119
0.413253
0.404794
0.402544
0.403929
0.417191
0.41133
0.412305
0.43163
0.40932
0.402757
0.396447
0.386835
0.374299
0.37634
0.394986
0.414826
0.386633
0.410481
0.400396
0.417758
0.447572
0.369436
0.390083
0.395093
0.396867
0.412091
0.410698
0.402494
0.411871
0.392472
0.424582
0.419181
0.386061
0.374396
0.365863
0.388601
0.385585
0.369454
0.383431
0.407161
0.430062
0.406014
0.403985
0.3933
0.365331
0.380097
0.368279
0.367175
0.352119
0.355576
0.366527
0.392462
0.377831
0.373643
0.370652
0.35854
0.356698
0.338755
0.346359
0.350718
0.349752
0.357374
0.343375
0.353889
0.355924
0.346819
0.365058
0.377205
0.369559
0.372236
0.372373
0.390468
0.38019
0.395885
0.374781
0.387355
0.381595
0.37839
0.394683
0.395834
0.38809
0.379138
0.367196
0.355313
0.354658
0.360052
0.352175
0.358924
0.355212
0.34269
0.35098
0.356762
0.365949
0.380485
0.368338
0.362104
0.372704
0.358986
0.356635
0.369652
0.373528
0.383176
0.36438
0.379184
0.38652
0.413513
0.391494
0.400466
0.398122
0.364918
0.370984
0.382474
0.385639
0.380812
0.418649
0.393982
0.382651
0.376727
0.373114
0.375892
0.373785
0.393108
0.391743
0.392239
0.4103
0.390694
0.379273
0.388108
0.389684
0.406506
0.386687
0.42347
0.413363
0.381138
0.40163
0.393809
0.394718
0.384003
0.413583
0.426536
0.428591
0.397679
0.421586
0.421746
0.397243
0.388386
0.38034
0.358878
0.371521
0.378957
0.370293
0.373901
0.359765
0.352146
0.339657
0.35388
0.363493
0.359921
0.365732
0.375682
0.365488
0.37935
0.388913
0.377047
0.39062
0.384926
0.371707
0.38221
0.393509
0.358301
0.352131
0.348081
0.34499
0.35463
0.336814
0.349673
0.351916
0.35135
0.356349
0.346741
0.347482
0.342267
0.340135
0.339583
0.352545
0.350337
0.354064
0.357365
0.367684
0.372136
0.388326
0.373666
0.398949
0.39537
0.406282
0.424267
0.466137
0.453044
0.481896
0.470771
0.461217
0.458272
0.391786
0.391204
0.412132
0.415308
0.468986
0.425017
0.429717
0.440526
0.443095
0.413934
0.372579
0.386928
0.448293
0.420403
0.399013
0.375555
0.403194
0.422066
0.430778
0.40301
0.410847
0.43092
0.442115
0.433039
0.420497
0.385097
0.428007
0.371785
0.383795
0.370271
0.376312
0.410385
0.411028
0.430813
0.416655
0.40371
0.414438
0.42199
0.428917
0.405373
0.400274
0.429796
0.414437
0.420264
0.430374
0.446907
0.456922
0.410527
0.474953
0.462733
0.446299
0.453324
0.424909
0.409911
0.413514
0.410194
0.409334
0.470616
0.482663
0.454162
0.46228
0.461832
0.481326
0.532856
0.470752
0.441213
0.463466
0.50973
0.500692
0.506523
0.481981
0.44679
0.419813
0.392409
0.45762
0.39175
0.364904
0.373412
0.40609
0.375786
0.386033
0.472189
0.473072
0.428484
0.420587
0.459236
0.465465
0.454305
0.398964
0.418919
0.42397
0.401689
0.392324
0.37529
0.38192
0.373672
0.365826
0.37309
0.408987
0.414391
0.406315
0.435849
0.418218
0.424092
0.425012
0.39792
0.372292
0.411657
0.421906
0.416672
0.441039
0.384039
0.428878
0.406416
0.396819
0.402031
0.365856
0.384049
0.397143
0.357998
0.380291
0.383101
0.374861
0.380368
0.412602
0.403463
0.389378
0.37122
0.385605
0.388423
0.379997
0.387977
0.404094
0.395874
0.404983
0.370135
0.372779
0.393977
0.432483
0.428469
0.442773
0.406101
0.370604
0.398387
0.385557
0.422176
0.409945
0.395368
0.405453
0.415581
0.369496
0.427857
0.373747
0.43967
0.406418
0.390321
0.421606
0.431165
0.388933
0.394732
0.42937
0.451969
0.440382
0.432448
0.408125
0.42589
0.41994
0.42366
0.39563
0.436159
0.405774
0.400204
0.400205
0.403378
0.406391
0.387583
0.386489
0.389446
0.380244
0.359322
0.37155
0.360455
0.373565
0.360601
0.354662
0.360966
0.364442
0.343964
0.346806
0.334198
0.348983
0.335513
0.343435
0.333698
0.344314
0.336383
0.331772
0.337986
0.340244
0.339833
0.343458
0.346253
0.344377
0.345763
0.351336
0.36719
0.379703
0.367124
0.375069
0.358053
0.359849
0.345026
0.3469
0.340185
0.341092
0.336001
0.341661
0.342262
0.352409
0.34298
0.34242
0.35752
0.355428
0.363087
0.348561
0.388941
0.362099
0.36321
0.355887
0.348578
0.360716
0.362277
0.370438
0.415349
0.414668
0.407477
0.414408
0.506122
0.506411
0.491303
0.45961
0.506369
0.422563
0.453732
0.45979
0.482626
0.472518
0.452285
0.451082
0.494475
0.463282
0.464551
0.477894
0.470691
0.491505
0.448292
0.436759
0.472159
0.452141
0.401611
0.383929
0.404983
0.45323
0.458844
0.410762
0.40387
0.396466
0.407921
0.443016
0.436822
0.374696
0.422139
0.421199
0.419985
0.400872
0.411169
0.464363
0.402665
0.41913
0.441547
0.430823
0.427352
0.385425
0.422408
0.41525
0.408238
0.414713
0.413125
0.38744
0.372388
0.366448
0.372663
0.369964
0.360304
0.355589
0.368921
0.379213
0.39153
0.383532
0.365009
0.368518
0.37194
0.397934
0.392362
0.370919
0.357588
0.382132
0.394428
0.395875
0.391854
0.400073
0.412745
0.400724
0.382383
0.381629
0.402213
0.404645
0.399624
0.416353
0.379914
0.452724
0.442831
0.458412
0.425202
0.415976
0.444251
0.405082
0.370901
0.408798
0.431335
0.47724
0.443954
0.471823
0.468957
0.424952
0.3851
0.428224
0.482113
0.518161
0.526957
0.478581
0.446577
0.444858
0.440988
0.425391
0.434115
0.46794
0.433667
0.450687
0.425698
0.439481
0.402145
0.425114
0.413554
0.427348
0.413296
0.413575
0.412709
0.400708
0.408931
0.396217
0.421224
0.420803
0.449148
0.462931
0.411124
0.443921
0.392915
0.453671
0.422217
0.425626
0.41575
0.425875
0.3754
0.37725
0.395946
0.38201
0.376051
0.355607
0.358765
0.36757
0.379846
0.379457
0.407368
0.401902
0.390718
0.407793
0.386883
0.396655
0.390951
0.391484
0.432021
0.401473
0.403666
0.414652
0.375254
0.386446
0.390086
0.42669
0.430489
0.407538
0.436171
0.440347
0.442408
0.442881
0.420623
0.393907
0.416931
0.433113
0.428396
0.434158
0.406552
0.384909
0.373237
0.373205
0.431082
0.418938
0.442754
0.451912
0.443483
0.433
0.485146
0.499614
0.441538
0.414767
0.434744
0.496952
0.446403
0.47894
0.484188
0.439584
0.401221
0.377781
0.373655
0.385461
0.380618
0.410265
0.418485
0.403597
0.392746
0.388824
0.41752
0.435788
0.40979
0.39056
0.409314
0.421297
0.437659
0.489576
0.401631
0.438257
0.457785
0.440978
0.449471
0.513137
0.511607
0.457936
0.476565
0.418099
0.440721
0.475365
0.430401
0.406755
0.392718
0.417047
0.371627
0.354522
0.3558
0.353218
0.350796
0.374426
0.387814
0.40066
0.411363
0.380418
0.430215
0.464613
0.453626
0.404581
0.42068
0.379869
0.384282
0.375813
0.400356
0.405554
0.382662
0.392795
0.383238
0.389106
0.40665
0.419833
0.42427
0.473582
0.436339
0.46876
0.420988
0.387219
0.391053
0.379407
0.366932
0.365216
0.372543
0.377478
0.415772
0.437083
0.496903
0.417159
0.44107
0.413075
0.378925
0.452942
0.477786
0.482509
0.41526
0.441607
0.428935
0.468464
0.50017
0.467089
0.501013
0.459487
0.424017
0.374421
0.434811
0.479557
0.426262
0.442747
0.450943
0.420272
0.425856
0.424047
0.456005
0.392728
0.452667
0.448968
0.435322
0.392046
0.388081
0.414361
0.385689
0.393446
0.421974
0.395627
0.406144
0.403965
0.386539
0.371108
0.373788
0.363452
0.346951
0.355259
0.353765
0.370798
0.379904
0.400441
0.408811
0.391243
0.391849
0.397589
0.414128
0.409997
0.408559
0.432733
0.434391
0.396467
0.37974
0.411346
0.387897
0.387836
0.37943
0.353083
0.344119
0.353394
0.366737
0.388749
0.437648
0.421734
0.429966
0.435465
0.492627
0.486337
0.384927
0.404196
0.413072
0.397996
0.371795
0.418436
0.466877
0.424726
0.384826
0.452568
0.441022
0.436151
0.42118
0.446778
0.475701
0.445998
0.462178
0.40271
0.403272
0.402089
0.404712
0.405465
0.384019
0.365645
0.369371
0.35781
0.355753
0.36365
0.35798
0.352909
0.359046
0.348994
0.34737
0.351764
0.360308
0.367398
0.362654
0.361478
0.380325
0.394719
0.399972
0.397259
0.406559
0.421039
0.397897
0.410109
0.386534
0.399449
0.38485
0.391183
0.368149
0.355851
0.356535
0.35413
0.357509
0.353523
0.35126
0.375081
0.369086
0.379332
0.386127
0.368016
0.378344
0.403679
0.415114
0.443844
0.436815
0.395609
0.389481
0.430201
0.424903
0.410006
0.447057
0.406121
0.366761
0.375245
0.372604
0.38527
0.381043
0.404819
0.426826
0.420824
0.456834
0.42787
0.442516
0.412742
0.407481
0.391334
0.394511
0.381114
0.367439
0.376912
0.394816
0.412006
0.388858
0.390625
0.400243
0.408757
0.420113
0.415482
0.423043
0.432686
0.447875
0.428242
0.448432
0.467142
0.397092
0.490695
0.468931
0.448375
0.371486
0.362444
0.452887
0.482262
0.406883
0.419472
0.454284
0.451728
0.484096
0.438554
0.414169
0.389644
0.406042
0.383282
0.359838
0.365393
0.361688
0.351609
0.352185
0.343905
0.353674
0.352248
0.344291
0.345883
0.36107
0.388942
0.391532
0.371208
0.376659
0.398035
0.399234
0.38254
0.367717
0.361864
0.348331
0.360376
0.357713
0.351071
0.347849
0.348524
0.356023
0.362528
0.34736
0.355031
0.372548
0.393942
0.385685
0.405301
0.43544
0.472592
0.483513
0.478488
0.446172
0.434389
0.398848
0.433451
0.406223
0.434488
0.418808
0.401397
0.405493
0.419072
0.461802
0.442042
0.44752
0.462952
0.478053
0.514551
0.413179
0.403422
0.422101
0.44237
0.431312
0.432323
0.397043
0.408597
0.421701
0.409663
0.429703
0.440815
0.444755
0.453358
0.438314
0.433274
0.410553
0.431455
0.403056
0.398034
0.392759
0.375068
0.362966
0.354118
0.358329
0.357446
0.389149
0.408826
0.424739
0.428878
0.431126
0.438725
0.440347
0.434436
0.415587
0.404252
0.386548
0.380196
0.380433
0.387428
0.397832
0.404905
0.413582
0.467427
0.487565
0.444515
0.423418
0.426136
0.441742
0.43579
0.432111
0.404205
0.445165
0.425724
0.474441
0.419914
0.404795
0.388908
0.381057
0.377691
0.36906
0.364247
0.355744
0.352451
0.373369
0.356733
0.363973
0.360897
0.374239
0.374582
0.403358
0.41611
0.414609
0.406014
0.4388
0.437773
0.465378
0.444129
0.415889
0.378838
0.488322
0.507567
0.511369
0.492983
0.453555
0.418224
0.447777
0.437528
0.385429
0.37764
0.363663
0.353568
0.353624
0.36248
0.37117
0.388783
0.39011
0.388883
0.377543
0.355748
0.365949
0.376395
0.362742
0.38619
0.404747
0.459929
0.489488
0.436289
0.483646
0.436954
0.433713
0.509519
0.466569
0.425602
0.402199
0.415489
0.442443
0.450972
0.453741
0.4728
0.436922
0.420607
0.388608
0.428455
0.405741
0.388634
0.389291
0.398794
0.408672
0.436119
0.424537
0.434186
0.406829
0.396921
0.384255
0.3955
0.407557
0.434976
0.412257
0.391256
0.380569
0.377968
0.370631
0.373926
0.379135
0.370493
0.381502
0.385314
0.352935
0.363849
0.360619
0.359505
0.355287
0.342599
0.344266
0.345973
0.353648
0.351309
0.357922
0.343671
0.347803
0.363711
0.357585
0.371867
0.362581
0.358656
0.383434
0.379636
0.370957
0.382485
0.364844
0.366427
0.359013
0.35412
0.359301
0.349097
0.350345
0.352146
0.363342
0.374447
0.376732
0.395794
0.365521
0.363128
0.372139
0.395798
0.423969
0.397025
0.394617
0.376616
0.37317
0.37915
0.385744
0.384106
0.384487
0.403197
0.385574
0.397689
0.413022
0.404276
0.38737
0.384456
0.374893
0.377256
0.362557
0.35348
0.352597
0.358497
0.351103
0.34559
0.343995
0.339683
0.348745
0.358106
0.388719
0.374242
0.360735
0.366227
0.381313
0.376102
0.407321
0.388779
0.38036
0.412287
0.425401
0.416575
0.359358
0.378367
0.399309
0.4003
0.386442
0.382993
0.379306
0.372597
0.360873
0.355228
0.383066
0.357778
0.348251
0.35578
0.354708
0.36227
0.365719
0.359019
0.361125
0.365708
0.367049
0.367589
0.356219
0.361731
0.377147
0.358918
0.34981
0.354156
0.363257
0.360485
0.366832
0.367441
0.395005
0.404342
0.393468
0.394859
0.385798
0.393751
0.395787
0.407283
0.36586
0.398985
0.407263
0.427013
0.392756
0.402805
0.40348
0.392949
0.424729
0.431057
0.409713
0.40297
0.395114
0.418512
0.404048
0.418129
0.380873
0.409482
0.42593
0.374977
0.381288
0.391262
0.398298
0.426623
0.384429
0.399775
0.391182
0.396192
0.397637
0.389558
0.390753
0.392319
0.388842
0.380208
0.375375
0.382136
0.367856
0.371121
0.371633
0.362239
0.361542
0.363651
0.356296
0.358979
0.367643
0.380901
0.367423
0.364086
0.374468
0.369145
0.381023
0.377563
0.358175
0.361939
0.341252
0.337793
0.339074
0.342526
0.343
0.3456
0.348343
0.346417
0.362201
0.371536
0.367217
0.374831
0.343678
0.356989
0.357265
0.365519
0.356518
0.344427
0.353612
0.352089
0.371604
0.378699
0.368435
0.386603
0.399083
0.395165
0.380051
0.396791
0.401265
0.387418
0.365665
0.348738
0.35494
0.344389
0.332317
0.33689
0.345887
0.336492
0.346783
0.336407
0.338486
0.347397
0.360169
0.390103
0.376302
0.377132
0.389734
0.392275
0.373424
0.395972
0.416144
0.408328
0.381807
0.377171
0.366809
0.359434
0.356754
0.377285
0.395424
0.393492
0.389302
0.403019
0.395752
0.422716
0.409147
0.418401
0.387525
0.407822
0.449056
0.425117
0.408379
0.393983
0.388942
0.398685
0.417073
0.405535
0.40612
0.39633
0.36842
0.365932
0.375642
0.388956
0.442455
0.429842
0.414414
0.388945
0.394691
0.40446
0.40603
0.415837
0.425066
0.422793
0.382488
0.368984
0.367715
0.36779
0.360213
0.368285
0.374118
0.373727
0.367401
0.364854
0.348888
0.364562
0.352458
0.349963
0.344429
0.338726
0.360323
0.374662
0.352585
0.365403
0.361545
0.355418
0.352542
0.368505
0.375135
0.378019
0.400087
0.388816
0.39605
0.418871
0.431242
0.452324
0.458468
0.418449
0.408206
0.419905
0.494256
0.476994
0.494225
0.435826
0.485371
0.484617
0.519089
0.48901
0.41808
0.405075
0.387245
0.379481
0.38388
0.379566
0.400605
0.38387
0.390483
0.3971
0.402804
0.414098
0.404477
0.382368
0.392994
0.421394
0.423454
0.412758
0.395821
0.394489
0.377645
0.370334
0.380634
0.35899
0.368267
0.380983
0.398414
0.405849
0.401195
0.398051
0.42323
0.396943
0.373076
0.374786
0.376022
0.386687
0.39779
0.41125
0.399737
0.425318
0.406334
0.432999
0.462413
0.429571
0.475143
0.497072
0.439239
0.437492
0.522402
0.43054
0.482854
0.471103
0.417735
0.440777
0.423893
0.441539
0.445309
0.453773
0.451832
0.454443
0.482904
0.457126
0.475259
0.43466
0.470866
0.447927
0.426632
0.481161
0.452345
0.476357
0.514512
0.470397
0.456897
0.514384
0.491629
0.50291
0.500831
0.474273
0.524237
0.551365
0.554428
0.502528
0.470888
0.531151
0.490402
0.378436
0.369106
0.354786
0.372021
0.365106
0.361924
0.366484
0.376853
0.368388
0.374384
0.386072
0.400298
0.393072
0.385086
0.399277
0.390588
0.399285
0.421386
0.42758
0.440573
0.404536
0.38892
0.381205
0.370666
0.371375
0.3729
0.37224
0.371788
0.384082
0.390273
0.392309
0.399345
0.44853
0.428066
0.457998
0.421231
0.462113
0.492813
0.463611
0.510559
0.471617
0.476849
0.456076
0.436861
0.440852
0.418762
0.407295
0.432094
0.478155
0.535591
0.524019
0.517225
0.490396
0.421181
0.493742
0.492922
0.469295
0.424207
0.449002
0.403553
0.396146
0.432379
0.430467
0.398428
0.389099
0.398497
0.353945
0.389411
0.391248
0.369952
0.368135
0.374153
0.37108
0.356321
0.376598
0.3912
0.392425
0.383416
0.367125
0.364829
0.366821
0.366418
0.370658
0.360092
0.353796
0.368131
0.376616
0.388261
0.380533
0.398387
0.426181
0.404952
0.380925
0.377587
0.375526
0.375796
0.401254
0.388072
0.38477
0.381811
0.37764
0.386237
0.384241
0.381005
0.407818
0.398519
0.376037
0.364503
0.378013
0.378362
0.366656
0.367136
0.365457
0.357468
0.374852
0.374243
0.389377
0.38911
0.395827
0.400612
0.396463
0.419911
0.432943
0.429195
0.436518
0.44274
0.403164
0.388596
0.385866
0.407765
0.393497
0.368887
0.370382
0.359055
0.35776
0.359705
0.366567
0.369147
0.39475
0.407105
0.424417
0.397075
0.4367
0.44224
0.468227
0.431743
0.468483
0.411746
0.435563
0.441666
0.398876
0.387032
0.413552
0.419103
0.42083
0.40797
0.421673
0.390045
0.387606
0.430962
0.436842
0.443795
0.468338
0.438852
0.422931
0.397632
0.436111
0.428821
0.407759
0.427983
0.443736
0.458611
0.426175
0.450577
0.44025
0.416509
0.445558
0.462988
0.491115
0.447567
0.472583
0.445492
0.44
0.471539
0.533039
0.454957
0.502498
0.480718
0.500099
0.482643
0.54695
0.560342
0.43943
0.38666
0.430102
0.4529
0.451203
0.532361
0.534373
0.46158
0.45947
0.487485
0.42977
0.442195
0.436915
0.430183
0.416654
0.420789
0.420904
0.408794
0.435625
0.412234
0.390987
0.399274
0.400391
0.421573
0.450717
0.389667
0.415807
0.420777
0.463265
0.44472
0.443936
0.383158
0.38713
0.409692
0.411382
0.39528
0.382191
0.384761
0.383643
0.38588
0.398904
0.418609
0.400255
0.413853
0.39584
0.40369
0.392097
0.387568
0.3884
0.391238
0.405848
0.417594
0.414704
0.39753
0.394759
0.400101
0.396231
0.398533
0.42065
0.420513
0.417823
0.398749
0.386779
0.387935
0.390437
0.38029
0.380849
0.381524
0.391558
0.396161
0.414929
0.405377
0.394659
0.383348
0.366637
0.370543
0.385227
0.399589
0.413989
0.419915
0.422756
0.452536
0.443681
0.45538
0.419066
0.418594
0.417892
0.403916
0.383737
0.373663
0.369406
0.369312
0.368168
0.39083
0.452474
0.37158
0.357062
0.360728
0.352823
0.358365
0.362711
0.352093
0.366337
0.361808
0.366488
0.367628
0.353047
0.354775
0.350613
0.34389
0.353097
0.345584
0.350177
0.343071
0.351877
0.357763
0.362878
0.351358
0.371109
0.358175
0.353516
0.356386
0.335129
0.332839
0.348018
0.337457
0.341435
0.341628
0.341247
0.355412
0.350211
0.336752
0.336838
0.347023
0.351935
0.345274
0.353194
0.355586
0.366158
0.357204
0.363059
0.360953
0.373154
0.354519
0.354784
0.352444
0.340256
0.352845
0.356356
0.366085
0.373414
0.377155
0.362655
0.356305
0.347211
0.33999
0.346148
0.344778
0.343862
0.349279
0.356118
0.353695
0.353114
0.350207
0.361439
0.375098
0.368206
0.370252
0.389409
0.380628
0.368729
0.373911
0.390426
0.385309
0.395833
0.395695
0.371596
0.38019
0.373622
0.418585
0.393625
0.37939
0.360705
0.370193
0.351798
0.351512
0.344036
0.343193
0.345203
0.348942
0.356328
0.347696
0.358548
0.355657
0.364062
0.354972
0.374284
0.362148
0.362668
0.369064
0.379838
0.385846
0.369869
0.397598
0.392599
0.389876
0.369373
0.377561
0.398221
0.397924
0.373444
0.354571
0.352812
0.359886
0.369042
0.365156
0.377569
0.387888
0.390767
0.393548
0.382235
0.38957
0.382281
0.430313
0.384789
0.39878
0.394811
0.408066
0.378152
0.358434
0.343773
0.372972
0.384842
0.390535
0.373121
0.372264
0.37228
0.365729
0.373707
0.366943
0.370371
0.368044
0.357239
0.364337
0.387825
0.391181
0.40192
0.41627
0.42236
0.37268
0.413805
0.416894
0.392112
0.361016
0.367919
0.407785
0.377454
0.407998
0.397573
0.40948
0.445308
0.442732
0.479242
0.453509
0.409288
0.428783
0.424713
0.446478
0.443563
0.406459
0.418719
0.453526
0.454165
0.506332
0.440425
0.517092
0.475058
0.487617
0.496051
0.431844
0.454454
0.522195
0.471681
0.490465
0.481694
0.501351
0.401966
0.450787
0.387843
0.385053
0.380808
0.390528
0.397413
0.385469
0.388248
0.398472
0.372623
0.388675
0.396541
0.426777
0.423976
0.463359
0.413985
0.435769
0.448598
0.449333
0.430717
0.405192
0.413689
0.393822
0.41497
0.382985
0.414272
0.415426
0.386377
0.396119
0.404692
0.41434
0.442619
0.414047
0.43902
0.431267
0.419435
0.415907
0.42914
0.419669
0.41747
0.408046
0.429347
0.435119
0.401892
0.427794
0.398554
0.37155
0.378596
0.402515
0.426253
0.387242
0.390195
0.375263
0.367837
0.356277
0.347871
0.35172
0.344728
0.346598
0.355486
0.359631
0.37133
0.361635
0.348563
0.352188
0.38021
0.355143
0.359175
0.352901
0.356037
0.370102
0.383763
0.39532
0.404387
0.398572
0.383999
0.395278
0.381638
0.422225
0.407024
0.380735
0.38223
0.368518
0.359984
0.358302
0.374365
0.370361
0.402512
0.374558
0.367586
0.371949
0.383223
0.363549
0.365324
0.380377
0.383494
0.393358
0.404463
0.40457
0.403877
0.393713
0.377036
0.406716
0.384197
0.388665
0.385978
0.362681
0.360329
0.398
0.394481
0.384911
0.382916
0.405997
0.428053
0.380111
0.390748
0.382437
0.390121
0.378548
0.369288
0.366405
0.348043
0.347905
0.358849
0.341597
0.342502
0.342145
0.345464
0.353962
0.353857
0.345163
0.346287
0.329988
0.347816
0.355042
0.348946
0.345349
0.341121
0.348765
0.352862
0.366788
0.366357
0.363013
0.365817
0.376848
0.358081
0.360972
0.359536
0.366318
0.374577
0.398543
0.405861
0.408432
0.417965
0.405802
0.394631
0.390639
0.396649
0.397457
0.397842
0.396271
0.412859
0.37091
0.365978
0.363169
0.353459
0.353382
0.35353
0.362746
0.354872
0.356719
0.347282
0.350795
0.354367
0.356165
0.350583
0.369501
0.383905
0.387509
0.42962
0.404679
0.384489
0.359283
0.366939
0.385555
0.378155
0.390742
0.403389
0.413757
0.378865
0.376375
0.371544
0.372315
0.38192
0.373318
0.366062
0.412545
0.38336
0.379187
0.381938
0.379792
0.430535
0.424166
0.431618
0.450707
0.485163
0.487363
0.499257
0.39055
0.402694
0.421942
0.428986
0.429884
0.443334
0.426665
0.439192
0.428343
0.420713
0.406315
0.421356
0.423378
0.390823
0.382042
0.396857
0.392895
0.372354
0.36977
0.380977
0.382701
0.374439
0.364583
0.368775
0.372157
0.365751
0.370919
0.364671
0.3662
0.379777
0.403909
0.392384
0.392275
0.383488
0.445401
0.463296
0.452872
0.468271
0.461655
0.485876
0.403212
0.510084
0.480285
0.446414
0.448267
0.457265
0.367305
0.471655
0.447039
0.428849
0.401121
0.441525
0.548768
0.570679
0.525406
0.567424
0.544707
0.475694
0.526422
0.466506
0.497488
0.470202
0.54395
0.548036
0.480791
0.465284
0.438414
0.467417
0.428527
0.431339
0.457601
0.497156
0.501235
0.516092
0.486638
0.486052
0.534108
0.529304
0.513021
0.510032
0.5464
0.520033
0.45642
0.459288
0.475581
0.426724
0.413392
0.394514
0.395233
0.405625
0.381311
0.368758
0.36537
0.372532
0.375963
0.3898
0.400164
0.395029
0.39981
0.399698
0.38073
0.382894
0.399189
0.385886
0.401157
0.398763
0.424487
0.412552
0.405136
0.401542
0.405103
0.398852
0.428785
0.422166
0.366573
0.383364
0.382289
0.366858
0.365185
0.356515
0.362232
0.370901
0.365794
0.360731
0.374082
0.382829
0.379237
0.375058
0.370473
0.379818
0.3818
0.388798
0.387277
0.37843
0.363608
0.369145
0.382178
0.396418
0.407936
0.414089
0.429103
0.428254
0.406778
0.4523
0.437678
0.443411
0.408509
0.384151
0.385077
0.407477
0.380039
0.354064
0.355701
0.353488
0.3566
0.354117
0.354442
0.339273
0.339952
0.34825
0.345935
0.351706
0.348259
0.366524
0.350314
0.359786
0.350095
0.345768
0.357348
0.346543
0.341489
0.349274
0.351864
0.345616
0.353871
0.342238
0.34483
0.345586
0.341371
0.338818
0.349104
0.347022
0.346041
0.360506
0.359904
0.367807
0.365558
0.370708
0.381902
0.409146
0.419181
0.429583
0.421122
0.418066
0.418547
0.386767
0.405236
0.424383
0.423675
0.423211
0.433032
0.424105
0.434847
0.410454
0.407981
0.404788
0.390322
0.428095
0.385736
0.377165
0.371909
0.361412
0.351848
0.355693
0.358935
0.355109
0.361803
0.366111
0.352564
0.34905
0.35662
0.35123
0.344662
0.362785
0.366896
0.361662
0.363239
0.380163
0.37873
0.390586
0.398004
0.372657
0.398958
0.418948
0.395151
0.407016
0.426558
0.393564
0.383358
0.416111
0.405176
0.425238
0.414476
0.408428
0.399121
0.396781
0.39257
0.385733
0.394812
0.406502
0.407886
0.444001
0.425759
0.400372
0.38338
0.360528
0.35983
0.361663
0.345952
0.340397
0.349749
0.351569
0.344432
0.343874
0.348466
0.351986
0.350829
0.362315
0.345717
0.357403
0.355338
0.354711
0.365087
0.344136
0.347996
0.349451
0.345164
0.33127
0.343682
0.342965
0.349761
0.348049
0.35135
0.339925
0.33686
0.351644
0.348771
0.342062
0.354719
0.361739
0.37697
0.378364
0.364454
0.368438
0.373636
0.3693
0.349609
0.353557
0.360939
0.352875
0.343521
0.376614
0.396343
0.401874
0.383828
0.369401
0.36802
0.365489
0.357786
0.372063
0.384591
0.372797
0.375204
0.374138
0.372677
0.367778
0.372223
0.380552
0.397283
0.394446
0.400194
0.408147
0.401469
0.401475
0.414821
0.412231
0.424658
0.418337
0.385577
0.385298
0.396988
0.402765
0.372805
0.368054
0.367938
0.359786
0.35141
0.374836
0.374579
0.35222
0.358816
0.373633
0.391802
0.387529
0.395604
0.391272
0.4282
0.421307
0.403786
0.416989
0.407274
0.371438
0.37718
0.380278
0.399384
0.366635
0.376565
0.371246
0.367331
0.369563
0.364215
0.383046
0.372891
0.417186
0.3945
0.389869
0.390418
0.403606
0.412016
0.39437
0.378761
0.387054
0.378115
0.36574
0.359187
0.356553
0.355669
0.350794
0.348163
0.351736
0.348522
0.356185
0.362424
0.352128
0.335856
0.345226
0.344575
0.344471
0.36409
0.370529
0.377131
0.376608
0.378756
0.363691
0.384777
0.361812
0.36226
0.361049
0.347215
0.357875
0.353565
0.35395
0.365752
0.346005
0.361674
0.371258
0.385963
0.406657
0.392286
0.387067
0.374759
0.395819
0.382421
0.375282
0.358206
0.365467
0.364012
0.364977
0.371618
0.35593
0.374809
0.381648
0.389855
0.377114
0.371123
0.370579
0.354073
0.352893
0.346588
0.36231
0.363002
0.371988
0.373745
0.364003
0.374586
0.359978
0.369162
0.358138
0.36209
0.359599
0.377042
0.390614
0.401893
0.404186
0.39933
0.389303
0.372636
0.39007
0.398099
0.389045
0.405296
0.395081
0.387797
0.356322
0.358501
0.352789
0.355661
0.372654
0.390705
0.397509
0.400952
0.36678
0.373904
0.361391
0.364659
0.366724
0.359971
0.365545
0.348126
0.339989
0.34503
0.334247
0.348765
0.344148
0.343862
0.346047
0.337803
0.345282
0.344933
0.355088
0.366577
0.37567
0.397663
0.384535
0.386955
0.369604
0.364549
0.367375
0.359261
0.366398
0.378896
0.379673
0.376362
0.390348
0.376743
0.358515
0.377909
0.395308
0.374832
0.385518
0.393399
0.371405
0.36003
0.363648
0.35759
0.356848
0.354098
0.348218
0.36402
0.345244
0.351353
0.348347
0.351401
0.365776
0.367276
0.381274
0.371511
0.400848
0.395946
0.413606
0.400563
0.365438
0.376742
0.354732
0.356029
0.350351
0.349661
0.351779
0.337453
0.33953
0.348823
0.373584
0.347015
0.341142
0.342406
0.347341
0.345482
0.345391
0.34842
0.350346
0.339427
0.341407
0.348107
0.346735
0.347905
0.34157
0.336808
0.333468
0.348683
0.350781
0.35861
0.341574
0.352178
0.362389
0.349805
0.367374
0.373746
0.394203
0.424805
0.408289
0.407516
0.431266
0.407747
0.414548
0.380489
0.408021
0.383366
0.384143
0.36685
0.367805
0.362917
0.367294
0.363624
0.371539
0.378492
0.389626
0.382857
0.37765
0.365223
0.375097
0.379131
0.385045
0.388262
0.407631
0.397838
0.396541
0.380203
0.371314
0.379338
0.372311
0.396647
0.407825
0.410616
0.375104
0.371576
0.378333
0.375521
0.356238
0.356195
0.374265
0.399731
0.353156
0.357766
0.401831
0.40756
0.392726
0.42846
0.42725
0.391343
0.394014
0.398464
0.441574
0.411425
0.415178
0.403626
0.394502
0.381601
0.378393
0.383132
0.366428
0.375148
0.374016
0.368461
0.357857
0.355279
0.362286
0.364385
0.350479
0.353185
0.357957
0.359812
0.3789
0.380361
0.404416
0.392283
0.386987
0.385199
0.370146
0.36354
0.350215
0.348363
0.336345
0.353206
0.342784
0.340744
0.333053
0.34377
0.352529
0.360953
0.372085
0.379937
0.369773
0.353515
0.354703
0.354119
0.384717
0.41056
0.403874
0.387957
0.367275
0.354658
0.355317
0.352006
0.35018
0.349887
0.354307
0.355459
0.360936
0.362111
0.378302
0.3972
0.400914
0.407267
0.38458
0.386184
0.417067
0.385408
0.364108
0.351577
0.347443
0.345234
0.355282
0.355555
0.35419
0.354781
0.363774
0.385462
0.394218
0.389281
0.400328
0.366189
0.361086
0.37203
0.357554
0.362749
0.351623
0.368243
0.356399
0.360972
0.373328
0.369124
0.365395
0.362605
0.378602
0.383693
0.364869
0.343937
0.353658
0.349191
0.352575
0.350812
0.35861
0.364854
0.35164
0.35294
0.357359
0.368821
0.373325
0.377156
0.374194
0.389473
0.386811
0.399002
0.379964
0.419902
0.425616
0.412107
0.437276
0.430543
0.42929
0.438979
0.424628
0.445219
0.433782
0.401325
0.406598
0.403849
0.426216
0.421913
0.415654
0.404585
0.388293
0.387546
0.383564
0.418123
0.425602
0.38894
0.375626
0.389206
0.395814
0.420108
0.439302
0.490191
0.548551
0.519626
0.57444
0.54676
0.509786
0.507974
0.461392
0.451927
0.454564
0.434519
0.449617
0.436199
0.448481
0.415838
0.410121
0.390919
0.38272
0.412408
0.433777
0.422561
0.413536
0.417684
0.442493
0.457893
0.446413
0.398887
0.405525
0.402842
0.413008
0.391515
0.388511
0.381446
0.38577
0.39817
0.404708
0.401878
0.414753
0.437657
0.453813
0.450748
0.416912
0.407169
0.381229
0.37932
0.364903
0.353415
0.359107
0.352203
0.35258
0.375228
0.393748
0.393799
0.427509
0.437195
0.436507
0.425042
0.388301
0.390803
0.393324
0.39845
0.392289
0.416884
0.439213
0.444964
0.423524
0.418486
0.364575
0.361404
0.363653
0.35501
0.34451
0.353337
0.34537
0.353796
0.343588
0.352599
0.352483
0.349994
0.355125
0.367902
0.348562
0.356435
0.353562
0.350079
0.357289
0.355381
0.354473
0.354904
0.350095
0.356074
0.346304
0.353544
0.349943
0.347901
0.343595
0.353565
0.347476
0.362835
0.343348
0.341573
0.347254
0.34452
0.345406
0.343981
0.346342
0.350787
0.344253
0.354196
0.341446
0.348892
0.343036
0.351084
0.35312
0.353143
0.366318
0.378563
0.394702
0.43332
0.450861
0.442649
0.425074
0.424601
0.385844
0.37629
0.407638
0.400635
0.389611
0.39944
0.419144
0.406397
0.393991
0.378778
0.389742
0.392962
0.390779
0.405875
0.370436
0.383082
0.409199
0.394232
0.415225
0.410599
0.417213
0.414336
0.373543
0.383131
0.383047
0.36564
0.366944
0.37209
0.384487
0.400688
0.378938
0.374964
0.378481
0.369303
0.371587
0.385407
0.376715
0.434028
0.420443
0.393559
0.377245
0.372247
0.354567
0.364623
0.365494
0.361295
0.343757
0.361369
0.363298
0.372471
0.369713
0.374869
0.356193
0.363528
0.34825
0.346927
0.346756
0.356156
0.374851
0.378909
0.385982
0.379963
0.39561
0.378508
0.401986
0.417803
0.410083
0.405448
0.380049
0.39994
0.413561
0.422273
0.418362
0.407385
0.398362
0.413613
0.399076
0.378453
0.378237
0.373661
0.384866
0.394466
0.377104
0.373003
0.365721
0.37431
0.366385
0.38862
0.389697
0.372526
0.400545
0.39566
0.416136
0.405729
0.402986
0.390674
0.396348
0.373045
0.355053
0.360238
0.368989
0.378889
0.370799
0.375292
0.374542
0.368534
0.37098
0.396206
0.379841
0.407094
0.39511
0.390859
0.393858
0.393417
0.374215
0.386341
0.403764
0.40874
0.394604
0.406183
0.42678
0.388956
0.398203
0.409338
0.413058
0.407821
0.409924
0.386185
0.407294
0.430399
0.399075
0.400262
0.40676
0.415069
0.407497
0.406738
0.389503
0.371657
0.390397
0.393302
0.427831
0.402458
0.437219
0.41272
0.405119
0.383119
0.414196
0.365391
0.399288
0.428041
0.404097
0.415871
0.386976
0.405063
0.425069
0.42689
0.395258
0.392391
0.408784
0.39294
0.362376
0.405479
0.377483
0.398953
0.381915
0.379404
0.350272
0.375097
0.370875
0.354324
0.356441
0.351709
0.348966
0.339738
0.339833
0.34376
0.348364
0.341382
0.352607
0.363589
0.360158
0.377571
0.359407
0.354223
0.368552
0.370613
0.368303
0.374561
0.36397
0.358611
0.359419
0.354512
0.369326
0.368756
0.369341
0.369288
0.384637
0.394724
0.356326
0.348138
0.350354
0.345856
0.351987
0.355452
0.379783
0.390903
0.363977
0.36608
0.36511
0.367191
0.365695
0.373582
0.382549
0.374538
0.407499
0.375204
0.386579
0.396297
0.387975
0.381722
0.378898
0.366687
0.359348
0.368585
0.37449
0.373411
0.381828
0.366879
0.350286
0.355301
0.36086
0.355455
0.352851
0.351388
0.34099
0.356011
0.35139
0.365029
0.360413
0.373505
0.362578
0.362216
0.370007
0.37258
0.362565
0.341419
0.346032
0.348586
0.34943
0.332474
0.340144
0.344857
0.344606
0.346495
0.344298
0.357411
0.358845
0.387633
0.380202
0.374069
0.359179
0.381482
0.390403
0.348892
0.391925
0.382018
0.372724
0.38739
0.375366
0.349456
0.371213
0.373266
0.371506
0.391755
0.379174
0.38259
0.404037
0.394442
0.414487
0.415978
0.384817
0.394069
0.381166
0.37433
0.37157
0.38618
0.40017
0.386603
0.382826
0.387264
0.368849
0.397324
0.407403
0.384266
0.37015
0.353128
0.355886
0.355834
0.358265
0.375659
0.377951
0.391747
0.387588
0.385353
0.369849
0.358283
0.362022
0.355234
0.354293
0.349465
0.344098
0.35894
0.36115
0.379667
0.392176
0.388326
0.406048
0.384496
0.36587
0.371325
0.371584
0.388018
0.403121
0.401065
0.387877
0.374149
0.359593
0.362125
0.38057
0.389229
0.43562
0.413618
0.393809
0.382619
0.38651
0.383335
0.372707
0.370421
0.371978
0.37152
0.359245
0.351139
0.367829
0.359035
0.359552
0.367063
0.380958
0.398249
0.381337
0.38477
0.446157
0.451363
0.433705
0.440824
0.434924
0.482258
0.440006
0.469307
0.475159
0.433718
0.46223
0.436574
0.478168
0.460263
0.448581
0.434523
0.431567
0.398012
0.394773
0.406523
0.42918
0.433121
0.402338
0.415555
0.445238
0.473516
0.437598
0.443033
0.460465
0.504191
0.479584
0.430016
0.422833
0.430441
0.391784
0.41363
0.437467
0.51047
0.438491
0.462731
0.440664
0.435083
0.413441
0.392442
0.39446
0.391007
0.382157
0.378112
0.372071
0.360358
0.36898
0.380174
0.385161
0.416522
0.403786
0.401888
0.400047
0.385385
0.390375
0.398947
0.385147
0.365284
0.368781
0.385845
0.415017
0.427748
0.472677
0.444212
0.450869
0.51244
0.505243
0.460752
0.412213
0.465436
0.436381
0.440593
0.405613
0.40019
0.381731
0.373925
0.377564
0.389769
0.409833
0.411686
0.424163
0.448306
0.462748
0.429379
0.415465
0.385104
0.392947
0.386768
0.374424
0.3881
0.392147
0.420354
0.429999
0.438693
0.42035
0.422855
0.397286
0.403187
0.397732
0.399075
0.411971
0.409052
0.435449
0.454446
0.431892
0.408583
0.391815
0.375009
0.36046
0.35124
0.348867
0.368799
0.366169
0.362226
0.367551
0.386844
0.384501
0.372258
0.360352
0.354216
0.357604
0.351209
0.360776
0.360295
0.363779
0.362156
0.373471
0.371178
0.385224
0.382782
0.386299
0.373679
0.398507
0.419283
0.457455
0.435547
0.46108
0.445435
0.418882
0.400579
0.426252
0.452274
0.451738
0.464417
0.405061
0.372936
0.47499
0.451548
0.424149
0.461947
0.472382
0.496043
0.476778
0.460438
0.447587
0.468322
0.417398
0.448863
0.434849
0.437702
0.418785
0.423238
0.448016
0.46875
0.453182
0.513515
0.500999
0.459844
0.52397
0.461283
0.513983
0.495054
0.451083
0.44035
0.540673
0.490195
0.504613
0.46145
0.485311
0.468808
0.427677
0.459307
0.438786
0.422748
0.429548
0.43478
0.450201
0.467143
0.408098
0.387845
0.422456
0.428301
0.448099
0.472146
0.465884
0.450221
0.423421
0.417479
0.430243
0.425588
0.439898
0.417557
0.404668
0.450177
0.415566
0.408257
0.42765
0.459172
0.445603
0.444604
0.426497
0.431677
0.406383
0.383509
0.37383
0.37682
0.368145
0.372082
0.37674
0.389214
0.430739
0.432192
0.422614
0.41982
0.420042
0.40762
0.405911
0.386171
0.40172
0.391242
0.408663
0.423815
0.442004
0.410814
0.419229
0.435498
0.425126
0.43637
0.449697
0.442987
0.423586
0.420285
0.418427
0.449152
0.411183
0.401883
0.413013
0.419529
0.418753
0.414897
0.422087
0.405648
0.384937
0.366504
0.378039
0.385128
0.392278
0.408231
0.422542
0.407972
0.372373
0.380163
0.419648
0.428719
0.42257
0.3911
0.381271
0.368365
0.371356
0.369189
0.368259
0.373885
0.372677
0.392363
0.418627
0.412528
0.412557
0.401976
0.388653
0.388285
0.408016
0.427212
0.428193
0.39043
0.418041
0.418373
0.413033
0.393625
0.403332
0.410099
0.433158
0.371721
0.397671
0.454611
0.447347
0.434599
0.447403
0.486868
0.483741
0.444569
0.490819
0.515362
0.501786
0.40395
0.406109
0.421081
0.490194
0.496759
0.529299
0.531562
0.465193
0.483943
0.43425
0.448939
0.489735
0.455527
0.44038
0.430967
0.453346
0.476318
0.484612
0.457365
0.462043
0.499517
0.38276
0.431135
0.393338
0.395672
0.421197
0.485605
0.400842
0.425225
0.432323
0.449106
0.475309
0.456505
0.43882
0.450752
0.516299
0.472693
0.478919
0.454793
0.415157
0.470604
0.508662
0.476258
0.482805
0.501572
0.516135
0.435705
0.436197
0.36416
0.362175
0.410005
0.423461
0.407647
0.400357
0.37644
0.401624
0.402999
0.401951
0.380788
0.369427
0.360091
0.358903
0.351459
0.353085
0.358917
0.372137
0.366896
0.348605
0.362943
0.357238
0.38357
0.375992
0.37591
0.367921
0.391789
0.413004
0.427593
0.418698
0.415862
0.426575
0.398821
0.397928
0.374686
0.354522
0.360287
0.362464
0.361089
0.35233
0.351331
0.353353
0.356882
0.379066
0.378517
0.394155
0.388264
0.372582
0.37478
0.382565
0.371117
0.352028
0.348242
0.352067
0.351765
0.354356
0.364742
0.383763
0.395698
0.372323
0.36278
0.355769
0.351428
0.339391
0.340485
0.336711
0.351808
0.343507
0.352726
0.346331
0.343925
0.34358
0.336647
0.338118
0.348287
0.348051
0.355644
0.348856
0.348253
0.355362
0.36113
0.368111
0.36021
0.369975
0.375367
0.392552
0.389787
0.380138
0.371781
0.368157
0.364897
0.348467
0.374971
0.363077
0.379547
0.434831
0.432907
0.389191
0.372279
0.361491
0.36134
0.368411
0.377672
0.383479
0.379676
0.383233
0.365197
0.36404
0.362673
0.357959
0.360807
0.37372
0.360125
0.361148
0.363691
0.377544
0.357331
0.380816
0.379288
0.386571
0.374857
0.368768
0.370458
0.3476
0.349916
0.360077
0.365166
0.376192
0.380543
0.381499
0.38109
0.376931
0.372739
0.37896
0.375704
0.389966
0.373361
0.378788
0.387025
0.388247
0.396564
0.402737
0.384518
0.384373
0.387958
0.384668
0.38549
0.391728
0.404184
0.402923
0.383575
0.40149
0.371462
0.400596
0.424813
0.430475
0.420485
0.41508
0.40194
0.389751
0.385473
0.372627
0.36875
0.355021
0.350727
0.353071
0.345666
0.348438
0.358626
0.355079
0.336623
0.351034
0.345875
0.342459
0.34417
0.344366
0.351845
0.35504
0.352123
0.355722
0.365594
0.37487
0.386785
0.369851
0.355062
0.355248
0.345706
0.359657
0.368818
0.381451
0.391545
0.404752
0.392959
0.378321
0.374944
0.382962
0.341503
0.359695
0.370976
0.352001
0.344676
0.32984
0.351151
0.333367
0.339737
0.346885
0.344583
0.347138
0.351564
0.358321
0.37106
0.381236
0.380568
0.391479
0.404926
0.393054
0.409913
0.40075
0.39522
0.417597
0.448187
0.392924
0.42626
0.420971
0.431132
0.399216
0.434025
0.407907
0.395204
0.42492
0.390662
0.421579
0.389984
0.421301
0.408995
0.421709
0.387314
0.420976
0.414895
0.398506
0.387559
0.367967
0.35649
0.358534
0.374821
0.391694
0.391559
0.375272
0.370073
0.35654
0.354434
0.360629
0.356431
0.373006
0.371731
0.378311
0.379292
0.362336
0.379275
0.384822
0.388511
0.38235
0.384008
0.379852
0.409597
0.395809
0.377665
0.371808
0.365379
0.343101
0.345134
0.351518
0.360921
0.359664
0.379629
0.376039
0.363354
0.356313
0.36987
0.383527
0.366739
0.349045
0.355736
0.366416
0.357777
0.356374
0.361386
0.374316
0.381437
0.396852
0.388217
0.393201
0.376477
0.357101
0.360687
0.364144
0.366075
0.381736
0.355565
0.354584
0.351246
0.365163
0.362591
0.359303
0.358382
0.374321
0.380689
0.385436
0.387903
0.382646
0.387159
0.389514
0.398448
0.382855
0.383399
0.372359
0.373873
0.385379
0.38044
0.372687
0.371014
0.381051
0.402271
0.418471
0.398417
0.410382
0.38717
0.390037
0.369973
0.370505
0.390845
0.395218
0.396298
0.406031
0.402462
0.39393
0.399974
0.408404
0.405366
0.413381
0.413235
0.401848
0.406253
0.411826
0.383593
0.368461
0.363638
0.346645
0.350375
0.348705
0.350603
0.349856
0.355857
0.364694
0.367546
0.394237
0.388265
0.389808
0.390545
0.404752
0.399191
0.406239
0.397532
0.368545
0.382753
0.382321
0.374859
0.375164
0.363156
0.371841
0.373591
0.365202
0.378672
0.354737
0.39727
0.386014
0.393696
0.431553
0.416856
0.408845
0.41257
0.410441
0.41927
0.454699
0.456703
0.429282
0.421329
0.43605
0.436934
0.420912
0.400772
0.393121
0.394366
0.373136
0.372242
0.383532
0.365957
0.352062
0.373157
0.381223
0.408661
0.421433
0.408923
0.437488
0.39532
0.370766
0.377515
0.390145
0.404611
0.424348
0.400988
0.42183
0.452184
0.442498
0.452905
0.426995
0.458695
0.456818
0.427855
0.42852
0.422246
0.441905
0.443236
0.416913
0.406866
0.39926
0.437182
0.426536
0.41437
0.398216
0.391327
0.395587
0.37751
0.391503
0.440559
0.395525
0.426076
0.41781
0.384209
0.36555
0.380495
0.392465
0.384278
0.414936
0.437036
0.42518
0.466276
0.463516
0.433709
0.469453
0.467996
0.463158
0.488653
0.476976
0.454096
0.429722
0.452414
0.418256
0.469583
0.508425
0.436951
0.520606
0.534582
0.577258
0.551818
0.586148
0.537575
0.566091
0.520818
0.560451
0.499419
0.467882
0.407794
0.394632
0.428492
0.491814
0.452086
0.484547
0.493987
0.508444
0.551882
0.464635
0.454465
0.479247
0.494358
0.421925
0.38823
0.374047
0.376191
0.390482
0.391957
0.365117
0.349052
0.347619
0.348479
0.35203
0.346668
0.35105
0.368267
0.37251
0.363007
0.372899
0.356163
0.347181
0.356192
0.359551
0.381938
0.37234
0.361875
0.346727
0.349246
0.371698
0.358799
0.348105
0.351742
0.354252
0.3529
0.351327
0.353665
0.362883
0.363632
0.384918
0.385433
0.371931
0.367353
0.37991
0.366175
0.378949
0.358559
0.355652
0.361105
0.372341
0.356783
0.360287
0.359523
0.368153
0.374972
0.388146
0.378765
0.39153
0.392373
0.383128
0.419328
0.395089
0.416252
0.414763
0.389461
0.423703
0.411046
0.391401
0.399699
0.403965
0.396612
0.412455
0.410542
0.405443
0.411219
0.419924
0.431935
0.42915
0.365126
0.436278
0.444562
0.393812
0.396612
0.409373
0.401822
0.410093
0.408068
0.407832
0.426673
0.403555
0.418657
0.416432
0.413243
0.478169
0.505125
0.393642
0.393019
0.3892
0.399874
0.419813
0.400434
0.422145
0.381139
0.374466
0.416613
0.40563
0.401636
0.38237
0.397084
0.381151
0.42827
0.39362
0.422295
0.438003
0.417137
0.407285
0.411082
0.420288
0.390234
0.384322
0.376394
0.397316
0.39988
0.378654
0.389701
0.413112
0.4177
0.396975
0.400957
0.373682
0.390868
0.398837
0.388929
0.396114
0.401059
0.422806
0.39345
0.394441
0.397122
0.405606
0.420165
0.408508
0.478086
0.533677
0.455079
0.472169
0.478169
0.445804
0.434568
0.44944
0.399056
0.383687
0.389254
0.381481
0.416874
0.480479
0.469202
0.434713
0.405908
0.38429
0.381705
0.369907
0.361884
0.372721
0.392758
0.372985
0.424393
0.445178
0.430105
0.433397
0.437085
0.402221
0.38249
0.385032
0.369738
0.361207
0.377138
0.361862
0.362648
0.355038
0.370908
0.366112
0.390948
0.394561
0.442721
0.449015
0.439559
0.451873
0.443902
0.406894
0.4626
0.421675
0.382454
0.369974
0.400285
0.440736
0.406583
0.41621
0.400217
0.421745
0.416221
0.402007
0.451467
0.431591
0.4662
0.45809
0.429732
0.45774
0.443824
0.436351
0.428727
0.422767
0.442444
0.431187
0.443896
0.427948
0.403026
0.384217
0.404469
0.445739
0.440323
0.438958
0.443834
0.445469
0.435319
0.429636
0.44144
0.457441
0.484018
0.51699
0.511377
0.505025
0.509569
0.482383
0.484485
0.48344
0.514052
0.407564
0.401561
0.405551
0.386089
0.405821
0.369928
0.366553
0.358426
0.358881
0.354477
0.349639
0.356086
0.369379
0.364726
0.357659
0.374009
0.363887
0.352615
0.35022
0.34605
0.354678
0.375971
0.345117
0.344573
0.346675
0.355364
0.350286
0.347257
0.339822
0.341324
0.351972
0.343902
0.344165
0.34645
0.343677
0.346675
0.358305
0.368812
0.371382
0.392635
0.376904
0.36211
0.371824
0.379659
0.361999
0.347094
0.35194
0.354376
0.357148
0.36164
0.377179
0.389705
0.376562
0.375242
0.395193
0.387792
0.387024
0.375088
0.388382
0.388878
0.382284
0.374611
0.358444
0.362473
0.366297
0.371186
0.369039
0.37063
0.369792
0.376661
0.381962
0.38068
0.384825
0.3949
0.379407
0.384009
0.407089
0.39392
0.383577
0.441541
0.483269
0.472243
0.477184
0.446774
0.500682
0.441682
0.433303
0.497684
0.512925
0.531668
0.505802
0.515031
0.50624
0.48368
0.48257
0.492601
0.398842
0.392964
0.38109
0.372821
0.379733
0.388351
0.396547
0.422418
0.394154
0.431742
0.458085
0.439277
0.405985
0.403654
0.40026
0.403048
0.371097
0.380604
0.397742
0.40801
0.391313
0.387793
0.374781
0.355235
0.342806
0.359286
0.350454
0.35901
0.368614
0.372408
0.357686
0.352159
0.379849
0.397855
0.386378
0.390434
0.393613
0.367022
0.36743
0.362957
0.358001
0.359649
0.36074
0.346294
0.361525
0.363751
0.356538
0.350018
0.350781
0.349279
0.374821
0.389554
0.389842
0.391551
0.39192
0.364589
0.384893
0.376595
0.359676
0.344101
0.344248
0.34628
0.342307
0.343994
0.345386
0.35602
0.348638
0.362525
0.369955
0.369015
0.377252
0.362724
0.358229
0.38475
0.354616
0.37563
0.366242
0.367604
0.371315
0.374872
0.373955
0.357576
0.363671
0.360352
0.358887
0.350502
0.344873
0.355022
0.345512
0.355528
0.36916
0.381308
0.389506
0.411476
0.402599
0.458152
0.481716
0.445165
0.490996
0.438497
0.425992
0.449003
0.441053
0.427281
0.422792
0.407985
0.417965
0.384838
0.47221
0.441996
0.463608
0.466474
0.452152
0.392724
0.409574
0.373375
0.378684
0.394904
0.399758
0.435699
0.403586
0.384833
0.443418
0.386369
0.438459
0.393107
0.374458
0.367869
0.367701
0.362193
0.382204
0.386329
0.416941
0.405512
0.420555
0.429209
0.440704
0.406533
0.457197
0.446827
0.443769
0.442337
0.473438
0.401437
0.418798
0.435096
0.419591
0.395165
0.392627
0.427499
0.410409
0.452868
0.404503
0.4364
0.388989
0.407013
0.371238
0.376808
0.367987
0.36055
0.357675
0.357808
0.361236
0.356517
0.358034
0.361225
0.364608
0.375698
0.382389
0.406988
0.435151
0.41816
0.43803
0.47952
0.435134
0.502966
0.44011
0.444584
0.425989
0.557579
0.501941
0.455396
0.508063
0.422537
0.399767
0.456459
0.448074
0.413528
0.416853
0.402409
0.439978
0.413455
0.450318
0.450686
0.492581
0.502681
0.456802
0.483763
0.443006
0.440021
0.401399
0.469172
0.483992
0.521662
0.522188
0.488696
0.521536
0.448186
0.473062
0.444376
0.438082
0.480548
0.476764
0.469062
0.492266
0.484399
0.477963
0.437928
0.391688
0.395024
0.397749
0.389133
0.3956
0.375259
0.382455
0.379799
0.375136
0.37653
0.374655
0.382217
0.378827
0.392347
0.42836
0.421917
0.444059
0.455089
0.432778
0.418652
0.431646
0.42861
0.432057
0.3782
0.435623
0.421166
0.45475
0.480181
0.480079
0.415567
0.474094
0.473015
0.439786
0.422945
0.41904
0.384325
0.366248
0.363246
0.35548
0.346323
0.346343
0.354307
0.371636
0.374415
0.365247
0.378448
0.361891
0.352587
0.365455
0.375697
0.37759
0.404675
0.411777
0.382445
0.388496
0.400905
0.394615
0.406582
0.416118
0.418886
0.412679
0.412777
0.452546
0.434058
0.42692
0.438299
0.425949
0.456766
0.484407
0.527969
0.448054
0.500336
0.477708
0.459691
0.466437
0.438671
0.396439
0.371548
0.366649
0.378574
0.409452
0.417367
0.412144
0.400841
0.429092
0.416312
0.444568
0.413417
0.389921
0.442567
0.480442
0.427653
0.439062
0.452587
0.416289
0.405667
0.409622
0.433643
0.427712
0.42261
0.432524
0.417633
0.431402
0.386114
0.384757
0.38031
0.376359
0.372347
0.386265
0.385082
0.377184
0.380581
0.395073
0.44895
0.401752
0.393021
0.367869
0.370745
0.377408
0.37055
0.37794
0.393335
0.388923
0.383779
0.386786
0.381527
0.388352
0.424343
0.446719
0.48257
0.468858
0.414039
0.471506
0.435208
0.40984
0.365492
0.35182
0.367988
0.402145
0.395017
0.399434
0.431019
0.438666
0.44029
0.487454
0.433753
0.456482
0.441161
0.445014
0.420239
0.402891
0.406398
0.417502
0.484578
0.388652
0.416683
0.407147
0.402733
0.426916
0.43609
0.428272
0.438385
0.419715
0.380442
0.371353
0.366772
0.36365
0.360815
0.361753
0.350468
0.352748
0.371327
0.384515
0.383751
0.3976
0.390825
0.402568
0.392227
0.400268
0.392993
0.413906
0.406165
0.421427
0.424571
0.384164
0.382616
0.39875
0.404287
0.399372
0.435723
0.403562
0.400464
0.375755
0.39257
0.419533
0.380716
0.38063
0.400559
0.383007
0.387903
0.38
0.372769
0.368792
0.351831
0.366688
0.38937
0.409688
0.398433
0.432862
0.398633
0.391764
0.384216
0.367916
0.371965
0.372116
0.37504
0.396275
0.391447
0.371576
0.361059
0.359442
0.376953
0.376797
0.374887
0.382138
0.394895
0.398256
0.405349
0.410195
0.41389
0.405813
0.392072
0.395663
0.3992
0.394999
0.36992
0.377049
0.3631
0.369231
0.368659
0.396564
0.402001
0.435767
0.389789
0.393865
0.381885
0.38208
0.37942
0.381445
0.384016
0.38293
0.380534
0.382488
0.395934
0.410015
0.418402
0.382359
0.410833
0.408608
0.378985
0.372928
0.360313
0.360524
0.359226
0.351069
0.34482
0.343185
0.359457
0.364751
0.359647
0.338827
0.339792
0.350843
0.350417
0.353868
0.350301
0.358651
0.363071
0.374011
0.40132
0.396358
0.426023
0.410551
0.403131
0.408627
0.382266
0.378704
0.378502
0.359475
0.350366
0.336577
0.338716
0.351418
0.348214
0.353074
0.358193
0.351719
0.347014
0.356996
0.369927
0.387082
0.403982
0.385314
0.382439
0.381776
0.364887
0.365426
0.348998
0.355001
0.36875
0.349353
0.361739
0.354506
0.349148
0.35418
0.371463
0.382208
0.36932
0.381904
0.379504
0.377882
0.362768
0.363579
0.370551
0.381457
0.379149
0.377109
0.367908
0.352
0.378444
0.399963
0.39748
0.426663
0.408392
0.399129
0.407614
0.42134
0.426194
0.383174
0.391736
0.408196
0.420124
0.402086
0.37885
0.40574
0.413571
0.430509
0.443526
0.412709
0.400298
0.388029
0.3903
0.357306
0.356731
0.394635
0.388463
0.416452
0.424119
0.43803
0.441273
0.422165
0.409614
0.403049
0.393769
0.433101
0.459455
0.422696
0.408084
0.375187
0.355853
0.34146
0.401499
0.381695
0.389846
0.360597
0.362142
0.359858
0.367692
0.369612
0.370001
0.367463
0.381224
0.366757
0.365844
0.382514
0.379568
0.376816
0.365417
0.371653
0.372795
0.370401
0.370258
0.36522
0.357932
0.34333
0.344127
0.342369
0.339708
0.342968
0.342955
0.355689
0.352061
0.341188
0.340552
0.33383
0.334812
0.348148
0.346924
0.342191
0.349218
0.342804
0.340687
0.362171
0.36368
0.355186
0.363254
0.367083
0.387771
0.404047
0.386951
0.383839
0.379645
0.390767
0.409275
0.407726
0.393156
0.389978
0.376362
0.383993
0.393285
0.392056
0.426332
0.38105
0.378564
0.392455
0.377642
0.372496
0.384118
0.37881
0.367638
0.378883
0.423888
0.457411
0.425367
0.425706
0.43465
0.410875
0.422201
0.409234
0.442248
0.42001
0.395465
0.470285
0.414887
0.379301
0.386148
0.420621
0.391781
0.383917
0.405123
0.421446
0.46798
0.435877
0.397821
0.377996
0.385097
0.381067
0.385338
0.405709
0.434509
0.403502
0.442279
0.416702
0.39534
0.380292
0.379587
0.397022
0.404952
0.433919
0.413676
0.405511
0.462283
0.471893
0.464732
0.424582
0.393322
0.439651
0.44017
0.41862
0.421175
0.411325
0.41913
0.406387
0.387028
0.36786
0.371451
0.364904
0.376147
0.377015
0.384573
0.402625
0.423277
0.440082
0.467246
0.417018
0.429212
0.475919
0.515567
0.452676
0.459872
0.46117
0.406281
0.518897
0.566517
0.556385
0.51222
0.560489
0.579538
0.549679
0.486108
0.564561
0.585749
0.559844
0.560845
0.599634
0.513381
0.464427
0.416776
0.416491
0.43919
0.414493
0.396954
0.388925
0.40036
0.406903
0.39662
0.404459
0.393869
0.369292
0.356478
0.394585
0.398018
0.405308
0.41231
0.414609
0.382221
0.387974
0.393606
0.39146
0.395725
0.398684
0.450973
0.386994
0.410404
0.397049
0.389153
0.380697
0.378762
0.366882
0.380798
0.358787
0.350506
0.346075
0.34934
0.350076
0.343765
0.349671
0.36316
0.354324
0.357609
0.342215
0.339191
0.351947
0.354577
0.352242
0.374145
0.365122
0.377875
0.380681
0.382403
0.386283
0.390517
0.384128
0.393397
0.413911
0.390041
0.356502
0.42976
0.425411
0.381851
0.410134
0.378198
0.3654
0.393908
0.384552
0.381256
0.376863
0.400424
0.429784
0.408396
0.414636
0.384622
0.385563
0.389119
0.381025
0.363571
0.376849
0.376649
0.384307
0.394775
0.374779
0.363695
0.357715
0.353649
0.357782
0.391594
0.379458
0.36425
0.365119
0.352621
0.349646
0.343581
0.353265
0.359915
0.364748
0.365468
0.372172
0.38925
0.384084
0.408482
0.400548
0.38919
0.372331
0.360234
0.352294
0.35581
0.352232
0.357357
0.348705
0.348109
0.344185
0.348761
0.342777
0.351194
0.355811
0.352586
0.357059
0.369255
0.387534
0.405259
0.41511
0.44026
0.473989
0.412836
0.434009
0.442742
0.497397
0.44292
0.458702
0.412114
0.463703
0.46621
0.430709
0.427981
0.440628
0.487938
0.396429
0.443965
0.437921
0.462912
0.457368
0.438868
0.400589
0.393212
0.40103
0.389772
0.407578
0.401378
0.435754
0.427652
0.39896
0.388948
0.402321
0.407239
0.401227
0.375139
0.371279
0.371515
0.401893
0.400518
0.410359
0.408999
0.383661
0.359021
0.356516
0.347072
0.349937
0.357188
0.363096
0.374653
0.401704
0.395849
0.396669
0.385562
0.392047
0.393331
0.425056
0.413292
0.420809
0.377124
0.398679
0.403141
0.396861
0.413772
0.401137
0.380944
0.378065
0.387945
0.388369
0.397377
0.376819
0.369582
0.364489
0.362015
0.376061
0.391778
0.432567
0.409589
0.379512
0.38373
0.385766
0.38892
0.413379
0.411201
0.396452
0.408969
0.42713
0.39956
0.413141
0.405463
0.417272
0.378759
0.417772
0.407577
0.410641
0.415391
0.398134
0.420494
0.448396
0.447327
0.444821
0.444138
0.418777
0.429803
0.423125
0.489717
0.473143
0.421348
0.393789
0.405717
0.445682
0.424796
0.406494
0.444219
0.440759
0.428266
0.407237
0.455916
0.51516
0.472421
0.467683
0.462813
0.41317
0.428208
0.434617
0.447837
0.409741
0.458439
0.42056
0.438206
0.441214
0.433094
0.418937
0.422322
0.434695
0.428808
0.449096
0.473599
0.450785
0.463036
0.443262
0.425251
0.394201
0.389579
0.380776
0.405205
0.395359
0.379387
0.384655
0.393959
0.377845
0.361601
0.355756
0.352979
0.347064
0.338896
0.353637
0.356215
0.351519
0.366517
0.375695
0.37123
0.424681
0.425313
0.385481
0.38807
0.401751
0.37644
0.388367
0.391493
0.408018
0.422828
0.455372
0.432868
0.412504
0.394342
0.412458
0.417066
0.412327
0.450523
0.414089
0.426474
0.430511
0.390959
0.368436
0.383864
0.383392
0.405452
0.398782
0.423631
0.405808
0.400498
0.432428
0.438025
0.441477
0.489177
0.421694
0.499691
0.503968
0.444251
0.413724
0.410127
0.39246
0.375694
0.376342
0.401086
0.42571
0.41458
0.420799
0.415641
0.404343
0.391149
0.371062
0.367449
0.373683
0.377238
0.376677
0.4054
0.397888
0.407014
0.435829
0.443789
0.410265
0.446434
0.390526
0.442193
0.518244
0.465963
0.458548
0.43023
0.396109
0.39596
0.418848
0.482872
0.394385
0.464173
0.492217
0.469154
0.454739
0.41201
0.4603
0.41702
0.38594
0.479526
0.450904
0.522173
0.450882
0.468917
0.467747
0.511016
0.536708
0.527233
0.501945
0.510976
0.51557
0.520136
0.536603
0.521829
0.453048
0.537898
0.504776
0.488131
0.486856
0.507629
0.493699
0.464135
0.488865
0.464059
0.465522
0.485996
0.520796
0.563376
0.553272
0.546068
0.581597
0.53622
0.542416
0.530568
0.528836
0.532806
0.534935
0.574127
0.595843
0.586563
0.598473
0.594618
0.564514
0.500158
0.479889
0.417419
0.47901
0.481927
0.453269
0.482298
0.476443
0.422229
0.402009
0.395982
0.39338
0.423333
0.467782
0.449547
0.424608
0.428165
0.40512
0.381018
0.37224
0.400258
0.400224
0.45652
0.443445
0.455325
0.469121
0.427943
0.411592
0.418262
0.434214
0.43876
0.406106
0.439718
0.410217
0.38667
0.36011
0.361452
0.362545
0.35914
0.367417
0.372273
0.387696
0.404773
0.407674
0.431934
0.428684
0.454063
0.445815
0.449841
0.458359
0.452662
0.431474
0.457102
0.431288
0.448294
0.433666
0.423056
0.429322
0.426142
0.445672
0.42988
0.395736
0.371465
0.388029
0.419305
0.410067
0.392308
0.392927
0.416635
0.397536
0.40012
0.407134
0.386231
0.371873
0.350354
0.361167
0.379031
0.373249
0.378726
0.385187
0.380341
0.409867
0.447367
0.403726
0.375674
0.394837
0.411718
0.405659
0.397459
0.417733
0.407968
0.384907
0.393933
0.424659
0.410199
0.42021
0.400398
0.363084
0.390728
0.385474
0.39804
0.408414
0.404197
0.400202
0.404063
0.391428
0.394839
0.377391
0.405703
0.414973
0.42946
0.417497
0.42377
0.436744
0.43795
0.438685
0.425036
0.447901
0.403145
0.406291
0.371529
0.413686
0.410653
0.417282
0.375204
0.377976
0.423829
0.407762
0.41146
0.412581
0.421195
0.378551
0.410899
0.44412
0.416001
0.432839
0.427213
0.403029
0.368975
0.386236
0.394168
0.37428
0.388376
0.414299
0.407348
0.394977
0.392981
0.400127
0.429719
0.495105
0.496536
0.43675
0.44038
0.425159
0.44972
0.398681
0.464239
0.396796
0.426642
0.418937
0.438342
0.443483
0.421386
0.429038
0.453006
0.455316
0.449695
0.441201
0.458218
0.407598
0.387652
0.401971
0.372988
0.36551
0.36235
0.365908
0.363908
0.370709
0.362413
0.39053
0.358306
0.354791
0.357279
0.353163
0.35547
0.346287
0.342121
0.34706
0.347966
0.332943
0.345024
0.349072
0.343026
0.355209
0.345018
0.358579
0.348133
0.351169
0.363668
0.382219
0.383431
0.380943
0.392097
0.368549
0.384657
0.404252
0.398528
0.382279
0.376235
0.37671
0.393805
0.373683
0.365476
0.375117
0.40362
0.375154
0.39852
0.418472
0.412003
0.38155
0.388642
0.403219
0.394588
0.366241
0.356877
0.352125
0.348856
0.354987
0.348043
0.362363
0.352931
0.35758
0.361179
0.362243
0.360206
0.371767
0.405407
0.388508
0.421656
0.431646
0.42985
0.437406
0.485936
0.474354
0.487482
0.445845
0.495613
0.493637
0.480609
0.496943
0.506349
0.534435
0.495187
0.461353
0.404238
0.39712
0.400329
0.404716
0.42479
0.487894
0.406221
0.364249
0.392527
0.416952
0.462347
0.44747
0.412287
0.42838
0.407234
0.381379
0.387579
0.416884
0.433223
0.469985
0.468386
0.459006
0.480269
0.458422
0.475999
0.535714
0.53145
0.418645
0.452923
0.46861
0.411449
0.370207
0.346392
0.364804
0.378572
0.370043
0.378979
0.371269
0.375403
0.370869
0.358855
0.373967
0.411082
0.440834
0.391196
0.413048
0.384734
0.390853
0.395932
0.403831
0.453176
0.499525
0.446153
0.431994
0.421444
0.395813
0.371669
0.404225
0.367228
0.364804
0.387168
0.391186
0.404498
0.386454
0.382414
0.376682
0.370984
0.39159
0.411027
0.391875
0.402853
0.385632
0.40267
0.423254
0.423751
0.380881
0.442794
0.439821
0.408418
0.410464
0.408479
0.394268
0.388987
0.383209
0.439422
0.432324
0.395019
0.396975
0.444898
0.424081
0.421634
0.477796
0.489227
0.4851
0.475975
0.431264
0.435298
0.374357
0.378939
0.413193
0.431842
0.431063
0.421742
0.446824
0.486541
0.482769
0.505474
0.409779
0.469493
0.442949
0.461425
0.496917
0.480773
0.422698
0.438235
0.514837
0.486563
0.40389
0.424674
0.430067
0.417923
0.39989
0.382542
0.382017
0.380072
0.363479
0.369522
0.402367
0.403398
0.383757
0.372196
0.366917
0.371126
0.367997
0.376125
0.370961
0.381164
0.387568
0.392231
0.419478
0.410779
0.439382
0.426532
0.407532
0.410731
0.403119
0.389939
0.40387
0.425295
0.401229
0.410054
0.450221
0.435617
0.445207
0.416818
0.414565
0.437651
0.434287
0.409918
0.393399
0.346882
0.343893
0.368264
0.436924
0.39071
0.433175
0.432923
0.436544
0.427825
0.461191
0.413306
0.387169
0.398976
0.430785
0.456074
0.472494
0.498039
0.435849
0.417785
0.406263
0.425217
0.404668
0.432242
0.421408
0.460272
0.407119
0.470234
0.443231
0.474279
0.408987
0.439591
0.453603
0.462899
0.462107
0.498065
0.520148
0.467074
0.475051
0.427231
0.428504
0.422365
0.436182
0.426003
0.433646
0.440211
0.43609
0.452028
0.406424
0.473418
0.447015
0.455264
0.428163
0.450115
0.418123
0.453343
0.463735
0.474606
0.466482
0.450199
0.480782
0.482293
0.477396
0.47904
0.492826
0.548773
0.553483
0.550385
0.56116
0.58468
0.488936
0.510274
0.571941
0.577958
0.589402
0.567587
0.525523
0.575809
0.547909
0.547368
0.502939
0.532443
0.489809
0.452659
0.433441
0.411366
0.406243
0.370273
0.366854
0.394778
0.386577
0.389649
0.415625
0.461793
0.415685
0.371544
0.381811
0.447175
0.391697
0.44685
0.461876
0.430418
0.439713
0.436059
0.432966
0.426948
0.381259
0.391667
0.432801
0.437339
0.417869
0.44242
0.4666
0.403666
0.435836
0.449413
0.417708
0.430532
0.416722
0.41909
0.38871
0.410651
0.41565
0.404802
0.384683
0.3959
0.422371
0.396042
0.420018
0.407899
0.344433
0.363454
0.421634
0.436198
0.435201
0.48423
0.466703
0.407038
0.427621
0.432884
0.424913
0.408825
0.438361
0.452184
0.440332
0.420439
0.389697
0.419928
0.387061
0.382468
0.364618
0.364124
0.368018
0.363622
0.366191
0.359091
0.367679
0.359759
0.352153
0.361161
0.354835
0.3545
0.346864
0.356856
0.344468
0.349356
0.360017
0.354023
0.364704
0.362571
0.365538
0.379959
0.394206
0.399261
0.40605
0.351423
0.369878
0.38397
0.360806
0.358746
0.364237
0.370534
0.378221
0.380823
0.396322
0.377524
0.368072
0.362406
0.357708
0.397958
0.428338
0.427906
0.41313
0.389079
0.39917
0.41218
0.432691
0.428584
0.458227
0.433788
0.411752
0.389528
0.416951
0.425845
0.410541
0.431447
0.439192
0.415903
0.393326
0.371074
0.367695
0.351584
0.346515
0.349835
0.353612
0.35014
0.353644
0.351306
0.370419
0.36246
0.371624
0.376754
0.364496
0.366009
0.361773
0.36855
0.365411
0.371325
0.365948
0.3648
0.380751
0.378227
0.402113
0.392777
0.411148
0.410483
0.429367
0.483746
0.493232
0.505648
0.476324
0.462302
0.483303
0.460895
0.429694
0.482261
0.447237
0.422963
0.493329
0.483556
0.439772
0.459084
0.393093
0.372077
0.379433
0.35433
0.369706
0.401381
0.372701
0.37218
0.373089
0.371225
0.35968
0.356737
0.353158
0.366168
0.377249
0.408398
0.488854
0.474871
0.420883
0.389072
0.370275
0.386298
0.398807
0.417261
0.408267
0.411713
0.382413
0.391382
0.391001
0.495705
0.495489
0.499139
0.547807
0.504771
0.443541
0.494754
0.493336
0.444589
0.394751
0.440557
0.519386
0.570155
0.516582
0.539584
0.536903
0.501736
0.525147
0.513708
0.51478
0.4983
0.505786
0.486317
0.491169
0.523635
0.513823
0.483524
0.493021
0.460519
0.49102
0.529198
0.507077
0.511622
0.521563
0.513259
0.481934
0.528561
0.511755
0.490298
0.478109
0.442401
0.470519
0.460957
0.525879
0.385414
0.520151
0.428525
0.432034
0.427552
0.399975
0.443085
0.415869
0.460353
0.51254
0.47393
0.397253
0.486768
0.415507
0.493986
0.424487
0.471316
0.413092
0.404252
0.438148
0.429388
0.409285
0.444898
0.441335
0.439216
0.413173
0.390094
0.382717
0.377403
0.3727
0.359168
0.360526
0.360477
0.354213
0.361141
0.360138
0.371047
0.392002
0.403357
0.400218
0.39136
0.38311
0.363711
0.36804
0.366608
0.36298
0.3621
0.372221
0.381415
0.405475
0.398374
0.407679
0.41231
0.418488
0.361188
0.400699
0.373269
0.375737
0.378092
0.368868
0.356596
0.349402
0.358891
0.377831
0.358844
0.349121
0.349641
0.34991
0.359032
0.368744
0.378539
0.393695
0.389552
0.409497
0.394096
0.382871
0.416187
0.419096
0.406592
0.402729
0.409415
0.411666
0.404009
0.4002
0.370201
0.387867
0.396521
0.379841
0.362376
0.360067
0.362805
0.350994
0.354924
0.353491
0.356418
0.35802
0.353546
0.338285
0.347728
0.352398
0.353682
0.358491
0.383056
0.387709
0.373717
0.379307
0.376565
0.378971
0.390805
0.405762
0.395839
0.394397
0.352253
0.361069
0.387811
0.382897
0.360493
0.356286
0.355588
0.364739
0.36009
0.349576
0.353552
0.361069
0.387626
0.365966
0.357368
0.370959
0.378028
0.381785
0.425095
0.407931
0.388123
0.399114
0.381988
0.3858
0.382925
0.381582
0.38678
0.396533
0.411007
0.376861
0.400506
0.40958
0.418376
0.413343
0.422608
0.425908
0.421375
0.440182
0.404253
0.45747
0.44205
0.426521
0.473435
0.411792
0.382249
0.419413
0.42727
0.382912
0.457315
0.415445
0.455961
0.463236
0.466579
0.4151
0.467502
0.504774
0.494019
0.47437
0.446568
0.449821
0.473964
0.504973
0.466966
0.50408
0.50035
0.487316
0.426839
0.479533
0.470646
0.408755
0.425499
0.419113
0.39428
0.39074
0.389919
0.451423
0.423879
0.444508
0.453687
0.413009
0.374511
0.36948
0.391545
0.453018
0.424523
0.487795
0.421608
0.419431
0.447738
0.496022
0.478271
0.439524
0.418306
0.392883
0.373707
0.381203
0.385145
0.411483
0.446694
0.437418
0.378682
0.417696
0.429805
0.437829
0.443979
0.463838
0.42525
0.413376
0.430326
0.452678
0.421081
0.422331
0.428383
0.400725
0.412026
0.434031
0.411797
0.441368
0.476546
0.452199
0.500903
0.458734
0.449304
0.48382
0.45766
0.423708
0.412589
0.383788
0.450536
0.452793
0.450959
0.472681
0.488692
0.467171
0.510316
0.496461
0.462806
0.419805
0.436935
0.424598
0.408951
0.451308
0.433543
0.43426
0.440381
0.459179
0.499634
0.488426
0.506929
0.490501
0.386645
0.40801
0.452499
0.443916
0.414187
0.426004
0.385354
0.425378
0.374686
0.384011
0.380447
0.372778
0.368574
0.363854
0.404687
0.424403
0.436719
0.410376
0.419546
0.432869
0.434244
0.427371
0.412948
0.398495
0.399339
0.404382
0.395744
0.389272
0.369499
0.370054
0.373412
0.386222
0.378635
0.374996
0.356127
0.356408
0.356555
0.351422
0.356813
0.354842
0.354845
0.359848
0.370319
0.387449
0.40046
0.397986
0.379937
0.372617
0.362336
0.35755
0.370764
0.351114
0.370657
0.378854
0.370806
0.387528
0.367024
0.373601
0.378776
0.371258
0.358388
0.343524
0.357799
0.375015
0.379345
0.399034
0.381749
0.398743
0.383552
0.395158
0.404512
0.385643
0.381516
0.394584
0.390759
0.399992
0.402722
0.386356
0.352134
0.361157
0.37862
0.38305
0.37679
0.391157
0.390117
0.393743
0.394209
0.388585
0.469074
0.424363
0.415944
0.430733
0.420777
0.41087
0.404832
0.408264
0.378504
0.361801
0.35905
0.372783
0.507244
0.380852
0.37003
0.405034
0.359411
0.360351
0.376184
0.369562
0.369967
0.367314
0.370212
0.355835
0.378499
0.348281
0.364547
0.362415
0.37893
0.394098
0.396502
0.400417
0.398908
0.375556
0.364987
0.35985
0.382839
0.374716
0.365545
0.371544
0.364391
0.393002
0.390375
0.392125
0.367646
0.394898
0.390207
0.382215
0.386057
0.404842
0.404366
0.481226
0.454568
0.402809
0.41257
0.490386
0.484611
0.451087
0.474857
0.490423
0.457105
0.427107
0.417861
0.427413
0.460568
0.426033
0.454895
0.508675
0.508721
0.466497
0.494455
0.484787
0.492912
0.455376
0.45541
0.486472
0.465889
0.423261
0.388275
0.352945
0.402067
0.466991
0.485665
0.476874
0.454805
0.448726
0.512227
0.466546
0.480366
0.416874
0.390351
0.384469
0.373655
0.370612
0.359026
0.364811
0.361182
0.344102
0.347635
0.349598
0.348775
0.351583
0.365893
0.362209
0.369305
0.36903
0.368081
0.42944
0.395453
0.378478
0.371345
0.398252
0.398726
0.415436
0.42755
0.400895
0.369311
0.39005
0.400075
0.392047
0.405863
0.38623
0.38099
0.384413
0.385864
0.403695
0.399954
0.387746
0.406182
0.399031
0.414621
0.401868
0.396276
0.398064
0.395862
0.364934
0.400209
0.37808
0.370719
0.3662
0.381785
0.379543
0.386807
0.368206
0.350296
0.365403
0.351885
0.354852
0.346062
0.345637
0.354369
0.355377
0.348942
0.3478
0.347393
0.371231
0.388514
0.405263
0.400374
0.382228
0.38953
0.385242
0.376685
0.361609
0.355872
0.352215
0.361202
0.35469
0.339718
0.355201
0.385094
0.379316
0.372613
0.373729
0.350791
0.362174
0.359777
0.345019
0.345466
0.35448
0.360703
0.357745
0.36664
0.377997
0.366636
0.3625
0.366687
0.351065
0.342924
0.3451
0.343513
0.347631
0.338681
0.346454
0.353769
0.352672
0.346559
0.346869
0.339086
0.344183
0.353292
0.357652
0.359211
0.357971
0.362447
0.364515
0.367062
0.379837
0.406667
0.375164
0.373106
0.362298
0.353565
0.34777
0.357086
0.351928
0.363304
0.368615
0.382717
0.395476
0.394066
0.384562
0.417368
0.417209
0.411636
0.408873
0.431209
0.39501
0.430763
0.422685
0.402783
0.414642
0.410564
0.415972
0.427062
0.39661
0.380273
0.380023
0.395116
0.376887
0.384992
0.393553
0.408088
0.415993
0.404915
0.384619
0.364082
0.367761
0.375864
0.406365
0.402766
0.398525
0.388808
0.391562
0.407987
0.400927
0.393523
0.37424
0.399565
0.405463
0.389332
0.381013
0.409878
0.430949
0.412398
0.439119
0.461697
0.38511
0.398499
0.424658
0.413874
0.420326
0.440066
0.407189
0.408973
0.398054
0.43241
0.45984
0.426972
0.433709
0.463767
0.460065
0.465549
0.45491
0.451515
0.513416
0.47649
0.434743
0.441281
0.461692
0.475713
0.492282
0.462264
0.46404
0.422982
0.434194
0.438259
0.442227
0.496077
0.499513
0.473714
0.495573
0.448032
0.441266
0.448551
0.436977
0.42091
0.423257
0.430215
0.420752
0.375944
0.466522
0.459676
0.463158
0.472268
0.464764
0.443028
0.45407
0.410223
0.431876
0.422041
0.435297
0.443475
0.431284
0.440981
0.471289
0.49223
0.481566
0.442235
0.47316
0.477238
0.512978
0.492398
0.468984
0.431734
0.473919
0.507904
0.465906
0.469246
0.460195
0.461598
0.558505
0.526473
0.505692
0.486244
0.443726
0.411743
0.414767
0.408072
0.399711
0.408995
0.399037
0.416355
0.418637
0.417585
0.414809
0.439103
0.452129
0.462903
0.454106
0.42146
0.418708
0.43852
0.474445
0.456458
0.48182
0.463614
0.511779
0.503793
0.507605
0.50582
0.576651
0.591049
0.509349
0.422995
0.410533
0.429868
0.404322
0.42376
0.410865
0.449306
0.414075
0.418794
0.443006
0.421212
0.40524
0.425215
0.40921
0.375133
0.381141
0.414821
0.394699
0.41813
0.408525
0.434522
0.440802
0.437219
0.407459
0.422888
0.414007
0.405538
0.426811
0.401274
0.407056
0.425738
0.450272
0.423595
0.425432
0.429544
0.442276
0.395733
0.423418
0.408753
0.398241
0.407934
0.441788
0.411495
0.438567
0.421898
0.421637
0.445148
0.434067
0.400968
0.388754
0.396546
0.391348
0.393951
0.377083
0.413963
0.408202
0.382182
0.39109
0.382739
0.385748
0.397756
0.385862
0.346669
0.345048
0.374854
0.413429
0.39158
0.388977
0.393144
0.402583
0.376231
0.370955
0.352902
0.355609
0.361686
0.356067
0.37276
0.382732
0.385318
0.394383
0.370347
0.400679
0.430364
0.424763
0.417248
0.397032
0.403688
0.398341
0.375683
0.386325
0.395709
0.401975
0.40052
0.403318
0.386658
0.385405
0.391707
0.426788
0.40891
0.43503
0.41795
0.4247
0.421218
0.435546
0.378358
0.397869
0.403373
0.384627
0.377577
0.374643
0.394738
0.403931
0.398111
0.386795
0.405426
0.378766
0.397654
0.418481
0.415898
0.39796
0.39589
0.394721
0.393452
0.429136
0.398806
0.406354
0.441948
0.409902
0.403353
0.439078
0.403948
0.382618
0.353997
0.352818
0.359399
0.351518
0.363035
0.356949
0.339287
0.343045
0.343903
0.340383
0.34104
0.337983
0.339073
0.357348
0.336245
0.341931
0.346407
0.344128
0.351609
0.355228
0.360337
0.375051
0.394589
0.377769
0.353164
0.384083
0.37287
0.383557
0.364544
0.358616
0.344618
0.348974
0.346314
0.346688
0.336205
0.333235
0.334203
0.346492
0.34682
0.35028
0.343533
0.334891
0.345073
0.341399
0.34509
0.341688
0.342778
0.348489
0.362197
0.344032
0.349423
0.344394
0.351592
0.346654
0.354566
0.343045
0.346434
0.335082
0.334765
0.330218
0.339579
0.350878
0.339785
0.343614
0.347145
0.337375
0.339508
0.350705
0.345705
0.336212
0.359217
0.363192
0.369017
0.374888
0.380687
0.400252
0.390495
0.386846
0.371897
0.380627
0.37187
0.376629
0.370593
0.386949
0.389418
0.381211
0.361322
0.364228
0.380457
0.405089
0.360176
0.380057
0.38108
0.371983
0.360586
0.373583
0.384448
0.377205
0.37432
0.370943
0.381086
0.380941
0.398584
0.366782
0.355261
0.353486
0.349855
0.343431
0.34682
0.34348
0.344599
0.333053
0.348652
0.339314
0.344772
0.350113
0.34913
0.345416
0.347475
0.344225
0.345582
0.353068
0.356893
0.342283
0.342914
0.341071
0.340417
0.351927
0.338043
0.341391
0.342244
0.346207
0.347574
0.354138
0.342093
0.333502
0.343173
0.346831
0.346129
0.347164
0.355696
0.355196
0.367271
0.363311
0.371004
0.370524
0.358464
0.354678
0.356341
0.353963
0.356258
0.369858
0.372696
0.359356
0.366257
0.371382
0.397235
0.406671
0.398452
0.419226
0.438767
0.40231
0.372057
0.3852
0.381078
0.377093
0.393291
0.406633
0.396424
0.408684
0.430908
0.439956
0.462404
0.429293
0.431341
0.432838
0.426543
0.451378
0.406021
0.403011
0.439625
0.409629
0.384851
0.368963
0.362399
0.370931
0.377045
0.385336
0.395393
0.392482
0.381379
0.364564
0.362327
0.349928
0.361769
0.361011
0.360658
0.354758
0.359342
0.361905
0.377679
0.39042
0.404008
0.404494
0.398307
0.381596
0.373967
0.371264
0.373984
0.372944
0.379505
0.382915
0.377455
0.406319
0.403577
0.429719
0.417441
0.455873
0.479442
0.45693
0.43855
0.459952
0.481247
0.482292
0.482449
0.438888
0.499977
0.542423
0.491534
0.500533
0.54387
0.479101
0.407317
0.361001
0.385507
0.44084
0.436406
0.449395
0.420981
0.421402
0.382042
0.376029
0.408147
0.438012
0.479923
0.457061
0.489647
0.435851
0.452005
0.506928
0.425925
0.396041
0.391902
0.381358
0.375285
0.36837
0.370139
0.35503
0.353257
0.349424
0.349633
0.341215
0.343449
0.344917
0.354422
0.359326
0.363893
0.354472
0.35505
0.36438
0.371925
0.37564
0.383613
0.369079
0.386334
0.416679
0.399036
0.382819
0.403424
0.389484
0.386579
0.37264
0.379537
0.373476
0.383883
0.402783
0.420828
0.411346
0.446359
0.408858
0.408348
0.433122
0.363094
0.399032
0.379759
0.406104
0.40032
0.380074
0.371758
0.375997
0.372611
0.372415
0.377892
0.37504
0.384047
0.404334
0.383083
0.376495
0.364882
0.355118
0.344532
0.346116
0.337513
0.351301
0.351449
0.346688
0.342577
0.351496
0.342049
0.342677
0.339803
0.341613
0.353574
0.348186
0.347898
0.370085
0.38191
0.383129
0.381534
0.377918
0.368599
0.349908
0.344599
0.35257
0.336578
0.34694
0.355238
0.365532
0.352872
0.354789
0.352263
0.355443
0.363321
0.392409
0.410921
0.415249
0.432399
0.410495
0.373377
0.419964
0.40334
0.401374
0.395862
0.41029
0.412481
0.386685
0.382979
0.401687
0.39765
0.391884
0.37824
0.396215
0.410549
0.409352
0.436411
0.412628
0.409333
0.39282
0.419854
0.403644
0.399349
0.406595
0.405925
0.384074
0.389216
0.392731
0.399926
0.398833
0.387475
0.410845
0.390733
0.397538
0.396869
0.390035
0.371425
0.380065
0.397748
0.372371
0.410551
0.42338
0.409312
0.396336
0.386843
0.371324
0.367224
0.368346
0.398178
0.410608
0.418153
0.398561
0.424494
0.427454
0.476715
0.451273
0.437734
0.368966
0.42402
0.422006
0.38846
0.368999
0.353651
0.383722
0.448815
0.434528
0.376739
0.389316
0.437117
0.469494
0.466928
0.445633
0.448199
0.44273
0.446961
0.409399
0.409413
0.429032
0.403076
0.406992
0.395946
0.411694
0.40863
0.425347
0.464053
0.462504
0.440115
0.435242
0.459131
0.428062
0.469362
0.490762
0.427664
0.445543
0.462782
0.448194
0.396772
0.440876
0.46598
0.459504
0.492363
0.492681
0.453804
0.423214
0.461622
0.442464
0.406141
0.403244
0.379485
0.384528
0.382742
0.384644
0.375705
0.374344
0.374857
0.360277
0.388877
0.406332
0.412563
0.387311
0.37034
0.362953
0.35031
0.359677
0.358424
0.342541
0.347236
0.360462
0.358774
0.358939
0.358947
0.3606
0.365114
0.381881
0.378486
0.364589
0.360107
0.352982
0.362244
0.370802
0.375465
0.382011
0.4094
0.392333
0.414569
0.398938
0.38662
0.434528
0.453098
0.429718
0.409955
0.437227
0.458227
0.459414
0.41745
0.476655
0.461349
0.383048
0.427789
0.447375
0.47902
0.460441
0.527897
0.42125
0.390566
0.478714
0.486824
0.407728
0.4715
0.472824
0.431005
0.474941
0.471943
0.447694
0.46401
0.422521
0.441371
0.417922
0.43692
0.421978
0.41163
0.423563
0.414169
0.406434
0.409968
0.463553
0.478426
0.474295
0.522543
0.432448
0.51221
0.496021
0.52692
0.448438
0.464779
0.497658
0.43793
0.478038
0.459939
0.493135
0.476219
0.51576
0.460264
0.507808
0.468124
0.540619
0.515804
0.56154
0.560095
0.570486
0.580023
0.543256
0.413628
0.412992
0.416504
0.427079
0.409719
0.425518
0.44549
0.440653
0.404609
0.395533
0.388263
0.390256
0.408364
0.421446
0.410635
0.437457
0.44393
0.423025
0.402189
0.411877
0.404684
0.420362
0.398713
0.419462
0.434918
0.433281
0.470927
0.425326
0.436563
0.409801
0.427527
0.418851
0.468419
0.479031
0.42354
0.414411
0.421902
0.394021
0.410274
0.402902
0.428237
0.402824
0.42373
0.412851
0.394992
0.389456
0.356995
0.369262
0.370742
0.360313
0.370313
0.373163
0.389191
0.36697
0.364579
0.37325
0.39052
0.378127
0.410897
0.397695
0.387925
0.398261
0.400487
0.40373
0.462915
0.508434
0.453985
0.482748
0.439738
0.485245
0.454778
0.488424
0.423362
0.427599
0.420053
0.405704
0.442133
0.45493
0.417467
0.409011
0.41066
0.416324
0.467438
0.422386
0.427614
0.392078
0.380974
0.369848
0.360062
0.353613
0.379465
0.389543
0.402359
0.394511
0.390949
0.389898
0.381063
0.388399
0.374203
0.366557
0.380425
0.400212
0.408427
0.401467
0.402487
0.43652
0.396942
0.405535
0.428214
0.434714
0.396442
0.416903
0.390399
0.395279
0.370572
0.379571
0.364507
0.35604
0.364939
0.382589
0.393058
0.417504
0.405973
0.391799
0.373519
0.37251
0.375242
0.371218
0.418233
0.435805
0.411535
0.39301
0.420901
0.414212
0.402974
0.413337
0.429148
0.417534
0.40725
0.401453
0.407454
0.410911
0.422047
0.410936
0.404911
0.401029
0.368045
0.426173
0.439214
0.434479
0.446683
0.427428
0.431161
0.402224
0.462692
0.411765
0.428695
0.499587
0.456805
0.477583
0.407149
0.44287
0.489419
0.437528
0.493029
0.46948
0.438077
0.3997
0.412305
0.426129
0.435999
0.464571
0.465112
0.432024
0.421443
0.454054
0.467901
0.481668
0.47491
0.460827
0.401955
0.404238
0.427357
0.415808
0.395511
0.432639
0.426891
0.433997
0.416406
0.411413
0.420112
0.484814
0.496382
0.5367
0.468755
0.507979
0.49584
0.466206
0.501641
0.397082
0.457445
0.38258
0.370416
0.446972
0.374159
0.503856
0.538389
0.477735
0.450566
0.476168
0.479976
0.44226
0.42079
0.417539
0.417364
0.432633
0.448372
0.445548
0.440871
0.432906
0.379618
0.407958
0.41836
0.45758
0.44599
0.407599
0.423775
0.402702
0.398159
0.444932
0.472914
0.444388
0.406195
0.438166
0.434457
0.398792
0.391868
0.386201
0.378362
0.381242
0.395071
0.421868
0.455956
0.461827
0.458619
0.475912
0.439838
0.489313
0.468009
0.474158
0.482872
0.42708
0.453316
0.479761
0.410842
0.398741
0.421732
0.453241
0.431177
0.4504
0.426987
0.45944
0.442241
0.393345
0.391638
0.387327
0.381616
0.402629
0.37816
0.38306
0.378792
0.372354
0.392551
0.402929
0.421311
0.389857
0.385099
0.370504
0.372362
0.391296
0.414064
0.429144
0.441148
0.440063
0.459556
0.411833
0.398613
0.426987
0.460294
0.42535
0.442619
0.460536
0.480462
0.475773
0.417278
0.539596
0.565105
0.618067
0.593469
0.616821
0.56611
0.526169
0.605925
0.515067
0.546678
0.553111
0.491785
0.48398
0.467428
0.474772
0.537851
0.516058
0.519557
0.497337
0.454496
0.445664
0.441392
0.416669
0.411867
0.408966
0.415596
0.407844
0.422537
0.415164
0.396126
0.414324
0.42524
0.471335
0.482157
0.449346
0.42593
0.415213
0.4231
0.446541
0.449847
0.470892
0.482649
0.510801
0.496684
0.445887
0.468144
0.468408
0.461977
0.43606
0.426145
0.417976
0.411856
0.426225
0.408341
0.44731
0.465301
0.454181
0.473208
0.483406
0.454258
0.427362
0.460735
0.433087
0.415182
0.450167
0.445748
0.450917
0.43468
0.459701
0.432939
0.437265
0.415883
0.428732
0.433769
0.445859
0.438102
0.450183
0.426134
0.424741
0.46555
0.460642
0.447489
0.438913
0.441077
0.434878
0.434674
0.454212
0.415836
0.416156
0.41772
0.410256
0.402137
0.427284
0.43653
0.469498
0.482418
0.484242
0.480899
0.478246
0.495959
0.503261
0.479125
0.521952
0.486664
0.508493
0.521015
0.499248
0.485457
0.404421
0.40844
0.425163
0.424428
0.424167
0.403115
0.423025
0.382413
0.457374
0.422224
0.373066
0.388102
0.417676
0.445481
0.444597
0.411527
0.444687
0.425431
0.484784
0.50774
0.456604
0.454553
0.482879
0.448468
0.454636
0.433191
0.410186
0.395181
0.39236
0.389396
0.399884
0.402716
0.416627
0.384512
0.406461
0.392006
0.433426
0.458105
0.419292
0.430294
0.446782
0.437978
0.427223
0.428005
0.441911
0.441036
0.453301
0.502399
0.466833
0.498089
0.513374
0.502561
0.428455
0.464804
0.420365
0.38329
0.375775
0.368962
0.367206
0.373743
0.367581
0.361869
0.357793
0.359461
0.361562
0.357891
0.378897
0.364782
0.369935
0.36585
0.368734
0.357864
0.355389
0.368031
0.360884
0.37067
0.366094
0.37861
0.396467
0.393528
0.417863
0.433056
0.442575
0.489463
0.463747
0.489716
0.501661
0.500671
0.49097
0.520145
0.451452
0.485496
0.471264
0.444895
0.444647
0.40998
0.451376
0.470256
0.487767
0.491877
0.407665
0.43336
0.432016
0.434858
0.442976
0.371846
0.382018
0.460349
0.441876
0.434355
0.404199
0.401688
0.403122
0.45294
0.454474
0.454565
0.472705
0.454983
0.383438
0.361812
0.36671
0.360072
0.374331
0.404549
0.402054
0.42236
0.439216
0.424027
0.419086
0.432604
0.428587
0.435872
0.434455
0.417627
0.412001
0.411242
0.418496
0.406571
0.440213
0.460806
0.50514
0.490237
0.419693
0.41412
0.431864
0.412245
0.414263
0.416627
0.436818
0.469928
0.49629
0.48898
0.482361
0.496925
0.535198
0.565344
0.550315
0.492879
0.477428
0.498678
0.48044
0.495435
0.482162
0.499895
0.549025
0.517243
0.575879
0.581453
0.599675
0.558276
0.509671
0.55033
0.50176
0.529573
0.467126
0.515439
0.540327
0.505267
0.512277
0.51955
0.470326
0.455032
0.523237
0.437592
0.422783
0.518232
0.508832
0.439703
0.528085
0.501059
0.502576
0.440699
0.461756
0.450211
0.465549
0.47968
0.470759
0.438311
0.510838
0.530446
0.500445
0.499987
0.508718
0.436095
0.463711
0.469371
0.473914
0.429955
0.46152
0.476746
0.423449
0.418893
0.443873
0.425795
0.433748
0.426872
0.421636
0.395467
0.393435
0.413426
0.438412
0.391734
0.402801
0.393454
0.403468
0.422763
0.403381
0.395569
0.412145
0.428971
0.441235
0.420058
0.460999
0.425686
0.505068
0.501188
0.513138
0.544967
0.499036
0.482786
0.479524
0.490712
0.470859
0.427106
0.425009
0.439855
0.444749
0.511125
0.44337
0.435212
0.382317
0.405475
0.484383
0.474748
0.423654
0.449455
0.489343
0.491921
0.512605
0.438447
0.452726
0.399908
0.406191
0.402537
0.460195
0.434024
0.386023
0.492337
0.449514
0.442075
0.451691
0.397042
0.439936
0.454946
0.448737
0.434983
0.434693
0.425691
0.487386
0.477256
0.444286
0.416799
0.409557
0.459697
0.461236
0.48644
0.466808
0.409942
0.433529
0.433833
0.466343
0.535987
0.482475
0.502974
0.437472
0.51672
0.462601
0.490805
0.499773
0.402896
0.402951
0.415208
0.502869
0.514739
0.516012
0.470939
0.49163
0.479099
0.460758
0.474543
0.491344
0.509534
0.526676
0.447289
0.489981
0.515419
0.497038
0.493937
0.460777
0.419204
0.475125
0.427188
0.421033
0.505576
0.465344
0.392029
0.487462
0.46815
0.473959
0.47801
0.457504
0.509787
0.521584
0.503219
0.496343
0.440932
0.427688
0.424035
0.416921
0.37924
0.376883
0.372139
0.363121
0.354063
0.352985
0.354585
0.365708
0.365545
0.374382
0.371164
0.388309
0.383408
0.423261
0.397536
0.396066
0.401599
0.398888
0.455391
0.439329
0.451989
0.47497
0.470009
0.458849
0.475873
0.440576
0.406827
0.409556
0.443753
0.404956
0.426933
0.427302
0.424489
0.39182
0.371705
0.46026
0.405688
0.374772
0.420165
0.420625
0.473435
0.384296
0.37616
0.489313
0.468682
0.480752
0.456028
0.417352
0.450972
0.451806
0.467422
0.39312
0.371878
0.418106
0.433166
0.468027
0.449644
0.438222
0.443945
0.42755
0.45432
0.451374
0.416301
0.378412
0.357543
0.40513
0.383862
0.380033
0.37899
0.367605
0.366836
0.375939
0.377834
0.371877
0.385698
0.429001
0.459907
0.473294
0.457029
0.461534
0.510559
0.504212
0.484697
0.503814
0.516673
0.494355
0.540254
0.500707
0.50231
0.534556
0.520718
0.486923
0.519994
0.490874
0.493554
0.521654
0.506101
0.502577
0.478068
0.537036
0.490137
0.51193
0.552677
0.541944
0.518002
0.525755
0.477106
0.532335
0.593287
0.581037
0.562607
0.575633
0.542694
0.520578
0.535736
0.41873
0.430241
0.422894
0.395372
0.367069
0.361639
0.359518
0.37667
0.379655
0.385824
0.417241
0.417873
0.420055
0.424949
0.398058
0.375945
0.367587
0.380093
0.38652
0.386159
0.398695
0.399906
0.408216
0.394698
0.400832
0.395531
0.436603
0.435402
0.407398
0.394464
0.39251
0.438727
0.440105
0.434867
0.38886
0.407739
0.43072
0.430665
0.438259
0.430476
0.4121
0.409093
0.388401
0.429866
0.456127
0.449638
0.430681
0.421436
0.42778
0.45481
0.465482
0.42158
0.409575
0.397192
0.389313
0.401782
0.426546
0.399362
0.444351
0.410294
0.393549
0.386886
0.471115
0.43779
0.429064
0.421031
0.409128
0.418032
0.410378
0.403871
0.383027
0.38916
0.396974
0.378235
0.401207
0.421591
0.402252
0.379262
0.371783
0.375224
0.371385
0.374602
0.367476
0.355429
0.348203
0.348352
0.341585
0.34734
0.348968
0.345516
0.347309
0.362868
0.366792
0.36636
0.390516
0.395695
0.424851
0.393494
0.387597
0.38277
0.346448
0.352095
0.358482
0.362051
0.350775
0.366113
0.378099
0.383603
0.401031
0.41429
0.401346
0.407078
0.432127
0.426849
0.406575
0.371825
0.499064
0.477055
0.41097
0.37652
0.375626
0.372371
0.367606
0.359895
0.366594
0.372569
0.367578
0.365745
0.353237
0.355773
0.355996
0.353854
0.367436
0.384762
0.370243
0.3849
0.378131
0.362692
0.356557
0.361664
0.368003
0.355241
0.35753
0.365819
0.385627
0.426124
0.397674
0.417377
0.440693
0.428138
0.427247
0.478468
0.461386
0.411569
0.415167
0.446437
0.421419
0.457306
0.458748
0.464231
0.50755
0.444595
0.381778
0.44874
0.450068
0.43444
0.421311
0.450987
0.415809
0.420129
0.400359
0.398908
0.384339
0.379147
0.376933
0.380669
0.361002
0.363315
0.365617
0.373101
0.390505
0.382699
0.373081
0.383154
0.395673
0.378012
0.380188
0.380535
0.390101
0.400425
0.37782
0.366677
0.440243
0.423282
0.438081
0.425523
0.432103
0.447226
0.433966
0.433073
0.420724
0.425199
0.431035
0.382623
0.363862
0.354264
0.354037
0.3677
0.384937
0.412532
0.410906
0.358533
0.424045
0.420743
0.408339
0.43034
0.405111
0.382548
0.389526
0.38398
0.361792
0.358253
0.343932
0.347634
0.343885
0.349303
0.349647
0.349032
0.336759
0.342324
0.343041
0.356274
0.35692
0.347341
0.341568
0.359035
0.369735
0.34686
0.343888
0.359681
0.361319
0.391182
0.38053
0.403835
0.381345
0.371188
0.354557
0.349942
0.353043
0.345621
0.359837
0.376743
0.372882
0.362449
0.362578
0.368493
0.414398
0.424327
0.436044
0.408244
0.374218
0.456298
0.430483
0.406611
0.402392
0.412469
0.457332
0.457007
0.448718
0.439122
0.40846
0.406204
0.416942
0.418938
0.472099
0.483998
0.441645
0.47549
0.529674
0.519826
0.457793
0.496921
0.595992
0.599902
0.608708
0.582747
0.581611
0.573844
0.571552
0.535852
0.518214
0.553397
0.545152
0.578865
0.545492
0.545494
0.552892
0.527629
0.551551
0.524271
0.502921
0.544305
0.483618
0.527524
0.493151
0.450323
0.477975
0.530002
0.524408
0.533367
0.512219
0.504152
0.467371
0.443454
0.426297
0.463285
0.51291
0.526255
0.520181
0.527978
0.521938
0.525056
0.473137
0.442136
0.44182
0.441733
0.53385
0.543325
0.494855
0.459548
0.526208
0.532198
0.519793
0.474334
0.433639
0.507487
0.502114
0.45229
0.479708
0.508251
0.510143
0.500328
0.512272
0.536004
0.520498
0.533129
0.538623
0.547421
0.551761
0.532491
0.532474
0.520787
0.451362
0.419019
0.40126
0.402702
0.408806
0.395947
0.415039
0.417437
0.407895
0.402851
0.424595
0.40811
0.423396
0.419647
0.400769
0.419609
0.373534
0.400352
0.421567
0.423763
0.436631
0.41018
0.468629
0.443966
0.500591
0.502948
0.438877
0.460118
0.464491
0.447176
0.424982
0.451834
0.432194
0.413336
0.443476
0.427068
0.451976
0.458613
0.508867
0.510779
0.49792
0.451407
0.439046
0.466071
0.426588
0.484149
0.504692
0.498258
0.535003
0.51643
0.466978
0.41408
0.416748
0.444821
0.408162
0.423198
0.490378
0.533243
0.512037
0.523238
0.504292
0.514251
0.426391
0.459316
0.47656
0.51908
0.512647
0.461253
0.512443
0.449452
0.507907
0.522299
0.523516
0.436241
0.427672
0.478873
0.497958
0.398024
0.395952
0.438667
0.520169
0.540798
0.524141
0.519257
0.526297
0.45638
0.491077
0.509001
0.488618
0.506376
0.519205
0.511671
0.470249
0.493295
0.538263
0.523543
0.52352
0.51643
0.535716
0.525018
0.501711
0.54006
0.511022
0.497351
0.484996
0.458925
0.426782
0.429606
0.438626
0.452796
0.452267
0.441435
0.455492
0.488797
0.516044
0.505902
0.460845
0.486107
0.546213
0.553064
0.469998
0.480173
0.438591
0.438835
0.432273
0.452316
0.438294
0.44324
0.470216
0.479275
0.522548
0.42296
0.466939
0.486609
0.470397
0.449454
0.430679
0.458412
0.457029
0.4467
0.447337
0.457934
0.491739
0.442361
0.465639
0.466468
0.474762
0.409192
0.446441
0.451924
0.430336
0.428402
0.441233
0.42265
0.389418
0.381987
0.399756
0.368917
0.36481
0.36527
0.378266
0.372938
0.377826
0.377044
0.397028
0.392595
0.400218
0.396032
0.377171
0.403621
0.400465
0.418756
0.388176
0.381156
0.379846
0.385456
0.404516
0.379388
0.3821
0.393179
0.392991
0.408816
0.383713
0.401485
0.37657
0.36518
0.366916
0.38364
0.380862
0.385478
0.392138
0.386118
0.413842
0.404341
0.414516
0.394474
0.393515
0.43061
0.487855
0.457243
0.415853
0.422647
0.426828
0.416068
0.429219
0.445688
0.44359
0.407536
0.433911
0.398336
0.435547
0.417008
0.412423
0.423148
0.401276
0.391913
0.422776
0.429764
0.436603
0.465336
0.436802
0.44184
0.437973
0.425817
0.463256
0.478857
0.474817
0.478732
0.438929
0.395892
0.463749
0.47732
0.475874
0.459365
0.52161
0.484466
0.4861
0.479441
0.465649
0.474013
0.444822
0.437995
0.44961
0.466294
0.457436
0.461219
0.448818
0.460248
0.496086
0.499633
0.475056
0.446795
0.501911
0.458609
0.459089
0.461683
0.46226
0.45843
0.452172
0.455895
0.402737
0.395698
0.388131
0.402383
0.418507
0.455953
0.434964
0.459418
0.418768
0.421537
0.437924
0.415063
0.408447
0.431477
0.432077
0.450714
0.476381
0.453822
0.470507
0.467272
0.478911
0.422149
0.429636
0.448495
0.433597
0.494917
0.511411
0.433146
0.447737
0.449623
0.471713
0.437892
0.492393
0.473279
0.469045
0.501339
0.455693
0.446118
0.472982
0.457641
0.49231
0.50909
0.477273
0.489744
0.455168
0.462751
0.477409
0.462677
0.439165
0.409132
0.401884
0.397688
0.413454
0.427272
0.445937
0.42064
0.413369
0.385473
0.394626
0.379742
0.373311
0.37366
0.387246
0.409046
0.43472
0.472954
0.471735
0.49211
0.493229
0.500408
0.482482
0.462501
0.439621
0.481435
0.46879
0.43959
0.468191
0.479425
0.407381
0.442868
0.41974
0.422722
0.45232
0.483137
0.49441
0.537835
0.536189
0.572843
0.591143
0.545202
0.55783
0.601925
0.577948
0.547044
0.53294
0.390856
0.383916
0.403647
0.398463
0.363075
0.366553
0.374899
0.38529
0.375615
0.368175
0.35716
0.353208
0.354104
0.35766
0.365701
0.391299
0.408438
0.390945
0.367252
0.351456
0.35412
0.352701
0.353453
0.349938
0.343113
0.350431
0.345697
0.353705
0.35951
0.355915
0.341249
0.339257
0.349852
0.35526
0.34762
0.350036
0.35106
0.344012
0.341122
0.342695
0.370441
0.355755
0.344802
0.350663
0.354892
0.366512
0.364741
0.391412
0.401099
0.400084
0.382516
0.376319
0.380209
0.361749
0.361391
0.361006
0.362781
0.363845
0.377235
0.390884
0.398713
0.398073
0.39293
0.377071
0.367069
0.369384
0.361751
0.378292
0.417617
0.442403
0.435332
0.449772
0.429813
0.461006
0.410043
0.446387
0.444358
0.43351
0.417764
0.432623
0.438247
0.444662
0.446532
0.417657
0.40574
0.402676
0.416773
0.450791
0.459767
0.468291
0.448812
0.418235
0.401844
0.445354
0.4257
0.40855
0.420744
0.429873
0.453245
0.416669
0.428609
0.430515
0.438615
0.411727
0.395455
0.413693
0.426553
0.458981
0.474656
0.502863
0.495116
0.495796
0.50017
0.49071
0.509732
0.55051
0.484319
0.509496
0.554332
0.531461
0.499771
0.540201
0.496312
0.560267
0.459053
0.546895
0.511171
0.450962
0.414842
0.408789
0.488007
0.449385
0.480286
0.483707
0.478524
0.476546
0.481258
0.543297
0.554075
0.522477
0.504164
0.488428
0.50376
0.478362
0.452266
0.440929
0.470728
0.47482
0.513599
0.505713
0.512748
0.507206
0.463913
0.478827
0.482267
0.478019
0.448122
0.452262
0.43682
0.444487
0.479203
0.455583
0.451759
0.458956
0.49678
0.452985
0.422632
0.37844
0.415029
0.455767
0.487801
0.488501
0.493086
0.410278
0.494457
0.509259
0.479126
0.477788
0.467337
0.46657
0.46326
0.443115
0.441839
0.461732
0.454637
0.424436
0.440245
0.440087
0.432488
0.40627
0.401167
0.419612
0.4533
0.475763
0.496457
0.403903
0.44677
0.505642
0.482776
0.486749
0.538852
0.550669
0.539375
0.52325
0.531103
0.4727
0.504547
0.498062
0.524888
0.545048
0.431265
0.448773
0.449984
0.441133
0.431103
0.469313
0.516578
0.488367
0.494575
0.498872
0.525457
0.508232
0.503126
0.539614
0.471284
0.472728
0.504424
0.513784
0.514058
0.51967
0.492826
0.476873
0.460816
0.523564
0.523414
0.533552
0.536578
0.48444
0.499942
0.462976
0.455859
0.442381
0.480534
0.533435
0.523107
0.495695
0.501308
0.510228
0.518019
0.555715
0.574109
0.520973
0.476866
0.412947
0.417688
0.452781
0.383026
0.374325
0.37567
0.374206
0.368998
0.378932
0.380888
0.380058
0.39979
0.389759
0.400065
0.415333
0.413617
0.392115
0.386141
0.395576
0.383725
0.389225
0.402972
0.394535
0.442826
0.451737
0.469997
0.457455
0.397082
0.394592
0.384626
0.394805
0.391003
0.396341
0.383739
0.388946
0.392969
0.409958
0.419508
0.402336
0.413079
0.414049
0.3919
0.377299
0.377057
0.378649
0.391546
0.393052
0.406439
0.39233
0.396227
0.405734
0.436157
0.412666
0.409165
0.427074
0.425341
0.40839
0.422856
0.411359
0.438315
0.426718
0.432576
0.425678
0.432274
0.398719
0.398498
0.383397
0.376687
0.372905
0.348096
0.399128
0.416032
0.394531
0.377567
0.357475
0.378432
0.399936
0.414144
0.433256
0.426589
0.421517
0.406115
0.406839
0.390638
0.375678
0.361583
0.360966
0.378356
0.361266
0.356473
0.365427
0.359153
0.35919
0.374627
0.360207
0.368457
0.369281
0.352
0.361314
0.364723
0.362886
0.371482
0.393346
0.38555
0.405004
0.40024
0.388639
0.372056
0.364783
0.360284
0.347811
0.354066
0.367124
0.36067
0.354137
0.355937
0.359627
0.356972
0.362908
0.363646
0.367511
0.369352
0.371086
0.368693
0.354894
0.351952
0.364962
0.386924
0.384748
0.397005
0.385568
0.384229
0.395898
0.393253
0.400418
0.412161
0.437117
0.46064
0.489174
0.505588
0.46568
0.424712
0.425308
0.412069
0.449564
0.3903
0.385161
0.393662
0.384953
0.386061
0.368816
0.379288
0.396071
0.396739
0.400476
0.401806
0.42685
0.411257
0.395991
0.380917
0.38843
0.396599
0.394238
0.421624
0.415486
0.415354
0.476653
0.457264
0.404777
0.440118
0.464379
0.478177
0.5072
0.460942
0.400961
0.407988
0.402135
0.399847
0.400928
0.396863
0.400109
0.383887
0.41645
0.444161
0.466915
0.447481
0.409728
0.429789
0.422052
0.421581
0.42252
0.393775
0.396018
0.397211
0.386054
0.386111
0.407865
0.392206
0.382271
0.380185
0.388369
0.41834
0.388762
0.367989
0.389114
0.383684
0.407625
0.402875
0.393512
0.383037
0.387372
0.382489
0.444043
0.402796
0.384975
0.382314
0.37845
0.382694
0.367865
0.380493
0.388801
0.386259
0.411079
0.442678
0.473524
0.491892
0.437364
0.385977
0.411635
0.418458
0.417628
0.397561
0.463513
0.441708
0.449363
0.451214
0.427708
0.387199
0.410005
0.38305
0.385889
0.405532
0.402987
0.422643
0.392913
0.381609
0.385275
0.396758
0.385534
0.3864
0.381147
0.388782
0.398132
0.390775
0.396718
0.397891
0.375312
0.371298
0.372451
0.363863
0.365659
0.365168
0.3726
0.373428
0.374166
0.370757
0.371285
0.362915
0.356222
0.370213
0.359996
0.356397
0.364891
0.360776
0.361754
0.36422
0.356383
0.359733
0.35991
0.354204
0.372739
0.374164
0.361206
0.370986
0.371782
0.372808
0.358168
0.354228
0.35836
0.359212
0.357044
0.365597
0.359929
0.360933
0.353037
0.358557
0.356032
0.356122
0.356041
0.364735
0.356895
0.364111
0.35867
0.361477
0.364812
0.364444
0.364614
0.361071
0.356889
0.363301
0.355752
0.356639
0.355524
0.365973
0.360169
0.37111
0.387848
0.359444
0.361458
0.384913
0.381596
0.377609
0.363704
0.373763
0.363284
0.354861
0.361956
0.355483
0.36235
0.370482
0.395454
0.401779
0.407943
0.423329
0.426459
0.39427
0.390068
0.405376
0.400187
0.412551
0.398561
0.398374
0.421722
0.420846
0.401286
0.38093
0.37891
0.377505
0.360392
0.369303
0.382679
0.384886
0.363522
0.393826
0.37512
0.431973
0.453581
0.398458
0.40994
0.363366
0.361536
0.374455
0.393196
0.390952
0.412995
0.405353
0.397737
0.3927
0.397553
0.391485
0.382953
0.38525
0.39723
0.386175
0.390864
0.400574
0.376455
0.369374
0.362452
0.373497
0.373796
0.356984
0.34588
0.375446
0.389861
0.398808
0.437353
0.368185
0.358977
0.371397
0.363568
0.377899
0.381586
0.370189
0.400459
0.405406
0.410779
0.431411
0.425743
0.452186
0.456635
0.425605
0.400613
0.405926
0.406934
0.37533
0.358993
0.360401
0.366499
0.369083
0.366826
0.376502
0.392878
0.388467
0.423985
0.395675
0.396091
0.373894
0.364001
0.367222
0.36817
0.365472
0.360923
0.363323
0.357167
0.355168
0.359296
0.360064
0.354274
0.351941
0.353308
0.353554
0.379586
0.380837
0.394417
0.382043
0.453648
0.471253
0.446789
0.406256
0.392799
0.398658
0.387861
0.387623
0.397752
0.387152
0.382713
0.396219
0.411272
0.412932
0.42942
0.397133
0.398933
0.397017
0.408084
0.416555
0.426328
0.417639
0.413307
0.416979
0.406647
0.408248
0.416883
0.402931
0.399582
0.407492
0.39037
0.384051
0.372544
0.379542
0.39044
0.392318
0.380929
0.391512
0.407916
0.389242
0.403415
0.389721
0.391134
0.379079
0.382704
0.38995
0.372241
0.366039
0.373254
0.364776
0.385674
0.368689
0.362201
0.361867
0.365
0.369345
0.374337
0.376322
0.384893
0.386815
0.382755
0.365665
0.366318
0.368337
0.370947
0.37386
0.388226
0.387187
0.388782
0.38482
0.398354
0.402122
0.433951
0.422869
0.442683
0.442725
0.417791
0.448431
0.405827
0.397892
0.450066
0.39992
0.371151
0.425146
0.487509
0.468856
0.568772
0.559067
0.512393
0.503888
0.405877
0.387625
0.394934
0.472198
0.358811
0.356403
0.362376
0.359234
0.384142
0.425388
0.433049
0.404064
0.402249
0.382392
0.400173
0.454189
0.398432
0.420143
0.411023
0.426048
0.398862
0.40948
0.416088
0.429478
0.378777
0.384939
0.376041
0.393423
0.398159
0.384208
0.396863
0.37733
0.374213
0.405016
0.394968
0.378056
0.380583
0.36686
0.379668
0.381522
0.389944
0.408404
0.380823
0.387804
0.373262
0.400584
0.39388
0.400431
0.378015
0.39919
0.396786
0.393693
