0.523609
0.485482
0.473211
0.482068
0.480134
0.474862
0.457825
0.455068
0.451184
0.411404
0.43567
0.402446
0.398315
0.361658
0.376935
0.362494
0.386219
0.400259
0.373602
0.360697
0.394076
0.417521
0.411972
0.441339
0.441645
0.415726
0.404305
0.391898
0.404734
0.409149
0.348313
0.351233
0.39095
0.463596
0.41616
0.394213
0.389741
0.431537
0.442536
0.413717
0.391727
0.415126
0.436508
0.432578
0.405747
0.41027
0.423235
0.436264
0.386087
0.397404
0.432334
0.369711
0.381883
0.399229
0.40442
0.435685
0.375576
0.37176
0.431696
0.405917
0.419256
0.42166
0.394161
0.412577
0.428637
0.418883
0.379452
0.360952
0.375484
0.373616
0.385102
0.364524
0.383855
0.401869
0.383065
0.358293
0.368817
0.359186
0.391408
0.403684
0.381072
0.377203
0.436666
0.393389
0.415449
0.45384
0.493811
0.386914
0.415589
0.458652
0.383614
0.381834
0.382315
0.39527
0.423514
0.440689
0.478345
0.4245
0.398576
0.398945
0.405552
0.368077
0.349362
0.357467
0.373075
0.37261
0.382413
0.377958
0.414667
0.465464
0.408216
0.413961
0.384226
0.377202
0.379624
0.387484
0.348435
0.382626
0.36822
0.384418
0.431153
0.382391
0.443215
0.491696
0.47527
0.392243
0.379676
0.400352
0.350845
0.369237
0.400281
0.38894
0.359817
0.348666
0.369786
0.387175
0.380663
0.388858
0.368889
0.360698
0.377174
0.366862
0.383864
0.352789
0.378206
0.366758
0.356446
0.352088
0.389176
0.384887
0.394273
0.370417
0.357725
0.374564
0.370885
0.361346
0.399809
0.407355
0.467343
0.412401
0.397192
0.381191
0.353092
0.349029
0.404952
0.390058
0.376056
0.391434
0.383859
0.393887
0.40101
0.40505
0.373187
0.361144
0.367103
0.373592
0.355036
0.366986
0.387459
0.372986
0.376197
0.378134
0.439977
0.433964
0.407972
0.420301
0.411532
0.411493
0.3641
0.415156
0.451908
0.479684
0.433525
0.409818
0.419753
0.403471
0.39706
0.434811
0.463483
0.444608
0.425718
0.380177
0.364538
0.359092
0.377721
0.366364
0.383556
0.3905
0.354759
0.36319
0.391736
0.399126
0.374983
0.367149
0.368434
0.381259
0.398771
0.376608
0.387632
0.404592
0.422539
0.405072
0.449606
0.506184
0.400552
0.359134
0.370436
0.406311
0.417169
0.403983
0.397414
0.430634
0.403528
0.413215
0.432079
0.473055
0.366796
0.354271
0.372828
0.378598
0.481831
0.401246
0.372386
0.367298
0.358883
0.380884
0.430594
0.399615
0.42584
0.383171
0.450635
0.468114
0.420155
0.434769
0.390394
0.419567
0.427142
0.407937
0.405045
0.408391
0.400168
0.389144
0.384156
0.387603
0.376603
0.374
0.362755
0.367693
0.407737
0.406851
0.37108
0.35078
0.374738
0.400023
0.408946
0.418979
0.412691
0.524777
0.40084
0.381909
0.368305
0.393643
0.367099
0.365887
0.418305
0.421817
0.398339
0.381673
0.397388
0.394807
0.42509
0.439936
0.42323
0.374408
0.410154
0.426176
0.41504
0.446859
0.501198
0.546957
0.429326
0.406061
0.4308
0.391031
0.400839
0.411555
0.416268
0.421942
0.354978
0.374709
0.375982
0.448626
0.417745
0.438736
0.405245
0.389774
0.419044
0.446568
0.412738
0.399551
0.415593
0.435027
0.450272
0.489583
0.496292
0.415513
0.419352
0.421671
0.363698
0.374387
0.40864
0.371341
0.420031
0.401652
0.487342
0.5034
0.455791
0.409541
0.383888
0.367451
0.390505
0.369684
0.371997
0.407741
0.447827
0.435224
0.425281
0.438764
0.448389
0.422172
0.395394
0.370964
0.380945
0.389443
0.382379
0.456161
0.456168
0.37206
0.394569
0.386706
0.367157
0.360195
0.351045
0.370719
0.406188
0.394228
0.417495
0.458299
0.451209
0.460416
0.446582
0.47952
0.413596
0.421649
0.410689
0.377387
0.396315
0.402759
0.404584
0.347826
0.358411
0.345467
0.356362
0.376289
0.35803
0.345546
0.358187
0.406381
0.3956
0.375685
0.46798
0.420585
0.377105
0.385447
0.392552
0.3513
0.366501
0.402859
0.397707
0.406446
0.416008
0.436465
0.418015
0.368579
0.409812
0.451053
0.454958
0.495861
0.419291
0.42522
0.411432
0.403373
0.433037
0.386739
0.393678
0.406934
0.435669
0.442376
0.450856
0.442012
0.429133
0.438963
0.408031
0.426147
0.529332
0.439323
0.448995
0.439768
0.452482
0.441286
0.426221
0.398715
0.422848
0.442118
0.416716
0.442013
0.524503
0.490258
0.468816
0.415588
0.473954
0.439571
0.447909
0.468016
0.470688
0.447804
0.405187
0.420187
0.439226
0.419959
0.523891
0.394364
0.412609
0.415513
0.367826
0.387886
0.381964
0.403185
0.419985
0.397185
0.39928
0.352166
0.378307
0.445442
0.549431
0.49198
0.502679
0.437912
0.467289
0.489221
0.484061
0.489094
0.478075
0.453962
0.391993
0.387258
0.423167
0.450101
0.442391
0.450695
0.460534
0.434266
0.504127
0.378991
0.350083
0.374107
0.419325
0.427356
0.503244
0.477963
0.472161
0.456256
0.476033
0.491466
0.505154
0.428355
0.407427
0.399377
0.40779
0.386599
0.371285
0.367558
0.418863
0.410177
0.429443
0.396246
0.426154
0.394409
0.368446
0.362845
0.359681
0.366457
0.394052
0.389163
0.388365
0.389922
0.392357
0.373094
0.405498
0.399297
0.377101
0.394696
0.445293
0.409774
0.404119
0.38666
0.395878
