0.459614
0.611394
0.596121
0.530284
0.556035
0.585066
0.602378
0.573597
0.569015
0.57041
0.6016
0.520551
0.488796
0.470791
0.498482
0.46319
0.422528
0.480129
0.475943
0.515249
0.558496
0.553738
0.491028
0.453855
0.459684
0.502665
0.501415
0.437806
0.459599
0.454443
0.403488
0.480385
0.499175
0.513267
0.501771
0.482687
0.43164
0.453657
0.529662
0.510519
0.461154
0.511683
0.526596
0.513475
0.486733
0.437883
0.463924
0.464392
0.434234
0.429846
0.419641
0.437604
0.472397
0.509319
0.475576
0.483881
0.491229
0.506168
0.495258
0.481193
0.500009
0.497903
0.509646
0.519765
0.486281
0.498401
0.479672
0.50489
0.511118
0.462863
0.477567
0.483697
0.436178
0.483144
0.488543
0.474941
0.386246
0.475576
0.491948
0.488764
0.49773
0.508699
0.48171
0.514871
0.447938
0.442365
0.494048
0.471433
0.473465
0.477472
0.44555
0.445625
0.517343
0.454721
0.475617
0.492955
0.488713
0.48696
0.476134
0.486879
0.496735
0.485842
0.509412
0.461006
0.428929
0.448508
0.472649
0.462753
0.440987
0.495694
0.481286
0.471354
0.475745
0.480587
0.488699
0.479422
0.466937
0.450908
0.515285
0.461281
0.47367
0.475285
0.469901
0.469886
0.470811
0.459231
0.447948
0.456359
0.448474
0.428152
0.462888
0.443514
0.423399
0.406941
0.453594
0.408193
0.487595
0.492235
0.489407
0.495647
0.461891
0.472815
0.484896
0.478302
0.469948
0.434637
0.449041
0.448939
0.426695
0.454148
0.48098
0.454217
0.4263
0.42219
0.484079
0.443833
0.435636
0.513745
0.477156
0.410729
0.412844
0.40391
0.443587
0.464308
0.470776
0.503611
0.444821
0.489977
0.457566
0.471703
0.482503
0.420291
0.431106
0.442424
0.415058
0.428231
0.484684
0.489129
0.420475
0.430767
0.447987
0.471931
0.488577
0.431177
0.383841
0.442735
0.401397
0.382951
0.374274
0.369757
0.374982
0.419537
0.413808
0.383264
0.388014
0.424741
0.404068
0.395803
0.431637
0.411512
0.415106
0.440015
0.438463
0.488927
0.499204
0.459532
0.433148
0.503893
0.497424
0.485452
0.468134
0.407684
0.419192
0.399816
0.389339
0.396117
0.427137
0.386899
0.42091
0.407587
0.404676
0.396703
0.414961
0.414387
0.415013
0.416613
0.425452
0.401977
0.407202
0.385994
0.386142
0.3748
0.380419
0.399785
0.407515
0.388922
0.408075
0.401365
0.419786
0.450087
0.366825
0.386912
0.400827
0.399144
0.402539
0.415734
0.405124
0.411168
0.39982
0.407711
0.425905
0.398149
0.37964
0.365404
0.374635
0.391449
0.377927
0.367962
0.396177
0.418946
0.423381
0.399392
0.407294
0.384343
0.367993
0.378977
0.370464
0.366696
0.348254
0.356976
0.365673
0.394612
0.375301
0.378264
0.369224
0.361435
0.355771
0.341897
0.343098
0.34827
0.354168
0.351603
0.349164
0.351183
0.356066
0.350416
0.354175
0.371777
0.372941
0.375648
0.373724
0.374934
0.37935
0.400037
0.382645
0.379565
0.386253
0.380025
0.38178
0.396577
0.392265
0.389673
0.379026
0.367154
0.355538
0.355033
0.35902
0.35501
0.357404
0.355985
0.346762
0.34766
0.354832
0.361708
0.376508
0.379064
0.351406
0.374781
0.365946
0.355303
0.368781
0.364747
0.388821
0.36936
0.361341
0.391778
0.388505
0.413955
0.3924
0.399777
0.393593
0.363996
0.372929
0.382414
0.380625
0.388594
0.409679
0.399838
0.386777
0.374489
0.373504
0.372458
0.3744
0.395857
0.383159
0.394095
0.407152
0.39423
0.392716
0.375961
0.40103
0.386574
0.397916
0.400126
0.420729
0.407851
0.379449
0.403058
0.393332
0.397129
0.379008
0.410034
0.434429
0.436271
0.396446
0.405368
0.426341
0.410228
0.387817
0.384235
0.367941
0.367209
0.369293
0.381667
0.36711
0.371487
0.357314
0.344946
0.343743
0.356942
0.360395
0.363717
0.370711
0.372541
0.366608
0.380551
0.388431
0.379077
0.390271
0.384867
0.370631
0.380012
0.398216
0.35974
0.350991
0.35049
0.342831
0.351476
0.342298
0.345928
0.352773
0.345929
0.355648
0.356149
0.345958
0.34504
0.337968
0.342733
0.344816
0.348562
0.351835
0.359261
0.356831
0.369823
0.372022
0.385791
0.375513
0.402028
0.395679
0.406257
0.422369
0.471233
0.439594
0.47999
0.475473
0.467459
0.476688
0.394923
0.380037
0.410753
0.411727
0.448268
0.449075
0.426989
0.408071
0.470854
0.429371
0.401342
0.372798
0.397996
0.450725
0.409523
0.402551
0.372942
0.406189
0.42249
0.430081
0.402974
0.409952
0.427077
0.448156
0.433938
0.422432
0.379499
0.436343
0.383329
0.380982
0.369961
0.369402
0.408338
0.397929
0.421724
0.435016
0.408172
0.400323
0.412666
0.41432
0.420526
0.440894
0.415889
0.393733
0.425346
0.425303
0.409206
0.421589
0.433262
0.448927
0.457903
0.411036
0.461182
0.480115
0.451292
0.458413
0.42376
0.403718
0.419354
0.412906
0.396314
0.442547
0.481762
0.469573
0.453922
0.469817
0.459865
0.481244
0.532952
0.480021
0.433785
0.455491
0.504905
0.50001
0.514495
0.5105
0.448629
0.42504
0.398391
0.413599
0.445232
0.376121
0.367926
0.377157
0.406674
0.373437
0.39882
0.471307
0.469738
0.427956
0.421136
0.454576
0.476119
0.456393
0.386398
0.433181
0.428037
0.407101
0.39875
0.379756
0.378818
0.375963
0.373567
0.367726
0.37978
0.416936
0.409699
0.41536
0.434143
0.412259
0.424673
0.426642
0.391392
0.375617
0.411527
0.422621
0.41729
0.440375
0.389219
0.422942
0.411819
0.397852
0.39264
0.380593
0.374288
0.397104
0.361847
0.38249
0.375229
0.38717
0.371775
0.395094
0.403375
0.414479
0.378961
0.365599
0.386711
0.391187
0.382888
0.392485
0.398308
0.397954
0.404116
0.374
0.369514
0.394289
0.428711
0.420953
0.438308
0.432924
0.365126
0.388033
0.391473
0.412632
0.410329
0.41062
0.385834
0.42582
0.386766
0.385789
0.423154
0.396335
0.427498
0.397137
0.402283
0.406587
0.451098
0.378473
0.390108
0.432449
0.450789
0.444496
0.434588
0.399549
0.426687
0.421395
0.431589
0.392928
0.428548
0.408148
0.40688
0.398238
0.404995
0.400032
0.398527
0.395329
0.376796
0.390693
0.371647
0.35462
0.374791
0.366149
0.367532
0.364084
0.352906
0.365909
0.356212
0.344999
0.344492
0.33625
0.346011
0.341113
0.340968
0.332465
0.345192
0.336068
0.332345
0.337214
0.341771
0.337793
0.344788
0.342935
0.347435
0.343023
0.346607
0.369317
0.379523
0.367854
0.37458
0.362706
0.356773
0.351365
0.349721
0.336858
0.342325
0.341313
0.336989
0.343558
0.346109
0.351466
0.338383
0.347807
0.359997
0.354513
0.36097
0.357127
0.383859
0.363586
0.361449
0.35568
0.350217
0.36012
0.362311
0.370884
0.417114
0.4152
0.404644
0.398223
0.512824
0.501187
0.492293
0.464074
0.48954
0.478352
0.427082
0.448928
0.474859
0.463487
0.482937
0.436686
0.473237
0.477275
0.475018
0.453382
0.479217
0.47636
0.495695
0.444793
0.432685
0.473294
0.455595
0.407241
0.382925
0.397054
0.440003
0.475709
0.413142
0.404634
0.397022
0.406093
0.424127
0.448683
0.398763
0.399025
0.420413
0.434008
0.396829
0.404308
0.439676
0.431982
0.404802
0.425048
0.443935
0.432377
0.425394
0.387273
0.422146
0.415965
0.407665
0.413727
0.410923
0.392797
0.376715
0.362545
0.370936
0.376245
0.357671
0.357149
0.365496
0.373536
0.392528
0.385955
0.368185
0.358328
0.384544
0.384651
0.396699
0.380221
0.362975
0.370416
0.388801
0.396281
0.392483
0.400554
0.387583
0.432129
0.383174
0.383786
0.379115
0.408948
0.404294
0.404661
0.410157
0.380316
0.456762
0.442608
0.460655
0.418872
0.422576
0.435613
0.433189
0.36772
0.386316
0.416269
0.484119
0.458399
0.44154
0.483446
0.460278
0.388888
0.405587
0.422416
0.502403
0.519711
0.523055
0.473748
0.447546
0.444729
0.442157
0.424855
0.433123
0.465938
0.437743
0.445351
0.432042
0.447416
0.39509
0.423873
0.415291
0.422342
0.417012
0.409937
0.426279
0.398707
0.402673
0.398665
0.409186
0.429979
0.430156
0.454864
0.455589
0.412596
0.443144
0.389147
0.46046
0.416058
0.422454
0.417816
0.424474
0.373974
0.377323
0.395056
0.382211
0.376673
0.358472
0.359394
0.365011
0.378411
0.37847
0.401812
0.409106
0.382816
0.412779
0.387144
0.395923
0.399747
0.383431
0.414751
0.419478
0.401416
0.397884
0.41684
0.375081
0.388684
0.383746
0.426626
0.435206
0.39817
0.444083
0.430632
0.44947
0.446696
0.422243
0.406457
0.391235
0.43683
0.423966
0.426978
0.447942
0.382597
0.386658
0.370884
0.378783
0.433977
0.418088
0.445602
0.44716
0.451102
0.428545
0.469184
0.502086
0.464328
0.424032
0.413757
0.487082
0.451501
0.485571
0.471855
0.46374
0.425788
0.382149
0.374616
0.378114
0.383599
0.391356
0.415767
0.417575
0.396465
0.392405
0.395031
0.421251
0.430644
0.41015
0.390452
0.409872
0.418874
0.446168
0.488678
0.396859
0.440339
0.457241
0.440976
0.452806
0.503389
0.518985
0.451953
0.486974
0.440128
0.418605
0.470288
0.447901
0.414471
0.393729
0.412391
0.392483
0.359806
0.350695
0.359951
0.349357
0.355398
0.379846
0.396975
0.397731
0.409619
0.376226
0.4541
0.457178
0.442705
0.415098
0.413232
0.376958
0.386891
0.377521
0.399139
0.405201
0.386975
0.390898
0.381862
0.388266
0.406349
0.403326
0.44862
0.440873
0.439013
0.502531
0.399494
0.396951
0.409788
0.378533
0.372338
0.363214
0.365917
0.375915
0.389635
0.426738
0.454595
0.504877
0.394504
0.44012
0.411794
0.368323
0.465525
0.486157
0.476595
0.416751
0.437489
0.435161
0.453697
0.503542
0.46245
0.505297
0.475222
0.43232
0.387465
0.393449
0.477589
0.460795
0.430857
0.438727
0.438636
0.423053
0.42338
0.443624
0.423856
0.422736
0.449753
0.452272
0.41267
0.392282
0.394082
0.408726
0.385961
0.393945
0.420584
0.397834
0.406266
0.401409
0.391958
0.375973
0.375085
0.36725
0.348166
0.349822
0.363824
0.360235
0.372365
0.38688
0.401465
0.40811
0.389049
0.395048
0.395772
0.421925
0.405512
0.412279
0.430999
0.433353
0.396294
0.38057
0.40879
0.391461
0.389682
0.377792
0.356827
0.351816
0.34808
0.361618
0.374367
0.41718
0.458874
0.401015
0.433198
0.462967
0.50562
0.43926
0.385211
0.400002
0.422344
0.383691
0.379299
0.447356
0.44896
0.411787
0.400575
0.449197
0.436372
0.443658
0.415262
0.452478
0.474241
0.44488
0.464147
0.411914
0.400533
0.393933
0.411322
0.411229
0.386337
0.369221
0.365884
0.367432
0.350951
0.366556
0.358709
0.352232
0.361001
0.355935
0.342534
0.357095
0.346093
0.362301
0.369394
0.362237
0.365387
0.38635
0.391983
0.40322
0.395147
0.410408
0.417822
0.398545
0.410035
0.387566
0.399857
0.380771
0.399085
0.36627
0.361468
0.357489
0.354732
0.354669
0.354097
0.354477
0.363822
0.371763
0.373132
0.383095
0.37404
0.372486
0.392206
0.40653
0.427022
0.438526
0.425846
0.407127
0.381539
0.431986
0.425597
0.40916
0.446071
0.411824
0.370484
0.37423
0.372202
0.381202
0.379115
0.392318
0.431466
0.416735
0.442175
0.440807
0.432015
0.434729
0.40968
0.400833
0.394862
0.386139
0.380344
0.372139
0.376436
0.39723
0.410932
0.38629
0.391244
0.399686
0.409182
0.418339
0.41838
0.421394
0.429524
0.44687
0.438951
0.435218
0.470295
0.430622
0.430261
0.485355
0.444537
0.428176
0.362003
0.374198
0.483515
0.47577
0.387453
0.429544
0.458191
0.457128
0.477006
0.441119
0.414882
0.391683
0.406773
0.385513
0.359221
0.365138
0.358777
0.358563
0.35201
0.34537
0.347671
0.357202
0.34918
0.339001
0.352585
0.36969
0.400419
0.382025
0.369805
0.384407
0.401797
0.39549
0.379858
0.363334
0.35786
0.351155
0.36104
0.356626
0.352856
0.347537
0.346255
0.356838
0.361668
0.348112
0.352095
0.372726
0.39098
0.3918
0.3843
0.444689
0.458122
0.480312
0.495512
0.456307
0.438115
0.410344
0.416608
0.421437
0.424667
0.434177
0.418674
0.400186
0.405573
0.425936
0.406242
0.463702
0.465928
0.411322
0.484278
0.463457
0.480145
0.501333
0.406421
0.426694
0.418022
0.421529
0.443208
0.451879
0.383476
0.402143
0.435114
0.405216
0.418676
0.431672
0.443868
0.452438
0.446753
0.438441
0.431629
0.41469
0.422837
0.401284
0.396925
0.391659
0.373241
0.363163
0.353845
0.358384
0.357356
0.388498
0.409482
0.425617
0.42425
0.431191
0.43636
0.439547
0.440996
0.423198
0.402312
0.390257
0.386766
0.377333
0.387827
0.377488
0.410691
0.408478
0.432562
0.465073
0.495766
0.437296
0.423454
0.42831
0.441527
0.433338
0.42683
0.410363
0.448166
0.426768
0.45075
0.440117
0.40822
0.401557
0.383823
0.379074
0.378134
0.369379
0.362599
0.3527
0.354907
0.373474
0.356692
0.364063
0.36126
0.373783
0.373127
0.401588
0.413976
0.412599
0.402835
0.425703
0.45204
0.469412
0.445776
0.432411
0.378966
0.418689
0.515025
0.501674
0.510686
0.491592
0.415592
0.43275
0.445303
0.423326
0.385624
0.375599
0.358017
0.349999
0.35603
0.366911
0.371028
0.389197
0.391343
0.3894
0.376423
0.356084
0.365442
0.377236
0.364544
0.382525
0.388613
0.46147
0.491277
0.431555
0.471009
0.459279
0.435877
0.48661
0.490752
0.43813
0.403469
0.412704
0.415399
0.459353
0.451096
0.452658
0.473647
0.42868
0.445347
0.389502
0.39904
0.425813
0.409939
0.391488
0.385307
0.401956
0.408694
0.424739
0.419686
0.439784
0.419302
0.391656
0.394017
0.377935
0.415305
0.420491
0.424989
0.4048
0.384362
0.380551
0.373434
0.373148
0.376297
0.378494
0.369705
0.382156
0.383255
0.354254
0.362374
0.359564
0.36032
0.355597
0.343855
0.344105
0.346023
0.352248
0.351579
0.357803
0.343252
0.344412
0.363648
0.360842
0.369635
0.363433
0.358032
0.375101
0.384437
0.365628
0.387659
0.371298
0.365931
0.360081
0.355506
0.355623
0.352485
0.349705
0.357311
0.354422
0.36804
0.373885
0.385817
0.388711
0.356735
0.367099
0.389197
0.388273
0.421089
0.398525
0.391264
0.376121
0.373905
0.379308
0.385411
0.383362
0.385133
0.400068
0.38824
0.393691
0.416248
0.402175
0.397961
0.384712
0.37005
0.376089
0.371459
0.362306
0.350314
0.350743
0.362095
0.349699
0.338504
0.34632
0.337426
0.353752
0.36166
0.398223
0.369795
0.357175
0.368394
0.380436
0.379784
0.408461
0.386595
0.380819
0.409536
0.427096
0.422434
0.359687
0.380433
0.391069
0.401398
0.39051
0.380146
0.388553
0.371179
0.371243
0.348773
0.380553
0.364183
0.355833
0.346105
0.359052
0.353972
0.365001
0.359869
0.364839
0.359701
0.370406
0.364016
0.363442
0.356658
0.365697
0.375413
0.359729
0.348032
0.355883
0.36216
0.360672
0.366651
0.366822
0.391747
0.400383
0.399279
0.388512
0.394251
0.392797
0.392653
0.393627
0.391277
0.388124
0.400504
0.415629
0.426229
0.383717
0.395323
0.400001
0.402756
0.431024
0.426026
0.410796
0.403069
0.394126
0.419314
0.403855
0.415592
0.382075
0.408272
0.432595
0.377047
0.374748
0.391982
0.398726
0.383763
0.437783
0.390752
0.39536
0.393246
0.401937
0.377499
0.400357
0.386193
0.392743
0.396027
0.369103
0.381634
0.377266
0.367044
0.374643
0.366292
0.360055
0.363488
0.362371
0.356491
0.361556
0.366824
0.380875
0.367131
0.365369
0.37167
0.374392
0.380212
0.372304
0.363728
0.362918
0.349951
0.334668
0.344313
0.338786
0.340325
0.348671
0.34216
0.349357
0.353804
0.366744
0.369365
0.381567
0.357719
0.340506
0.357363
0.360256
0.361641
0.357254
0.344745
0.355431
0.350809
0.373927
0.378378
0.36957
0.382738
0.3999
0.395506
0.387058
0.391188
0.400137
0.387486
0.375038
0.354248
0.354218
0.341015
0.343049
0.334272
0.345214
0.336862
0.338926
0.346182
0.336732
0.338595
0.353307
0.364145
0.398401
0.36502
0.378943
0.394541
0.390307
0.374624
0.394367
0.413906
0.416305
0.379255
0.377863
0.375819
0.354744
0.355203
0.369525
0.391481
0.392293
0.393254
0.400212
0.399744
0.404095
0.417291
0.422179
0.4021
0.388975
0.426913
0.43934
0.42547
0.403694
0.394825
0.387528
0.399149
0.415854
0.408086
0.403556
0.397587
0.375741
0.370641
0.36798
0.382993
0.433705
0.434225
0.424207
0.398108
0.383577
0.399316
0.410194
0.404104
0.428185
0.415326
0.417387
0.380204
0.366612
0.367696
0.36649
0.359717
0.368742
0.374297
0.3729
0.369218
0.363782
0.35364
0.362542
0.354966
0.350686
0.344425
0.336617
0.352136
0.376068
0.356964
0.360269
0.363298
0.360376
0.355241
0.355768
0.376091
0.380713
0.376377
0.402992
0.383673
0.406661
0.414145
0.440107
0.461456
0.448681
0.416018
0.410275
0.420726
0.500857
0.473382
0.499242
0.433617
0.473013
0.487644
0.505795
0.518553
0.423956
0.41414
0.384706
0.384494
0.381015
0.382998
0.389505
0.388256
0.388687
0.389371
0.411972
0.4026
0.411145
0.398395
0.38085
0.402264
0.424921
0.418232
0.405007
0.404136
0.392616
0.373331
0.371527
0.380643
0.359053
0.367926
0.379947
0.399848
0.406161
0.400699
0.402415
0.41885
0.400235
0.376439
0.373316
0.377426
0.379698
0.393958
0.408906
0.405414
0.41881
0.416301
0.401796
0.441092
0.470766
0.430275
0.494675
0.484865
0.424914
0.460681
0.518188
0.433263
0.477658
0.469615
0.418134
0.44055
0.425099
0.434073
0.450199
0.437782
0.471028
0.442969
0.480643
0.462223
0.479767
0.44355
0.460392
0.450646
0.433723
0.444975
0.495705
0.458273
0.491919
0.480795
0.469071
0.46995
0.520665
0.500437
0.502126
0.475695
0.4852
0.534618
0.560689
0.543844
0.489243
0.486752
0.534997
0.485672
0.379152
0.368502
0.355239
0.373808
0.365667
0.359314
0.366912
0.370992
0.372601
0.371677
0.384343
0.393226
0.400925
0.380523
0.401936
0.391287
0.392602
0.410821
0.432922
0.434157
0.422882
0.392775
0.3884
0.378401
0.369796
0.369801
0.376452
0.369593
0.372493
0.387481
0.390023
0.392538
0.400052
0.449805
0.429576
0.454817
0.426045
0.450721
0.499566
0.460282
0.497851
0.48472
0.468305
0.474145
0.424752
0.450155
0.443311
0.411368
0.40739
0.44432
0.514537
0.526533
0.509975
0.523027
0.465206
0.42775
0.511434
0.475235
0.464391
0.427284
0.453726
0.40113
0.395497
0.433583
0.43005
0.398513
0.391961
0.401592
0.356178
0.379998
0.394172
0.377485
0.36466
0.376223
0.368659
0.363377
0.366182
0.381509
0.40611
0.383653
0.37506
0.367608
0.35857
0.368106
0.367427
0.367486
0.361744
0.354981
0.368962
0.376418
0.39281
0.377671
0.399952
0.424709
0.406406
0.382806
0.377138
0.377893
0.376026
0.395454
0.395674
0.381924
0.381819
0.376975
0.388721
0.378463
0.383619
0.386147
0.41991
0.383455
0.375163
0.356927
0.387657
0.370644
0.369561
0.366013
0.363848
0.36022
0.377751
0.373972
0.389607
0.389245
0.402112
0.390712
0.407581
0.420299
0.431455
0.429065
0.43558
0.441195
0.411245
0.395599
0.376766
0.410855
0.393418
0.381562
0.368103
0.359228
0.3565
0.360027
0.368403
0.36572
0.376549
0.395801
0.42254
0.406421
0.405287
0.446332
0.436985
0.476446
0.428216
0.469357
0.410961
0.447697
0.433874
0.398595
0.38674
0.411564
0.414286
0.422083
0.411107
0.420271
0.399047
0.3856
0.408753
0.447946
0.44294
0.46274
0.438244
0.436312
0.405438
0.41743
0.431909
0.409356
0.429791
0.417691
0.457034
0.45246
0.431145
0.446139
0.439383
0.416821
0.445482
0.459801
0.500074
0.441522
0.482757
0.436382
0.435676
0.463641
0.516729
0.48478
0.484375
0.489923
0.475005
0.520171
0.468434
0.569211
0.554385
0.415052
0.386566
0.431456
0.443309
0.45134
0.535003
0.528715
0.4824
0.471501
0.449722
0.460791
0.427627
0.450606
0.431414
0.419305
0.425595
0.423194
0.405472
0.412104
0.441695
0.403123
0.385961
0.405945
0.402408
0.424997
0.448359
0.386459
0.414964
0.426695
0.463933
0.443499
0.44848
0.384654
0.386861
0.406441
0.415096
0.394461
0.385986
0.382308
0.386035
0.383859
0.39331
0.412109
0.408167
0.39808
0.404177
0.408581
0.397671
0.391409
0.385386
0.390475
0.396949
0.415592
0.409535
0.409411
0.398855
0.394625
0.404085
0.389981
0.405554
0.419272
0.427277
0.4127
0.392659
0.390232
0.386481
0.390266
0.38028
0.380784
0.382363
0.390184
0.397181
0.410871
0.410491
0.396119
0.382332
0.374885
0.367045
0.37434
0.39946
0.411367
0.417485
0.41766
0.443195
0.465654
0.432501
0.431068
0.42037
0.421058
0.412346
0.399307
0.378647
0.370808
0.373635
0.363988
0.369346
0.410039
0.460614
0.385522
0.3513
0.358125
0.361805
0.352403
0.358745
0.363604
0.354405
0.362566
0.362094
0.367147
0.36737
0.352896
0.353637
0.348283
0.342746
0.35607
0.344718
0.34897
0.345584
0.353687
0.354029
0.364222
0.35716
0.367294
0.357734
0.35306
0.356706
0.333581
0.333695
0.349113
0.336823
0.340544
0.343343
0.340737
0.353002
0.352308
0.33814
0.340252
0.3409
0.344743
0.349882
0.350867
0.357675
0.36416
0.356412
0.361856
0.359143
0.370235
0.368246
0.350309
0.354877
0.349547
0.347298
0.348823
0.361149
0.364001
0.375065
0.376498
0.365372
0.357531
0.348843
0.342253
0.336902
0.352155
0.343125
0.345219
0.351517
0.360079
0.352006
0.355574
0.353029
0.360352
0.372985
0.373293
0.374192
0.391673
0.376702
0.366779
0.377024
0.388532
0.386446
0.395009
0.397721
0.371641
0.376929
0.373308
0.411823
0.404829
0.381425
0.365909
0.366811
0.359504
0.350186
0.349563
0.348335
0.337502
0.349571
0.351083
0.353655
0.352921
0.355384
0.355402
0.363162
0.362188
0.370976
0.366202
0.361094
0.368998
0.3843
0.384175
0.369725
0.403239
0.389244
0.388845
0.369417
0.377204
0.393306
0.406746
0.375726
0.356035
0.351779
0.357911
0.365268
0.376639
0.367956
0.379143
0.392776
0.396384
0.379142
0.382044
0.398536
0.389886
0.420355
0.391657
0.398536
0.396376
0.403942
0.371227
0.356326
0.34414
0.378012
0.384334
0.389287
0.373462
0.371692
0.372318
0.366165
0.37373
0.367113
0.369698
0.368847
0.35794
0.361595
0.386893
0.390402
0.396855
0.417525
0.420339
0.383216
0.404745
0.416692
0.403202
0.371973
0.362237
0.377504
0.406303
0.38613
0.404764
0.396328
0.409753
0.448388
0.444684
0.475496
0.455731
0.408015
0.428246
0.423383
0.446924
0.446324
0.412241
0.408937
0.444749
0.466104
0.461131
0.48616
0.451373
0.531384
0.467521
0.492947
0.477343
0.434823
0.474494
0.512355
0.4677
0.490051
0.485182
0.503954
0.398475
0.470845
0.386942
0.387862
0.382717
0.382565
0.395367
0.396675
0.382452
0.392219
0.387682
0.378632
0.394183
0.39534
0.433832
0.419508
0.467962
0.412562
0.435095
0.448316
0.449755
0.43393
0.405554
0.414591
0.393793
0.418575
0.383781
0.413619
0.411263
0.393035
0.38713
0.403795
0.417599
0.426966
0.422944
0.424568
0.430833
0.428656
0.424361
0.41474
0.428756
0.420732
0.416554
0.409398
0.425973
0.437417
0.402229
0.432274
0.39371
0.384136
0.38289
0.393712
0.409507
0.40454
0.385535
0.387352
0.371932
0.358292
0.349186
0.354911
0.345875
0.34566
0.353481
0.352564
0.362589
0.376845
0.354373
0.348849
0.350497
0.381544
0.356202
0.358297
0.353853
0.356359
0.368103
0.386406
0.3929
0.401705
0.404245
0.377939
0.398166
0.382454
0.413009
0.407685
0.399665
0.3787
0.367651
0.366169
0.360053
0.36393
0.370489
0.387625
0.396577
0.369555
0.370318
0.374319
0.381304
0.361175
0.365707
0.379989
0.384166
0.393331
0.405856
0.402643
0.404332
0.397207
0.384729
0.393459
0.392258
0.387571
0.386005
0.373278
0.353728
0.376028
0.409583
0.389694
0.379104
0.389518
0.409502
0.430578
0.379194
0.383453
0.381485
0.385184
0.382759
0.3659
0.366092
0.348021
0.347956
0.359461
0.339941
0.342495
0.345516
0.346332
0.351143
0.349874
0.352065
0.344168
0.331386
0.346545
0.350739
0.347749
0.356262
0.337972
0.345188
0.350635
0.359937
0.362999
0.368561
0.362844
0.370531
0.373005
0.356185
0.362179
0.355963
0.368311
0.383577
0.405268
0.397413
0.410168
0.422187
0.404293
0.393821
0.391219
0.399264
0.392114
0.399419
0.398751
0.408115
0.381931
0.365962
0.367636
0.356508
0.348845
0.353139
0.366616
0.351915
0.357507
0.352906
0.347195
0.347541
0.364948
0.349358
0.356488
0.373814
0.392362
0.397071
0.421505
0.403444
0.380449
0.356603
0.372082
0.381575
0.379937
0.389639
0.402132
0.41783
0.382686
0.375135
0.370083
0.370852
0.386278
0.374564
0.365897
0.391204
0.402598
0.380663
0.376527
0.393508
0.386484
0.434137
0.431425
0.434054
0.450755
0.491841
0.494622
0.481883
0.393526
0.400558
0.422932
0.426943
0.42548
0.445442
0.429122
0.436793
0.435854
0.428005
0.398747
0.421543
0.419554
0.413308
0.378944
0.38386
0.399607
0.389187
0.370979
0.372093
0.383547
0.377316
0.373173
0.36265
0.367834
0.375092
0.369924
0.365216
0.366029
0.369602
0.378322
0.407313
0.389903
0.392208
0.382216
0.446401
0.46104
0.454701
0.464465
0.461489
0.484998
0.412905
0.477609
0.491127
0.483339
0.435543
0.441371
0.447703
0.381552
0.477562
0.443693
0.429171
0.402641
0.426678
0.542187
0.579586
0.512374
0.570783
0.574213
0.492039
0.483174
0.498593
0.493133
0.467895
0.488118
0.552557
0.553852
0.465695
0.469582
0.434878
0.470307
0.431731
0.426963
0.447719
0.484485
0.492297
0.528075
0.505196
0.469381
0.512657
0.537604
0.534797
0.478926
0.550212
0.519031
0.505673
0.44604
0.46278
0.472957
0.428917
0.416821
0.394863
0.39475
0.407585
0.386484
0.371844
0.365597
0.370323
0.373251
0.382928
0.400311
0.382039
0.408251
0.40436
0.38384
0.382776
0.393484
0.384631
0.396784
0.405461
0.399987
0.428214
0.406456
0.404291
0.401958
0.4063
0.399673
0.431006
0.42064
0.366019
0.383852
0.38298
0.36837
0.364455
0.356659
0.361001
0.371046
0.364991
0.36108
0.369393
0.384272
0.380775
0.375161
0.372917
0.374037
0.379853
0.382461
0.396651
0.386743
0.370189
0.360862
0.371585
0.388358
0.403282
0.409958
0.415844
0.431435
0.423644
0.413248
0.450431
0.440777
0.440998
0.407899
0.382673
0.385761
0.406258
0.381465
0.354921
0.35379
0.3558
0.357245
0.355433
0.352493
0.344686
0.33855
0.344512
0.346334
0.351426
0.345134
0.367103
0.352318
0.36121
0.352525
0.343946
0.354798
0.35263
0.337911
0.35008
0.347512
0.351348
0.347557
0.347721
0.343691
0.348355
0.339378
0.346245
0.34046
0.352023
0.338431
0.355425
0.354638
0.366687
0.363932
0.367133
0.371683
0.38415
0.409021
0.419185
0.427702
0.424578
0.413858
0.419936
0.396382
0.395003
0.422682
0.417649
0.425649
0.437385
0.435116
0.4285
0.410943
0.415538
0.40403
0.411443
0.389155
0.423898
0.381207
0.377617
0.368163
0.358732
0.35469
0.35468
0.358963
0.354037
0.362181
0.363842
0.359244
0.349518
0.355785
0.350529
0.34455
0.35867
0.364499
0.363477
0.362248
0.373357
0.382896
0.3798
0.401807
0.38964
0.372889
0.405159
0.421008
0.394884
0.405143
0.418467
0.410299
0.390975
0.395966
0.410156
0.404958
0.43294
0.410232
0.402719
0.398784
0.405036
0.384003
0.381975
0.398409
0.405076
0.412493
0.445083
0.424828
0.404717
0.381949
0.36458
0.358933
0.366923
0.349571
0.335029
0.35021
0.3486
0.345842
0.349953
0.341683
0.349376
0.356301
0.35299
0.357947
0.34643
0.359583
0.349633
0.362745
0.361972
0.340896
0.349487
0.348564
0.345441
0.331599
0.343194
0.344533
0.345753
0.351967
0.350242
0.340321
0.336943
0.351765
0.346838
0.345217
0.348332
0.358311
0.367175
0.38772
0.370129
0.367415
0.364648
0.375141
0.358407
0.351749
0.353131
0.359303
0.353743
0.340639
0.374727
0.385837
0.411605
0.391745
0.367505
0.376772
0.359685
0.366609
0.358842
0.375877
0.389591
0.372159
0.369494
0.37601
0.376993
0.363707
0.371732
0.381382
0.397626
0.395839
0.393249
0.411365
0.398885
0.403355
0.412459
0.417698
0.409579
0.429838
0.404507
0.376497
0.391529
0.399472
0.402877
0.36617
0.365983
0.360413
0.361713
0.35209
0.380994
0.368882
0.351921
0.360976
0.374294
0.392764
0.386561
0.394096
0.392677
0.421392
0.432859
0.39429
0.418589
0.412209
0.383393
0.376563
0.379052
0.395477
0.372689
0.375628
0.370541
0.371506
0.369171
0.365528
0.370216
0.378999
0.383669
0.412492
0.395415
0.389774
0.389523
0.40231
0.410412
0.397539
0.382612
0.385184
0.382411
0.368618
0.355711
0.36253
0.354469
0.351234
0.347508
0.356622
0.348953
0.350525
0.354069
0.362856
0.346668
0.341269
0.342171
0.345838
0.347182
0.365511
0.370681
0.376957
0.377486
0.378319
0.366586
0.383077
0.362663
0.367142
0.357529
0.349528
0.356658
0.348579
0.356977
0.360126
0.354519
0.353647
0.364431
0.369314
0.408295
0.396477
0.397664
0.382565
0.378636
0.388176
0.385957
0.374583
0.358409
0.365476
0.363238
0.365312
0.373957
0.355101
0.36474
0.387144
0.38369
0.386756
0.369222
0.372391
0.364302
0.356859
0.345758
0.3509
0.363524
0.366614
0.3687
0.37534
0.362483
0.377395
0.357929
0.369782
0.358632
0.360922
0.35997
0.374814
0.393623
0.398447
0.399767
0.402516
0.398579
0.372986
0.374026
0.399422
0.395286
0.392921
0.40874
0.39734
0.370979
0.356799
0.357378
0.351119
0.354607
0.37726
0.395458
0.397024
0.400135
0.366705
0.374358
0.362908
0.362618
0.367903
0.360524
0.363215
0.350934
0.346293
0.341901
0.337174
0.343234
0.340819
0.346462
0.348449
0.33835
0.346779
0.339995
0.352646
0.362996
0.364725
0.389726
0.3939
0.38264
0.391252
0.367205
0.364716
0.366849
0.359362
0.368023
0.375477
0.376987
0.378186
0.386657
0.383163
0.366846
0.361866
0.392467
0.39037
0.365449
0.403467
0.383742
0.364524
0.357507
0.362446
0.356809
0.359647
0.355604
0.347715
0.360977
0.346677
0.347358
0.350208
0.35109
0.366686
0.368196
0.381042
0.371554
0.404189
0.391161
0.406915
0.421637
0.365468
0.372282
0.359561
0.358774
0.354478
0.34576
0.348833
0.348214
0.339321
0.346458
0.345061
0.376658
0.348797
0.341816
0.342463
0.347081
0.346824
0.343114
0.348254
0.349434
0.341279
0.346971
0.345375
0.344327
0.341719
0.34685
0.341398
0.334272
0.346745
0.343124
0.360411
0.348767
0.340087
0.363483
0.357213
0.360915
0.363633
0.377936
0.40658
0.417166
0.408698
0.416838
0.429336
0.40703
0.410851
0.387541
0.403411
0.382954
0.384907
0.364685
0.370016
0.364607
0.363834
0.365426
0.370775
0.376251
0.393925
0.382834
0.376395
0.370904
0.371451
0.375122
0.376262
0.386918
0.388293
0.405877
0.402387
0.40033
0.373083
0.378586
0.373816
0.375022
0.391533
0.409928
0.410215
0.380833
0.374773
0.375789
0.380107
0.363525
0.352365
0.362302
0.385528
0.389028
0.353392
0.356472
0.413767
0.409079
0.396879
0.424025
0.429032
0.387766
0.396291
0.396454
0.442315
0.410174
0.420723
0.401739
0.399625
0.375082
0.382648
0.381694
0.374197
0.370263
0.373639
0.370623
0.36061
0.356099
0.361773
0.362359
0.361712
0.343867
0.35863
0.357468
0.369229
0.37545
0.389301
0.406078
0.382591
0.39496
0.378871
0.372745
0.360952
0.351066
0.349356
0.337063
0.34922
0.342231
0.342318
0.335992
0.341744
0.350971
0.359391
0.369609
0.380262
0.371397
0.360369
0.353201
0.350579
0.371761
0.389336
0.431817
0.386917
0.383755
0.36798
0.350979
0.352609
0.350052
0.353079
0.34697
0.35662
0.356803
0.360447
0.359671
0.377995
0.393796
0.401403
0.407466
0.393077
0.37217
0.416206
0.400855
0.370434
0.363044
0.343719
0.342144
0.346159
0.363628
0.352428
0.352633
0.360647
0.364598
0.395914
0.391576
0.406214
0.380386
0.364654
0.360402
0.373626
0.356349
0.362423
0.353638
0.367337
0.356842
0.361779
0.370852
0.367684
0.36831
0.361538
0.375474
0.387574
0.367577
0.346023
0.353121
0.351217
0.347091
0.353488
0.35458
0.362049
0.361904
0.351017
0.352284
0.366645
0.371685
0.367002
0.377066
0.389019
0.378883
0.393713
0.398867
0.375153
0.438351
0.412782
0.425835
0.426293
0.434612
0.428699
0.439741
0.426935
0.43752
0.435936
0.409796
0.402246
0.408396
0.426958
0.412714
0.421461
0.413883
0.393628
0.384134
0.387747
0.390812
0.438138
0.406193
0.384645
0.375841
0.388648
0.402952
0.417969
0.443496
0.486004
0.544065
0.528541
0.55268
0.55819
0.526344
0.517958
0.465153
0.464199
0.448
0.453652
0.435183
0.453784
0.445061
0.426937
0.410324
0.402286
0.393871
0.390902
0.408982
0.43353
0.422085
0.411058
0.422579
0.447138
0.451884
0.445702
0.398278
0.406475
0.401859
0.414488
0.391205
0.39017
0.378817
0.383768
0.401793
0.3978
0.403972
0.410605
0.433685
0.443616
0.468137
0.419754
0.410882
0.395379
0.376024
0.373511
0.356025
0.35844
0.354267
0.351154
0.361954
0.384729
0.389907
0.409274
0.42468
0.442484
0.432453
0.420145
0.382877
0.395907
0.392176
0.398551
0.393317
0.418468
0.438619
0.445127
0.427683
0.422863
0.372065
0.357883
0.364613
0.358251
0.3443
0.349
0.353455
0.348005
0.34825
0.345975
0.353434
0.355585
0.352001
0.352404
0.368595
0.349136
0.356938
0.352983
0.350687
0.354314
0.358972
0.360226
0.346443
0.351759
0.348758
0.355798
0.351673
0.348363
0.348524
0.346532
0.349326
0.349635
0.354745
0.355826
0.344475
0.340525
0.348042
0.340883
0.349041
0.345391
0.344602
0.352126
0.34603
0.354072
0.342098
0.347816
0.341812
0.351856
0.353429
0.352153
0.364521
0.37835
0.394276
0.420994
0.45508
0.44073
0.423105
0.439465
0.39834
0.378686
0.384918
0.409099
0.408218
0.375523
0.417321
0.417171
0.407551
0.394306
0.37908
0.3855
0.399685
0.383489
0.401922
0.392498
0.367278
0.41391
0.386491
0.418236
0.406103
0.421455
0.408308
0.403173
0.370104
0.385428
0.378276
0.362118
0.367033
0.37681
0.38415
0.404422
0.376151
0.374778
0.378841
0.370163
0.369754
0.383829
0.376851
0.417884
0.430754
0.405954
0.386339
0.373058
0.362182
0.361117
0.364163
0.360744
0.363291
0.342916
0.363811
0.362849
0.371926
0.375591
0.362385
0.372182
0.3672
0.342263
0.35151
0.345414
0.352556
0.361681
0.370865
0.390218
0.383017
0.376999
0.397625
0.379823
0.404005
0.418112
0.410073
0.407746
0.377309
0.404145
0.39945
0.425454
0.422017
0.411939
0.396272
0.413011
0.4073
0.384355
0.375514
0.37896
0.383061
0.379248
0.393145
0.374954
0.36934
0.372387
0.372406
0.36578
0.389879
0.394119
0.367734
0.40238
0.395673
0.415957
0.404337
0.40404
0.384673
0.405839
0.376639
0.360901
0.356741
0.364613
0.380178
0.362143
0.392113
0.357108
0.391728
0.354281
0.376556
0.403427
0.373793
0.410739
0.394668
0.391988
0.398764
0.384208
0.375854
0.386493
0.403734
0.409581
0.392939
0.404651
0.422829
0.427975
0.384553
0.411578
0.407909
0.407371
0.413352
0.400657
0.382457
0.430725
0.42096
0.396474
0.398551
0.41102
0.415628
0.4011
0.409306
0.391278
0.370881
0.390401
0.39174
0.422419
0.411026
0.429699
0.414774
0.413674
0.390702
0.399008
0.386528
0.378003
0.417753
0.417952
0.406256
0.401945
0.388309
0.417712
0.428026
0.419388
0.398815
0.391681
0.409412
0.396393
0.358585
0.405918
0.376914
0.399017
0.384835
0.380735
0.357742
0.368378
0.372375
0.359803
0.356661
0.351767
0.351437
0.343804
0.340214
0.341086
0.347003
0.341088
0.354932
0.348923
0.361665
0.367662
0.372446
0.364527
0.351642
0.368784
0.369764
0.36787
0.37689
0.364096
0.358956
0.358429
0.355113
0.364047
0.370647
0.37232
0.367801
0.375639
0.401792
0.363577
0.354674
0.340797
0.353473
0.34346
0.359978
0.364666
0.3812
0.386508
0.358243
0.372202
0.362869
0.36792
0.367548
0.374422
0.380236
0.380258
0.404292
0.376082
0.388664
0.396008
0.38814
0.383217
0.376545
0.36999
0.360296
0.364984
0.37509
0.378411
0.380983
0.369506
0.359558
0.342927
0.352844
0.362957
0.358037
0.35719
0.346879
0.343758
0.35639
0.348434
0.366819
0.361461
0.374004
0.361426
0.361634
0.37048
0.374102
0.367843
0.338854
0.345309
0.347621
0.353114
0.330757
0.340322
0.346421
0.343254
0.34639
0.342524
0.349766
0.356225
0.377703
0.381167
0.389531
0.359974
0.356366
0.397363
0.371728
0.351726
0.400952
0.385775
0.375659
0.376279
0.375089
0.352383
0.372996
0.371529
0.371579
0.391248
0.381228
0.381127
0.399004
0.404748
0.397122
0.424359
0.403513
0.38411
0.378886
0.374991
0.377902
0.379155
0.388676
0.386498
0.393273
0.389015
0.382147
0.36351
0.409012
0.407185
0.382771
0.364895
0.350768
0.359579
0.35464
0.356902
0.376467
0.379074
0.389306
0.386139
0.38674
0.378254
0.355575
0.357386
0.361753
0.354036
0.352796
0.345589
0.351955
0.361459
0.369284
0.382808
0.393584
0.393787
0.400781
0.382023
0.361295
0.372375
0.371815
0.391833
0.405444
0.404227
0.381263
0.374533
0.360171
0.360839
0.380644
0.385871
0.432035
0.421804
0.396864
0.385755
0.38331
0.387009
0.375067
0.369383
0.377035
0.365704
0.368247
0.354219
0.358384
0.363858
0.358341
0.363173
0.367741
0.386108
0.399846
0.379866
0.38475
0.449365
0.446692
0.437147
0.448405
0.430915
0.470463
0.443321
0.463462
0.491864
0.416696
0.480336
0.42784
0.475173
0.455746
0.462109
0.444592
0.422716
0.421487
0.391268
0.39464
0.420316
0.427875
0.433535
0.394522
0.422373
0.454394
0.467884
0.437264
0.441825
0.458801
0.494618
0.501374
0.428883
0.428566
0.43592
0.398447
0.396964
0.436548
0.463664
0.485657
0.443149
0.457503
0.437222
0.424416
0.420328
0.382783
0.393129
0.389733
0.378112
0.379036
0.37144
0.360688
0.367686
0.381981
0.384696
0.415782
0.396813
0.408204
0.404077
0.388195
0.385004
0.402416
0.382842
0.373364
0.364958
0.382849
0.399126
0.421715
0.457052
0.454032
0.465545
0.45727
0.51786
0.507587
0.410546
0.451132
0.441207
0.448777
0.429804
0.40465
0.391404
0.381786
0.373154
0.379657
0.389599
0.409514
0.414213
0.422575
0.444358
0.459785
0.439994
0.411963
0.395712
0.393758
0.384617
0.377848
0.383769
0.391067
0.407546
0.422505
0.446434
0.422838
0.424301
0.410736
0.399031
0.396968
0.404184
0.395245
0.420998
0.40858
0.434172
0.463594
0.426886
0.404405
0.392321
0.375184
0.360389
0.353248
0.347491
0.366854
0.364871
0.365228
0.363134
0.385853
0.387978
0.37183
0.367517
0.352101
0.357433
0.356265
0.355785
0.358248
0.366171
0.358596
0.373121
0.369237
0.368818
0.392534
0.38311
0.379684
0.377021
0.406757
0.427531
0.46315
0.435125
0.454483
0.447119
0.414919
0.402327
0.426219
0.452111
0.452638
0.464451
0.408938
0.370152
0.459369
0.461782
0.424433
0.465174
0.460736
0.493343
0.491333
0.445077
0.460572
0.462515
0.43237
0.441709
0.433457
0.450023
0.426063
0.421058
0.420841
0.464311
0.459005
0.456328
0.521272
0.498917
0.463687
0.51268
0.460985
0.493879
0.515082
0.460893
0.451258
0.488433
0.520653
0.476755
0.492419
0.474281
0.487796
0.459625
0.429623
0.461324
0.437549
0.426712
0.427378
0.43438
0.447329
0.468936
0.417001
0.384809
0.413134
0.435104
0.435432
0.46349
0.476101
0.442911
0.459462
0.408825
0.422074
0.433095
0.419964
0.444337
0.403288
0.417964
0.446228
0.416293
0.406214
0.439513
0.455358
0.451307
0.436653
0.427108
0.430878
0.406916
0.386196
0.372092
0.373262
0.370812
0.371335
0.374868
0.385786
0.411183
0.446548
0.428125
0.410209
0.427681
0.404488
0.415254
0.391115
0.401594
0.38764
0.400025
0.404865
0.440824
0.426494
0.422227
0.421852
0.430564
0.429705
0.435044
0.451112
0.441758
0.422414
0.420494
0.417992
0.450401
0.412646
0.402587
0.407722
0.422679
0.410101
0.420956
0.425243
0.410622
0.393114
0.366867
0.373328
0.384538
0.385254
0.40055
0.416119
0.426593
0.388204
0.374499
0.387413
0.423012
0.429457
0.421038
0.389548
0.377601
0.369124
0.371957
0.369548
0.368805
0.374304
0.371077
0.391288
0.412825
0.412924
0.41721
0.398154
0.39552
0.393537
0.395508
0.419907
0.438577
0.393223
0.411486
0.405052
0.426429
0.400553
0.400218
0.406535
0.41209
0.425664
0.371977
0.397933
0.455464
0.44535
0.436845
0.439925
0.48555
0.480051
0.462171
0.459916
0.512677
0.527296
0.436005
0.411044
0.405825
0.428927
0.50079
0.504008
0.527752
0.530931
0.460151
0.484754
0.434443
0.446275
0.485606
0.458389
0.449643
0.422591
0.464674
0.447526
0.484257
0.488118
0.433606
0.501842
0.439588
0.415616
0.405561
0.395339
0.390228
0.448446
0.473245
0.386183
0.449485
0.422781
0.459383
0.475738
0.452493
0.440096
0.459489
0.51905
0.463527
0.479062
0.455464
0.412492
0.466617
0.50253
0.48171
0.477607
0.503443
0.51152
0.455905
0.457108
0.384322
0.358099
0.380364
0.425537
0.423072
0.397539
0.389552
0.381582
0.402521
0.406861
0.391639
0.380453
0.368417
0.360704
0.356167
0.349472
0.356689
0.356596
0.374457
0.366422
0.348953
0.361919
0.357404
0.38437
0.374859
0.374065
0.373773
0.382873
0.40505
0.415942
0.433635
0.421316
0.420759
0.409038
0.400077
0.391419
0.360955
0.356901
0.359648
0.366316
0.35224
0.352753
0.353446
0.354475
0.361582
0.37699
0.379063
0.396027
0.387922
0.372037
0.375
0.376751
0.380912
0.371951
0.35685
0.350383
0.347592
0.349447
0.352133
0.364117
0.375848
0.396549
0.374848
0.37864
0.351604
0.354825
0.351846
0.343861
0.338387
0.333521
0.3518
0.34375
0.353302
0.34569
0.344141
0.343735
0.336915
0.337516
0.340603
0.352256
0.358342
0.349357
0.349953
0.350237
0.355409
0.377001
0.36127
0.360475
0.383485
0.382452
0.381932
0.389956
0.3758
0.372468
0.368191
0.364457
0.349939
0.369861
0.365705
0.391459
0.439806
0.427936
0.388495
0.372705
0.358812
0.362045
0.368327
0.374345
0.380807
0.3864
0.380607
0.373767
0.364527
0.36795
0.355461
0.356216
0.365283
0.369835
0.362648
0.359458
0.366228
0.381565
0.352303
0.382305
0.379322
0.386771
0.376188
0.367851
0.374999
0.349336
0.350588
0.357594
0.359163
0.374002
0.375638
0.383972
0.380701
0.38278
0.376534
0.373839
0.375131
0.374816
0.393649
0.372377
0.380313
0.38421
0.387922
0.400468
0.396495
0.394639
0.378897
0.386249
0.385818
0.38843
0.385265
0.389209
0.412028
0.393844
0.384711
0.408992
0.360043
0.412597
0.423193
0.432356
0.421912
0.413566
0.39945
0.391114
0.385783
0.374714
0.369527
0.355531
0.353613
0.352291
0.345078
0.347448
0.356133
0.358143
0.339999
0.348664
0.347152
0.341844
0.346826
0.343258
0.345867
0.354022
0.355851
0.349581
0.360245
0.367306
0.382178
0.386514
0.364328
0.348583
0.355167
0.348493
0.361874
0.368204
0.384467
0.393381
0.405912
0.393538
0.378997
0.375549
0.378141
0.347054
0.35886
0.371299
0.358969
0.340099
0.336759
0.342985
0.342133
0.336172
0.347812
0.34137
0.346011
0.349696
0.352879
0.363528
0.379546
0.374904
0.382323
0.40464
0.400589
0.396308
0.406424
0.395405
0.403372
0.420596
0.448575
0.392654
0.423367
0.421867
0.434182
0.400544
0.42552
0.424152
0.381366
0.435873
0.382815
0.423278
0.387164
0.417223
0.40447
0.427849
0.412325
0.379027
0.433014
0.415119
0.393487
0.378014
0.365773
0.35834
0.358189
0.37569
0.394053
0.392725
0.374076
0.370338
0.357864
0.354506
0.359568
0.357511
0.368641
0.376099
0.370917
0.382182
0.368408
0.368005
0.383236
0.386148
0.387922
0.382703
0.390163
0.380666
0.401224
0.396294
0.38041
0.366929
0.361464
0.344314
0.343775
0.351945
0.361947
0.359163
0.379658
0.377152
0.362822
0.356834
0.369137
0.375996
0.378715
0.353163
0.348981
0.365871
0.360852
0.353404
0.361437
0.367497
0.374117
0.396595
0.392834
0.389382
0.38742
0.369334
0.356299
0.363115
0.366469
0.367884
0.373867
0.354499
0.356858
0.350132
0.366886
0.361595
0.359811
0.359031
0.374733
0.380137
0.384062
0.390723
0.38099
0.388689
0.389824
0.39695
0.384668
0.388031
0.369926
0.373003
0.377161
0.391744
0.371555
0.369054
0.381842
0.383545
0.416731
0.411569
0.394266
0.413174
0.387735
0.373671
0.374977
0.374999
0.39523
0.390065
0.400605
0.406849
0.401182
0.395125
0.399713
0.407811
0.404688
0.414609
0.414294
0.399901
0.40791
0.409934
0.392536
0.370865
0.362317
0.354432
0.351682
0.344645
0.357188
0.347181
0.349164
0.366387
0.364509
0.378802
0.390158
0.385184
0.396907
0.399677
0.394481
0.402409
0.409745
0.384547
0.367864
0.388667
0.37936
0.374231
0.375308
0.364476
0.371155
0.374727
0.363264
0.381761
0.355141
0.391479
0.385761
0.392033
0.427832
0.422156
0.408465
0.413263
0.396699
0.4284
0.425574
0.479028
0.438947
0.420551
0.430688
0.436644
0.435498
0.408871
0.398193
0.396691
0.389889
0.376303
0.368112
0.383933
0.365118
0.350444
0.37436
0.380284
0.40751
0.420251
0.403169
0.439915
0.406938
0.372685
0.371117
0.396115
0.398442
0.418424
0.409511
0.410318
0.43963
0.463398
0.44043
0.437117
0.437396
0.465212
0.431208
0.435678
0.42619
0.424955
0.44595
0.438343
0.417479
0.406931
0.397879
0.437569
0.427612
0.415787
0.397979
0.391358
0.397778
0.371391
0.390532
0.440278
0.390912
0.432437
0.418192
0.393713
0.367471
0.37772
0.386753
0.391289
0.393675
0.435206
0.42266
0.444257
0.474817
0.451725
0.443845
0.480798
0.430199
0.494572
0.49234
0.471692
0.445757
0.432961
0.444905
0.418967
0.483322
0.501945
0.436286
0.518383
0.540878
0.566425
0.557447
0.586077
0.535225
0.562904
0.542147
0.535939
0.524172
0.488857
0.452726
0.384657
0.403239
0.449742
0.498594
0.442611
0.518846
0.476075
0.514871
0.553111
0.462259
0.466992
0.460305
0.510441
0.467728
0.388422
0.387234
0.375548
0.373431
0.398445
0.387639
0.361081
0.350728
0.344111
0.350062
0.353233
0.347236
0.349386
0.366257
0.372721
0.373856
0.364365
0.362793
0.346027
0.351844
0.362072
0.369192
0.382628
0.365766
0.351035
0.347617
0.364417
0.363018
0.356226
0.342447
0.357023
0.354142
0.352362
0.349466
0.35794
0.363194
0.368814
0.384587
0.383629
0.370885
0.367301
0.381667
0.364349
0.38018
0.358321
0.353874
0.36151
0.370111
0.361194
0.362209
0.358836
0.367089
0.371123
0.373948
0.39075
0.389208
0.388031
0.388165
0.397358
0.410945
0.407299
0.411814
0.400586
0.409349
0.421286
0.402299
0.394937
0.399891
0.404834
0.395821
0.411604
0.411764
0.405498
0.40912
0.41843
0.436941
0.419834
0.38486
0.390655
0.477656
0.405864
0.38348
0.41096
0.405351
0.408853
0.407662
0.408566
0.419939
0.414352
0.407
0.415133
0.40653
0.426267
0.49769
0.486368
0.390068
0.394701
0.389333
0.399858
0.421292
0.401813
0.420714
0.396236
0.365899
0.400421
0.413639
0.406926
0.386636
0.385474
0.399402
0.38257
0.426577
0.388343
0.426825
0.440999
0.41518
0.406347
0.41283
0.416075
0.400675
0.379612
0.379919
0.399878
0.394353
0.388845
0.375305
0.407663
0.407753
0.425121
0.39802
0.384392
0.38142
0.390085
0.393595
0.394947
0.397534
0.40932
0.41401
0.395108
0.39335
0.396146
0.404776
0.420734
0.40892
0.46651
0.53896
0.454402
0.481121
0.466312
0.481852
0.408563
0.457966
0.423342
0.392191
0.386846
0.388225
0.391771
0.430889
0.491602
0.456162
0.427376
0.401358
0.384223
0.380546
0.368582
0.361798
0.371724
0.394821
0.367263
0.420059
0.447323
0.436904
0.426173
0.450046
0.404789
0.389997
0.37185
0.387326
0.360477
0.369654
0.364885
0.364018
0.358013
0.364571
0.372207
0.367026
0.401542
0.396557
0.45051
0.450622
0.435992
0.451117
0.442645
0.424565
0.456397
0.462272
0.400074
0.376967
0.370618
0.372417
0.419741
0.448379
0.408119
0.40925
0.403664
0.418821
0.418204
0.393134
0.427505
0.467031
0.420515
0.479124
0.454945
0.426572
0.452102
0.446907
0.436456
0.432289
0.425795
0.434445
0.431925
0.437364
0.446555
0.410901
0.391411
0.383665
0.427135
0.445751
0.439326
0.441788
0.445394
0.448398
0.427881
0.435552
0.434794
0.427049
0.485305
0.515114
0.497948
0.510733
0.518273
0.478574
0.488536
0.482468
0.483895
0.509863
0.421262
0.416309
0.40883
0.396352
0.39587
0.394381
0.369327
0.36541
0.356768
0.360193
0.354137
0.348857
0.355534
0.369195
0.364798
0.358225
0.377076
0.363503
0.35578
0.348482
0.34701
0.350474
0.370311
0.361044
0.337184
0.351568
0.346692
0.355924
0.346392
0.342931
0.34209
0.345703
0.34789
0.346322
0.340889
0.347984
0.344942
0.349797
0.360018
0.36808
0.373336
0.394835
0.378151
0.359241
0.371733
0.379512
0.364297
0.347944
0.351174
0.355621
0.354501
0.36359
0.372903
0.381168
0.383944
0.370461
0.393521
0.387481
0.38702
0.382603
0.377374
0.395474
0.381724
0.385539
0.368038
0.360568
0.363146
0.366551
0.37074
0.370904
0.366678
0.372402
0.369973
0.387182
0.37781
0.384977
0.397802
0.381793
0.380867
0.405408
0.392721
0.390836
0.389832
0.454219
0.49296
0.473384
0.475988
0.446118
0.50062
0.446772
0.422109
0.494252
0.506043
0.527715
0.520698
0.516594
0.494075
0.507265
0.479548
0.502018
0.484327
0.399552
0.389009
0.393777
0.367215
0.384721
0.38012
0.390074
0.413626
0.408282
0.412554
0.44183
0.446651
0.437093
0.402961
0.399221
0.4017
0.401755
0.370549
0.381121
0.395874
0.410039
0.390313
0.391472
0.377521
0.356732
0.347402
0.349561
0.361144
0.350899
0.36306
0.378726
0.357199
0.355936
0.359795
0.398185
0.390211
0.38394
0.399986
0.379353
0.367322
0.368565
0.361553
0.357726
0.361589
0.358279
0.345283
0.361566
0.364235
0.357205
0.349886
0.350071
0.349197
0.371758
0.388147
0.395203
0.388995
0.398011
0.358344
0.385032
0.381733
0.363548
0.349486
0.345003
0.339145
0.347133
0.349558
0.337407
0.350529
0.35025
0.354445
0.372045
0.361956
0.373648
0.373731
0.36343
0.365581
0.38086
0.359919
0.370251
0.365286
0.370009
0.369143
0.375978
0.373751
0.357127
0.362054
0.363381
0.3569
0.356615
0.34392
0.35316
0.342587
0.35622
0.367438
0.369854
0.396332
0.38199
0.425835
0.411693
0.487376
0.470859
0.441824
0.482866
0.43544
0.433402
0.447252
0.442263
0.427536
0.421573
0.41031
0.418036
0.395492
0.453314
0.443901
0.4506
0.469132
0.45924
0.416949
0.403091
0.386211
0.373965
0.387592
0.400893
0.415088
0.421154
0.403324
0.393327
0.420448
0.40623
0.433691
0.388683
0.372321
0.36674
0.368519
0.360732
0.383129
0.387405
0.419222
0.40453
0.421286
0.423347
0.443497
0.415898
0.430945
0.460866
0.44812
0.433312
0.465203
0.449092
0.392235
0.430869
0.434487
0.407562
0.387216
0.401823
0.434519
0.412509
0.444723
0.404959
0.446554
0.390005
0.407834
0.370301
0.379244
0.370077
0.362601
0.355657
0.35787
0.360805
0.358546
0.357045
0.357325
0.364747
0.373289
0.371901
0.392104
0.418816
0.431234
0.417224
0.452538
0.473031
0.438392
0.508192
0.437056
0.458473
0.408593
0.500014
0.549437
0.473853
0.475944
0.474121
0.388116
0.435594
0.444192
0.455715
0.410308
0.417242
0.398184
0.442927
0.425125
0.425563
0.461051
0.463751
0.513718
0.443033
0.500202
0.469252
0.437003
0.412153
0.446881
0.452432
0.501164
0.531095
0.510884
0.48947
0.525003
0.437435
0.47728
0.442832
0.436791
0.477454
0.470632
0.481624
0.489895
0.46976
0.492741
0.460063
0.409054
0.389751
0.393528
0.391928
0.393464
0.385681
0.382952
0.376555
0.380524
0.371418
0.383769
0.372551
0.384057
0.375754
0.408797
0.425182
0.421974
0.458204
0.453416
0.441734
0.42153
0.433236
0.42513
0.431796
0.387784
0.429841
0.419745
0.439249
0.494796
0.455952
0.444934
0.444155
0.478377
0.465773
0.438872
0.407263
0.41676
0.383584
0.366219
0.362709
0.355562
0.34526
0.346272
0.35241
0.3722
0.373872
0.368062
0.375409
0.365868
0.353571
0.359204
0.378477
0.37078
0.40038
0.41761
0.379268
0.396828
0.396742
0.391205
0.403557
0.411353
0.426697
0.406682
0.406385
0.450048
0.442794
0.423993
0.435349
0.427075
0.437971
0.490888
0.472081
0.510908
0.456647
0.506595
0.469289
0.472091
0.453177
0.424146
0.386106
0.369285
0.369002
0.381716
0.415055
0.419057
0.409133
0.401571
0.431195
0.413369
0.448602
0.41101
0.389728
0.442702
0.483411
0.423801
0.438626
0.455998
0.413709
0.416293
0.403734
0.430399
0.428598
0.419724
0.424992
0.434176
0.420595
0.408684
0.376819
0.390052
0.375476
0.372717
0.379753
0.389981
0.372229
0.384523
0.383284
0.414041
0.445931
0.392575
0.383893
0.373893
0.366298
0.378423
0.370515
0.380003
0.393455
0.38809
0.384021
0.388155
0.377903
0.391246
0.425121
0.446688
0.482078
0.47135
0.42038
0.462906
0.437549
0.420704
0.37705
0.350563
0.349138
0.406439
0.386261
0.408504
0.41137
0.432348
0.451691
0.445779
0.495467
0.416607
0.453264
0.443804
0.440899
0.420219
0.40098
0.404345
0.415318
0.494456
0.387407
0.418428
0.405719
0.402431
0.419872
0.428331
0.430865
0.436635
0.428351
0.409993
0.372425
0.368798
0.3707
0.360618
0.360716
0.361341
0.35215
0.351211
0.370996
0.3869
0.385087
0.391689
0.393021
0.407071
0.387924
0.402959
0.390055
0.408887
0.400561
0.418155
0.426527
0.412047
0.374652
0.393014
0.397909
0.406637
0.410487
0.426489
0.398596
0.402628
0.37459
0.392667
0.421806
0.381594
0.379537
0.400306
0.382757
0.387969
0.381425
0.376385
0.368174
0.355949
0.36034
0.378331
0.408013
0.407887
0.414249
0.416256
0.39304
0.38448
0.380261
0.370089
0.369806
0.372413
0.382869
0.396512
0.38757
0.370785
0.356229
0.358414
0.382284
0.376736
0.374114
0.383439
0.393445
0.40026
0.406898
0.407668
0.418579
0.403413
0.401316
0.378227
0.403008
0.40177
0.379383
0.37306
0.366195
0.368887
0.365703
0.390256
0.394438
0.404563
0.439947
0.376545
0.401117
0.37716
0.384778
0.378672
0.380406
0.384387
0.382368
0.382824
0.378569
0.392299
0.413884
0.425374
0.370751
0.407142
0.417333
0.387577
0.376231
0.368866
0.352254
0.36748
0.354472
0.343802
0.343634
0.35052
0.360289
0.370968
0.349947
0.333783
0.343338
0.34945
0.354564
0.351496
0.353838
0.357436
0.364273
0.374607
0.402455
0.394285
0.427414
0.408422
0.406898
0.409539
0.387724
0.375764
0.378762
0.367506
0.349009
0.344437
0.335537
0.348701
0.351289
0.351832
0.351992
0.354213
0.353571
0.347832
0.35907
0.384641
0.382212
0.400816
0.38968
0.378762
0.382953
0.365762
0.359981
0.349473
0.355454
0.368248
0.350378
0.360823
0.359956
0.345741
0.351317
0.37031
0.37877
0.375592
0.371105
0.381861
0.382817
0.364732
0.366284
0.369059
0.371264
0.385146
0.375847
0.376827
0.36085
0.356141
0.386661
0.402305
0.400546
0.42165
0.407878
0.40101
0.407423
0.422071
0.426618
0.384172
0.391183
0.407187
0.420004
0.407689
0.382511
0.386963
0.423706
0.413136
0.449923
0.428951
0.418125
0.370206
0.407757
0.365851
0.355107
0.365032
0.395155
0.389881
0.421725
0.426481
0.438145
0.44167
0.42337
0.412779
0.399375
0.397139
0.421386
0.468996
0.420595
0.414572
0.382609
0.363802
0.341281
0.374015
0.391665
0.395652
0.370086
0.360573
0.362977
0.362154
0.369298
0.368796
0.373882
0.373525
0.371232
0.364965
0.373738
0.379938
0.381964
0.372125
0.365648
0.370286
0.375237
0.368827
0.370249
0.365631
0.358007
0.34443
0.343367
0.342596
0.338772
0.342929
0.345496
0.352389
0.354153
0.341522
0.342535
0.339281
0.332222
0.336711
0.355556
0.340963
0.346968
0.341492
0.345279
0.348351
0.363213
0.36308
0.359228
0.359363
0.376672
0.393141
0.397836
0.387946
0.383371
0.377898
0.396093
0.41237
0.403498
0.395934
0.387099
0.374238
0.386125
0.393346
0.388673
0.430094
0.38111
0.375915
0.399544
0.372837
0.37547
0.381959
0.383321
0.372539
0.36927
0.404127
0.447992
0.424665
0.427375
0.444631
0.414395
0.419175
0.408233
0.436792
0.436351
0.405483
0.416066
0.464808
0.401224
0.379988
0.391571
0.419344
0.390166
0.38359
0.405344
0.420763
0.466483
0.442306
0.398324
0.378714
0.387598
0.381067
0.381782
0.401454
0.414779
0.423965
0.436927
0.418109
0.404988
0.3881
0.377451
0.38729
0.386539
0.427031
0.440914
0.391996
0.431992
0.475369
0.47146
0.449319
0.411449
0.399131
0.442069
0.42735
0.435919
0.416222
0.403569
0.428481
0.399544
0.384539
0.36985
0.371384
0.365844
0.375973
0.378285
0.380812
0.400382
0.427619
0.427646
0.469669
0.425115
0.433455
0.450539
0.516441
0.466906
0.451519
0.487122
0.395407
0.479252
0.558227
0.551445
0.523046
0.540922
0.560359
0.587005
0.502692
0.522154
0.572827
0.575268
0.580893
0.561027
0.598092
0.509135
0.456903
0.417584
0.417033
0.439054
0.416536
0.401061
0.38812
0.396117
0.403448
0.404125
0.399647
0.40088
0.383432
0.354723
0.371939
0.40162
0.399683
0.405632
0.409687
0.416213
0.376731
0.392378
0.388002
0.392847
0.39817
0.398315
0.450024
0.395935
0.405987
0.398956
0.392513
0.38048
0.380796
0.368278
0.376426
0.364695
0.355131
0.345788
0.34821
0.352275
0.345816
0.34195
0.360586
0.360584
0.353107
0.349844
0.342916
0.345035
0.35141
0.354412
0.356036
0.374886
0.367355
0.377569
0.37934
0.380708
0.394155
0.382679
0.3899
0.393361
0.416026
0.389033
0.358422
0.418453
0.433204
0.384114
0.408423
0.387438
0.359814
0.387157
0.392941
0.378947
0.380924
0.384683
0.419901
0.431912
0.405901
0.398131
0.38593
0.395205
0.376361
0.377336
0.366822
0.374061
0.376768
0.388629
0.393228
0.373743
0.365652
0.356632
0.350801
0.359465
0.385644
0.382149
0.370928
0.366343
0.354124
0.351653
0.343462
0.348705
0.356457
0.361754
0.365516
0.366742
0.384888
0.385418
0.389676
0.411328
0.396948
0.380105
0.369237
0.360936
0.352602
0.356831
0.351722
0.357139
0.348735
0.345951
0.345144
0.348878
0.341855
0.350614
0.352396
0.357237
0.354978
0.369416
0.377358
0.405075
0.411763
0.422284
0.450646
0.456737
0.41455
0.446929
0.444412
0.500442
0.430843
0.46327
0.413027
0.455013
0.474571
0.42818
0.428984
0.433694
0.484496
0.431863
0.407916
0.444904
0.441288
0.476311
0.460588
0.425327
0.396142
0.393739
0.397338
0.40161
0.394904
0.389606
0.406485
0.401236
0.430633
0.420013
0.42134
0.380715
0.407682
0.390792
0.419468
0.382555
0.373213
0.366418
0.389672
0.394959
0.415091
0.404185
0.399498
0.380528
0.358625
0.352618
0.346393
0.3518
0.362015
0.364099
0.376042
0.400986
0.401407
0.391049
0.387687
0.392459
0.393371
0.424244
0.414743
0.419931
0.386839
0.388682
0.407058
0.395046
0.400253
0.419457
0.383612
0.379424
0.388917
0.383216
0.395662
0.384508
0.372695
0.368839
0.361743
0.365738
0.379849
0.406105
0.431733
0.40335
0.376785
0.382564
0.39023
0.387422
0.414508
0.411443
0.396998
0.404682
0.42739
0.402846
0.409492
0.408811
0.412434
0.382697
0.394357
0.432238
0.400294
0.415299
0.407981
0.405615
0.423918
0.446872
0.453291
0.444482
0.443252
0.418683
0.429001
0.415948
0.490791
0.48132
0.424101
0.395581
0.399727
0.444403
0.436902
0.400071
0.424745
0.460876
0.436918
0.392004
0.454768
0.450407
0.5333
0.439158
0.464969
0.465049
0.413865
0.432243
0.432389
0.446621
0.411736
0.458872
0.428733
0.42319
0.444632
0.432111
0.413477
0.423565
0.426981
0.435413
0.4315
0.476685
0.458731
0.456954
0.464004
0.429503
0.422951
0.387199
0.389091
0.382648
0.405498
0.396146
0.379167
0.383896
0.393248
0.379823
0.365091
0.355719
0.352226
0.348147
0.338989
0.355603
0.353783
0.35187
0.361923
0.372591
0.367593
0.397133
0.429622
0.405941
0.381575
0.4014
0.394659
0.373166
0.392575
0.390793
0.413207
0.424023
0.456014
0.432441
0.411952
0.395734
0.411872
0.41933
0.406485
0.450066
0.420445
0.420456
0.431176
0.40489
0.369341
0.377095
0.384755
0.38629
0.418132
0.407863
0.421616
0.401833
0.399042
0.434442
0.43931
0.465901
0.469608
0.435596
0.514245
0.483839
0.438907
0.414076
0.404683
0.387343
0.377512
0.37652
0.406747
0.424715
0.413409
0.421088
0.415574
0.405303
0.390808
0.37215
0.367559
0.375238
0.37701
0.375707
0.399705
0.399909
0.402775
0.429046
0.441847
0.428086
0.423815
0.409169
0.43156
0.474522
0.506978
0.450096
0.459017
0.395531
0.410961
0.393235
0.461704
0.441665
0.391568
0.475025
0.494588
0.461203
0.461017
0.412176
0.462317
0.418971
0.384618
0.47808
0.446479
0.523199
0.457033
0.461847
0.456703
0.501946
0.549628
0.520386
0.529796
0.482592
0.515628
0.527922
0.52346
0.537403
0.490685
0.479719
0.536659
0.486795
0.499644
0.482241
0.507793
0.493346
0.471914
0.491537
0.450964
0.470208
0.476039
0.524374
0.543911
0.554459
0.55805
0.546289
0.57862
0.545303
0.513407
0.538356
0.529635
0.553129
0.535046
0.593223
0.588418
0.58166
0.595681
0.596594
0.544614
0.504229
0.479914
0.412499
0.480091
0.490076
0.4452
0.477859
0.480723
0.444644
0.400187
0.395645
0.395615
0.403584
0.457241
0.4635
0.431899
0.427877
0.417512
0.395311
0.371271
0.38819
0.396337
0.411026
0.482859
0.430579
0.459141
0.458511
0.420564
0.413582
0.421537
0.432676
0.439498
0.405863
0.441098
0.410233
0.387003
0.361281
0.361666
0.363793
0.357654
0.365865
0.370627
0.381723
0.402834
0.408607
0.422004
0.449605
0.428879
0.448109
0.446387
0.463545
0.445953
0.448984
0.440875
0.45024
0.436757
0.445322
0.425885
0.425403
0.43065
0.428345
0.445875
0.429347
0.39369
0.371046
0.387262
0.416002
0.412467
0.39713
0.39054
0.411821
0.400097
0.398032
0.407082
0.398779
0.373176
0.360516
0.350984
0.370369
0.381741
0.366315
0.385028
0.386987
0.386961
0.42263
0.442252
0.395019
0.373938
0.401417
0.409376
0.404686
0.396869
0.416919
0.411214
0.386113
0.391022
0.420614
0.415344
0.41475
0.405868
0.372999
0.37606
0.400248
0.373745
0.413724
0.412033
0.403008
0.396785
0.401793
0.394464
0.387468
0.379097
0.411395
0.41773
0.423759
0.421764
0.4237
0.433719
0.441163
0.441821
0.421208
0.439005
0.421846
0.41179
0.363141
0.428016
0.393241
0.428922
0.385205
0.374946
0.389389
0.421127
0.407685
0.415573
0.418341
0.407936
0.379883
0.420966
0.436822
0.419562
0.432904
0.42699
0.403701
0.36751
0.387484
0.393612
0.382535
0.369851
0.403944
0.414771
0.409528
0.401069
0.386022
0.397565
0.408968
0.46285
0.504903
0.480663
0.430271
0.441939
0.420846
0.44468
0.402033
0.458874
0.39987
0.428031
0.416203
0.424872
0.451421
0.437423
0.406407
0.459203
0.446826
0.458521
0.461835
0.440346
0.413843
0.410465
0.388819
0.402202
0.373353
0.364247
0.364207
0.365789
0.365167
0.367286
0.363138
0.387396
0.367616
0.354924
0.356199
0.349795
0.361912
0.347108
0.342447
0.344786
0.346367
0.343806
0.341094
0.344841
0.346059
0.345499
0.354765
0.349306
0.351921
0.348006
0.354443
0.365634
0.386408
0.381293
0.381619
0.392542
0.36748
0.384566
0.402893
0.402958
0.381551
0.37922
0.374742
0.390725
0.380219
0.364785
0.364173
0.403777
0.382451
0.387173
0.414067
0.411727
0.399586
0.382041
0.400954
0.404804
0.377437
0.367272
0.353438
0.348477
0.347989
0.358284
0.347289
0.359102
0.357744
0.355711
0.361767
0.359835
0.362602
0.371268
0.405714
0.384583
0.419724
0.437182
0.429788
0.428524
0.457846
0.479148
0.502143
0.459553
0.460895
0.490832
0.477875
0.494198
0.511267
0.511255
0.522246
0.472294
0.470338
0.400876
0.394187
0.398985
0.405059
0.426277
0.485864
0.41637
0.367827
0.37368
0.42282
0.444673
0.467357
0.413924
0.419011
0.425812
0.392538
0.379731
0.400294
0.419516
0.455334
0.454577
0.481734
0.464418
0.472258
0.461124
0.489869
0.543253
0.456682
0.41728
0.454997
0.468588
0.416486
0.37543
0.34903
0.356667
0.376366
0.375978
0.374932
0.369729
0.376292
0.373721
0.366077
0.365763
0.389097
0.419178
0.43274
0.407385
0.398948
0.386373
0.390826
0.396967
0.408097
0.473309
0.475483
0.474882
0.429741
0.416733
0.396672
0.367721
0.402774
0.37674
0.361972
0.383257
0.381984
0.408831
0.390395
0.386913
0.376788
0.370539
0.378865
0.407017
0.395828
0.395672
0.404846
0.386082
0.410206
0.421177
0.42425
0.389822
0.437263
0.438234
0.408685
0.410058
0.413319
0.393664
0.391453
0.374303
0.424122
0.443823
0.409814
0.383099
0.417447
0.432293
0.432886
0.452839
0.476504
0.481499
0.487549
0.462781
0.43892
0.422999
0.371197
0.381482
0.413837
0.431723
0.429839
0.424889
0.439914
0.47225
0.471369
0.515359
0.446976
0.443899
0.451348
0.466207
0.481537
0.483885
0.452168
0.420191
0.461952
0.519982
0.457255
0.405476
0.42626
0.431887
0.414226
0.397921
0.383356
0.382556
0.379881
0.363393
0.369835
0.401599
0.403147
0.386168
0.373466
0.365457
0.372658
0.369087
0.37298
0.374744
0.374676
0.386197
0.39021
0.400202
0.414126
0.414156
0.455439
0.43916
0.385493
0.409328
0.401462
0.390619
0.413732
0.433041
0.381608
0.425469
0.446606
0.434942
0.447079
0.402754
0.417347
0.4498
0.430996
0.407319
0.392926
0.346081
0.343621
0.367904
0.429009
0.397675
0.416524
0.453348
0.414687
0.428036
0.46966
0.431332
0.382373
0.392848
0.430394
0.439801
0.461697
0.504786
0.465362
0.417021
0.414261
0.415803
0.415278
0.419601
0.422495
0.431268
0.460147
0.402724
0.48209
0.439443
0.465998
0.409621
0.439662
0.457483
0.461956
0.463201
0.497436
0.520005
0.469338
0.472032
0.432938
0.427946
0.428913
0.428228
0.427608
0.432191
0.434889
0.444118
0.452765
0.405175
0.44963
0.461001
0.452276
0.442255
0.444092
0.431998
0.431961
0.453426
0.483607
0.465449
0.466588
0.455816
0.469294
0.499146
0.464813
0.491256
0.490111
0.555011
0.554011
0.554408
0.573542
0.581692
0.482585
0.506768
0.571166
0.589278
0.57002
0.584777
0.525757
0.580662
0.542611
0.540663
0.507784
0.543284
0.512422
0.459886
0.453964
0.418723
0.410766
0.404883
0.371047
0.366446
0.39339
0.390601
0.382859
0.414112
0.455919
0.431191
0.3729
0.382483
0.424813
0.408838
0.435775
0.472323
0.39462
0.458773
0.43935
0.438382
0.428129
0.411169
0.37678
0.404327
0.43911
0.426721
0.418394
0.450998
0.460249
0.398337
0.445365
0.447213
0.417142
0.430612
0.416723
0.42101
0.391186
0.401201
0.414679
0.417485
0.389068
0.384913
0.419682
0.398391
0.417712
0.424114
0.356253
0.3473
0.379024
0.464619
0.418203
0.464774
0.488094
0.428776
0.414024
0.414932
0.4606
0.399522
0.416159
0.443592
0.44974
0.440031
0.41604
0.392479
0.419138
0.386928
0.381948
0.365398
0.363848
0.367514
0.366208
0.363126
0.361653
0.366803
0.358212
0.355589
0.357245
0.359291
0.355442
0.344829
0.357206
0.351304
0.346512
0.349958
0.362317
0.354946
0.365335
0.363149
0.371355
0.391535
0.392821
0.398812
0.399034
0.347442
0.37755
0.378769
0.356325
0.360835
0.362931
0.37325
0.377532
0.381635
0.393153
0.380036
0.370537
0.361397
0.360782
0.383527
0.429898
0.42229
0.433015
0.378302
0.403263
0.398613
0.426365
0.426635
0.432981
0.471914
0.426067
0.397724
0.401968
0.415594
0.424066
0.409534
0.441339
0.434037
0.399249
0.394772
0.369515
0.365103
0.348888
0.346369
0.350953
0.351809
0.350766
0.352833
0.351947
0.371792
0.361103
0.372845
0.374729
0.368639
0.365914
0.359936
0.365845
0.367387
0.372869
0.366438
0.361853
0.378559
0.377547
0.391975
0.405349
0.403684
0.387475
0.448653
0.442071
0.480794
0.488139
0.502928
0.466632
0.478911
0.47378
0.436559
0.469796
0.461883
0.446774
0.422435
0.498113
0.485015
0.438539
0.460789
0.401935
0.374639
0.380222
0.372995
0.354383
0.356732
0.394527
0.393263
0.37011
0.373752
0.372311
0.369409
0.360666
0.366244
0.347369
0.364962
0.36524
0.384999
0.457766
0.489439
0.449911
0.414467
0.375219
0.373825
0.389929
0.400617
0.416586
0.410011
0.41208
0.382954
0.392459
0.384361
0.482167
0.49535
0.483941
0.544265
0.540496
0.454174
0.459445
0.506213
0.490181
0.410884
0.401364
0.449075
0.522873
0.568433
0.516462
0.538448
0.536366
0.501857
0.513491
0.531803
0.527497
0.475952
0.514782
0.484071
0.506805
0.482391
0.545007
0.49443
0.481376
0.488959
0.465122
0.490273
0.52997
0.502568
0.508572
0.524172
0.512301
0.482935
0.523003
0.52492
0.491036
0.496006
0.456236
0.449573
0.465679
0.464611
0.52362
0.384434
0.510835
0.432427
0.438641
0.436909
0.393142
0.421954
0.436642
0.433692
0.49671
0.502872
0.4391
0.405529
0.492991
0.435094
0.454316
0.486235
0.411851
0.414889
0.40516
0.461832
0.411407
0.414257
0.44402
0.442293
0.437652
0.412356
0.388631
0.383024
0.376633
0.37415
0.361011
0.360764
0.360846
0.352853
0.357719
0.360959
0.367795
0.389548
0.39779
0.398086
0.403822
0.383374
0.368654
0.370122
0.36355
0.368624
0.360239
0.363369
0.37695
0.397004
0.393181
0.400015
0.417204
0.413043
0.41104
0.368278
0.395099
0.372045
0.373743
0.378459
0.36984
0.359108
0.350925
0.354115
0.372191
0.374036
0.356727
0.348165
0.350383
0.349699
0.359257
0.366856
0.378096
0.392285
0.38852
0.405795
0.409279
0.377659
0.412253
0.411889
0.410918
0.411131
0.399097
0.41543
0.405716
0.400157
0.385065
0.372763
0.401324
0.384057
0.374369
0.362372
0.362915
0.360404
0.354549
0.350489
0.351678
0.357253
0.362666
0.349329
0.338916
0.347995
0.350478
0.356709
0.356424
0.379818
0.391766
0.36904
0.38424
0.37484
0.37778
0.386576
0.401608
0.400648
0.390186
0.382721
0.34953
0.376625
0.383713
0.373267
0.361387
0.354338
0.352533
0.373282
0.351662
0.350722
0.355898
0.367572
0.387141
0.361378
0.355047
0.373055
0.376963
0.387367
0.424934
0.406504
0.388452
0.405123
0.374972
0.39574
0.378038
0.379778
0.383729
0.395369
0.407449
0.383267
0.399725
0.395282
0.431565
0.407278
0.424391
0.408614
0.427507
0.434896
0.420658
0.426497
0.457164
0.429853
0.445654
0.470824
0.390471
0.391373
0.41523
0.42395
0.391517
0.457016
0.415661
0.451529
0.469875
0.468029
0.409722
0.469524
0.503606
0.496336
0.473003
0.455407
0.42682
0.471288
0.510326
0.476616
0.481105
0.522166
0.483287
0.477995
0.433094
0.469857
0.434156
0.416994
0.432873
0.4046
0.385884
0.398133
0.406613
0.444876
0.434032
0.439637
0.462161
0.394947
0.373869
0.369881
0.395918
0.454455
0.426991
0.487739
0.418718
0.412391
0.453209
0.485253
0.48729
0.446229
0.42216
0.393295
0.38118
0.379184
0.383563
0.400735
0.433961
0.467827
0.364244
0.417382
0.422579
0.434213
0.455065
0.446341
0.435893
0.416691
0.428266
0.434635
0.443809
0.418623
0.427565
0.420249
0.404957
0.415512
0.433932
0.417523
0.432192
0.497565
0.43914
0.503324
0.45619
0.452183
0.488509
0.446353
0.445034
0.412161
0.379979
0.431044
0.45198
0.450746
0.470893
0.4799
0.479095
0.490449
0.525274
0.462248
0.432789
0.432921
0.43995
0.410695
0.426126
0.442631
0.426652
0.445009
0.439178
0.466293
0.501693
0.490029
0.508186
0.490057
0.38723
0.398463
0.452674
0.427881
0.444532
0.420464
0.424725
0.389564
0.427124
0.373874
0.384493
0.389727
0.364845
0.371994
0.361957
0.392016
0.417173
0.429915
0.415126
0.428744
0.418684
0.441639
0.429129
0.422761
0.408321
0.403161
0.401278
0.394632
0.396923
0.390369
0.36758
0.371285
0.372047
0.387498
0.379022
0.37499
0.356592
0.35626
0.352936
0.356529
0.354831
0.355311
0.351793
0.361771
0.365027
0.383302
0.377852
0.4149
0.393716
0.370536
0.369711
0.359652
0.368443
0.357531
0.356877
0.373504
0.375041
0.380394
0.381795
0.36316
0.377557
0.378642
0.370737
0.358919
0.343561
0.356198
0.374668
0.377198
0.39454
0.392905
0.392453
0.387669
0.393249
0.393987
0.400302
0.375355
0.389984
0.398496
0.389974
0.39707
0.40753
0.37189
0.344694
0.371216
0.380689
0.387604
0.373287
0.395491
0.387068
0.397349
0.390584
0.388886
0.468363
0.430988
0.414801
0.426998
0.433981
0.403566
0.409589
0.408393
0.39341
0.373515
0.357385
0.359486
0.383676
0.507612
0.382471
0.367674
0.412116
0.362515
0.361297
0.366737
0.379412
0.371741
0.363035
0.368097
0.362472
0.370473
0.3654
0.35074
0.365145
0.363491
0.380698
0.394861
0.396798
0.401786
0.39959
0.376178
0.366623
0.358783
0.379462
0.380158
0.361868
0.372389
0.364776
0.378814
0.397667
0.393435
0.37069
0.385953
0.396347
0.387594
0.379983
0.3885
0.410014
0.395391
0.50717
0.446914
0.394297
0.417738
0.493947
0.486052
0.457804
0.471729
0.494191
0.463232
0.42379
0.418807
0.41705
0.45018
0.452586
0.411919
0.486955
0.527341
0.476214
0.482367
0.491809
0.49586
0.48892
0.448862
0.460906
0.483809
0.466576
0.430389
0.391228
0.356678
0.373171
0.468324
0.470859
0.490749
0.456904
0.448868
0.466182
0.494624
0.491823
0.472379
0.401811
0.390999
0.385856
0.371781
0.370049
0.35976
0.368023
0.358757
0.346456
0.349429
0.349172
0.34417
0.34989
0.361781
0.36882
0.364401
0.374779
0.364295
0.399965
0.413043
0.383053
0.376216
0.373509
0.396794
0.403798
0.415312
0.428276
0.402198
0.370288
0.387926
0.399667
0.390705
0.402925
0.394106
0.378072
0.385486
0.378018
0.405333
0.403475
0.389997
0.396695
0.405202
0.409382
0.4106
0.393496
0.403993
0.390821
0.388475
0.371368
0.396288
0.375396
0.3734
0.368458
0.379739
0.380122
0.385152
0.366911
0.351842
0.362602
0.352235
0.356023
0.345192
0.344568
0.350981
0.357838
0.349348
0.353439
0.342187
0.364841
0.381748
0.408306
0.406749
0.373226
0.396105
0.388632
0.380791
0.369339
0.361453
0.353287
0.350319
0.360898
0.346886
0.342463
0.363022
0.393504
0.370531
0.377257
0.367128
0.352595
0.362957
0.359001
0.344984
0.345619
0.355083
0.359841
0.35951
0.36128
0.383447
0.365993
0.365031
0.362393
0.354271
0.351253
0.345228
0.337234
0.349865
0.341556
0.34311
0.350404
0.350436
0.350751
0.34483
0.348617
0.340788
0.342316
0.357374
0.355833
0.362168
0.355631
0.363498
0.366415
0.367845
0.377772
0.408997
0.375434
0.372496
0.364319
0.353328
0.346926
0.357362
0.350698
0.363769
0.367045
0.379928
0.392172
0.39746
0.381831
0.412004
0.416959
0.415041
0.404321
0.422091
0.421504
0.409539
0.422961
0.416306
0.402939
0.421769
0.40401
0.427599
0.413887
0.392757
0.383125
0.380515
0.394951
0.377182
0.383417
0.39379
0.406506
0.419625
0.405009
0.386286
0.36586
0.364537
0.3707
0.408077
0.401787
0.398849
0.38905
0.391158
0.404187
0.394626
0.418504
0.368523
0.387911
0.398806
0.410033
0.379306
0.384494
0.424576
0.420763
0.416965
0.439276
0.458041
0.384138
0.399812
0.422612
0.415884
0.417857
0.443817
0.402651
0.421768
0.389815
0.418953
0.459959
0.43843
0.421631
0.466916
0.452043
0.464706
0.456928
0.457817
0.487545
0.505711
0.449726
0.434742
0.441545
0.469456
0.473069
0.50421
0.449809
0.46004
0.425816
0.432236
0.43873
0.438302
0.492179
0.501116
0.477099
0.494829
0.456392
0.438805
0.440246
0.452144
0.416109
0.42509
0.43539
0.431519
0.375689
0.434192
0.465199
0.460238
0.468296
0.473493
0.450939
0.441567
0.451979
0.407305
0.429854
0.422374
0.444446
0.435597
0.43678
0.439704
0.47841
0.487789
0.477154
0.441621
0.471322
0.473772
0.500585
0.505127
0.49934
0.442903
0.437034
0.506952
0.478364
0.476975
0.456709
0.458756
0.470073
0.568995
0.520442
0.501733
0.487248
0.442643
0.411547
0.414461
0.40974
0.398338
0.409249
0.399722
0.415725
0.416107
0.419138
0.413211
0.434075
0.44673
0.463813
0.459956
0.431219
0.418886
0.425413
0.456984
0.461134
0.473741
0.480177
0.490168
0.504266
0.507037
0.517774
0.503157
0.583342
0.578001
0.50629
0.419199
0.404905
0.43199
0.416497
0.406544
0.424738
0.414922
0.446604
0.41752
0.415187
0.444487
0.422388
0.401765
0.431268
0.409
0.38193
0.378035
0.415156
0.39409
0.40811
0.418163
0.408409
0.439019
0.441015
0.438323
0.405022
0.419538
0.414884
0.40502
0.427686
0.402018
0.406694
0.420243
0.459262
0.414885
0.439182
0.415768
0.445419
0.397532
0.419599
0.419441
0.402788
0.398349
0.441954
0.405618
0.428897
0.423132
0.432238
0.439723
0.440155
0.419618
0.395426
0.389365
0.393287
0.389506
0.399949
0.378453
0.413734
0.405943
0.380873
0.390705
0.382909
0.385906
0.396769
0.385957
0.353407
0.340173
0.359809
0.416226
0.399217
0.386139
0.389326
0.406241
0.384532
0.373237
0.359517
0.351936
0.359515
0.356557
0.366782
0.377458
0.384167
0.388459
0.379018
0.383343
0.418352
0.42759
0.427415
0.405389
0.40004
0.406678
0.391671
0.377554
0.385365
0.396225
0.403437
0.400512
0.401131
0.390477
0.386235
0.389084
0.421292
0.409421
0.427394
0.4225
0.409403
0.434869
0.432666
0.393905
0.392079
0.411828
0.388662
0.380469
0.378232
0.381399
0.400953
0.400959
0.389147
0.397321
0.402798
0.376491
0.39888
0.416741
0.418305
0.397829
0.400309
0.390828
0.394946
0.419552
0.407273
0.399333
0.442234
0.418514
0.403944
0.42144
0.422438
0.399291
0.373436
0.352553
0.355887
0.356297
0.350957
0.364805
0.355245
0.338168
0.344523
0.343095
0.340753
0.34192
0.33781
0.337647
0.358838
0.33547
0.342782
0.345919
0.343089
0.346768
0.360422
0.355425
0.370209
0.391122
0.388468
0.353833
0.37024
0.3802
0.386094
0.36819
0.36123
0.35162
0.351876
0.338837
0.35123
0.342806
0.332736
0.337831
0.338767
0.343689
0.353728
0.344303
0.337709
0.338307
0.346484
0.341909
0.343783
0.342082
0.344196
0.346205
0.363442
0.343693
0.350353
0.343506
0.351576
0.347099
0.349581
0.349277
0.346374
0.339331
0.33225
0.331948
0.333612
0.354212
0.34373
0.338359
0.345214
0.342913
0.338708
0.347054
0.348634
0.333686
0.350875
0.363807
0.361784
0.374504
0.368026
0.40491
0.389159
0.394251
0.377517
0.377754
0.375648
0.370871
0.374424
0.37662
0.385513
0.390566
0.378613
0.362598
0.361926
0.382494
0.405194
0.361223
0.378242
0.379764
0.375695
0.36204
0.369244
0.389155
0.374132
0.38053
0.363016
0.37495
0.385865
0.390008
0.386473
0.360817
0.35037
0.349974
0.353505
0.341792
0.345112
0.348657
0.333801
0.341203
0.342701
0.339941
0.343145
0.353659
0.348999
0.344666
0.34999
0.342434
0.348714
0.353127
0.355636
0.341938
0.342234
0.34191
0.339739
0.353776
0.336669
0.343569
0.339961
0.343898
0.351473
0.346646
0.350523
0.333746
0.339617
0.344988
0.351731
0.343358
0.348585
0.360948
0.361341
0.363472
0.370942
0.371973
0.363163
0.355249
0.354059
0.358174
0.355731
0.358619
0.372751
0.36894
0.359204
0.363863
0.37736
0.407529
0.400117
0.399355
0.429018
0.432479
0.40024
0.371615
0.384784
0.383731
0.372808
0.391806
0.409565
0.394618
0.406072
0.42498
0.439633
0.46153
0.442089
0.419264
0.422536
0.440991
0.429302
0.45357
0.382866
0.432128
0.427034
0.40157
0.375944
0.368579
0.362344
0.37554
0.378333
0.382953
0.398678
0.392946
0.38091
0.362262
0.357903
0.351712
0.361514
0.361943
0.361168
0.355426
0.358493
0.362143
0.375438
0.392694
0.397305
0.410193
0.398638
0.380969
0.378923
0.367574
0.378005
0.375479
0.370074
0.384693
0.380618
0.391769
0.406824
0.41516
0.425013
0.437068
0.467681
0.47831
0.440465
0.442897
0.475897
0.482551
0.477354
0.469531
0.454
0.504323
0.536473
0.502894
0.493769
0.551613
0.473301
0.409428
0.38913
0.362011
0.428207
0.430437
0.430894
0.44422
0.426707
0.416932
0.37913
0.380211
0.408252
0.438674
0.479992
0.459758
0.476271
0.463561
0.415702
0.514942
0.46184
0.406443
0.392212
0.383757
0.38028
0.371011
0.367896
0.369204
0.346583
0.357983
0.345787
0.351014
0.339547
0.343668
0.346421
0.354536
0.359242
0.364383
0.351396
0.356772
0.363486
0.369281
0.37559
0.38465
0.368907
0.37988
0.407458
0.408512
0.390471
0.392305
0.389584
0.397515
0.377736
0.379819
0.375109
0.375579
0.387676
0.412028
0.419748
0.417895
0.442134
0.407949
0.408151
0.437236
0.362245
0.398058
0.385364
0.395941
0.407584
0.379834
0.379317
0.356041
0.38784
0.377035
0.376376
0.370032
0.377196
0.388035
0.404128
0.381986
0.373589
0.363981
0.355836
0.341442
0.345385
0.338532
0.351565
0.351335
0.346783
0.341022
0.35428
0.340963
0.340383
0.344322
0.340679
0.353697
0.346522
0.346866
0.362916
0.378802
0.382183
0.379445
0.3838
0.367072
0.368941
0.344489
0.344325
0.353973
0.334091
0.352429
0.35583
0.365404
0.352779
0.351604
0.354377
0.35571
0.360097
0.390469
0.405857
0.414778
0.44557
0.398753
0.387281
0.403307
0.416941
0.394376
0.405329
0.407151
0.405726
0.405518
0.379385
0.391755
0.391375
0.405784
0.390019
0.377034
0.39722
0.41561
0.405844
0.438636
0.412396
0.408595
0.398614
0.412238
0.406093
0.400663
0.397292
0.417456
0.393103
0.378461
0.393644
0.393432
0.406314
0.389567
0.39954
0.400518
0.395535
0.397541
0.392911
0.383249
0.375512
0.372117
0.410146
0.368095
0.410668
0.424532
0.409596
0.396091
0.387613
0.371653
0.370558
0.36242
0.393265
0.405123
0.42238
0.404151
0.416688
0.422154
0.475586
0.447979
0.451003
0.399337
0.388811
0.428754
0.413387
0.379546
0.364089
0.355862
0.385279
0.464022
0.423972
0.376759
0.39091
0.437242
0.470171
0.468951
0.442376
0.449683
0.443854
0.44807
0.415896
0.398118
0.441898
0.381285
0.433302
0.387855
0.411884
0.404257
0.412251
0.455634
0.458978
0.445719
0.43491
0.448412
0.455388
0.426461
0.48119
0.48668
0.428185
0.44529
0.461292
0.454063
0.39508
0.446961
0.450018
0.466448
0.479815
0.489886
0.467563
0.438305
0.455023
0.440175
0.425171
0.404872
0.385239
0.381811
0.386449
0.384749
0.380867
0.373493
0.380242
0.36473
0.371412
0.388195
0.415191
0.404927
0.384199
0.367591
0.362203
0.350968
0.359692
0.357343
0.342144
0.346789
0.361024
0.359505
0.359544
0.358272
0.360139
0.36645
0.376874
0.383961
0.366225
0.358314
0.354476
0.360627
0.366758
0.37458
0.376256
0.405851
0.390383
0.426548
0.398147
0.382058
0.4136
0.442125
0.450592
0.419624
0.415038
0.440469
0.482847
0.454068
0.398204
0.493356
0.445103
0.382961
0.428279
0.447552
0.479567
0.461091
0.526494
0.431051
0.388428
0.463024
0.496507
0.406802
0.465721
0.469897
0.446497
0.455984
0.479606
0.449651
0.457125
0.436704
0.433698
0.421032
0.447198
0.422973
0.416927
0.418591
0.412797
0.418152
0.406878
0.428692
0.466098
0.487733
0.500184
0.474811
0.464189
0.503498
0.507006
0.528527
0.43493
0.460181
0.491604
0.444391
0.47632
0.462628
0.496592
0.467433
0.526221
0.468656
0.485916
0.493036
0.4955
0.544855
0.525069
0.578707
0.559651
0.572687
0.582561
0.482182
0.40527
0.413468
0.41743
0.424777
0.41932
0.420954
0.415866
0.449077
0.437092
0.419963
0.403661
0.391353
0.386957
0.392111
0.410712
0.426217
0.405164
0.434754
0.446932
0.422551
0.405296
0.409514
0.408069
0.416122
0.401988
0.414344
0.42746
0.45134
0.431472
0.469472
0.42938
0.432528
0.403497
0.428658
0.418775
0.463472
0.484689
0.425677
0.406638
0.428442
0.392173
0.406271
0.405847
0.416805
0.410497
0.410989
0.434094
0.396414
0.401454
0.372738
0.357582
0.372483
0.367578
0.362264
0.369732
0.372988
0.388863
0.366411
0.366067
0.371355
0.391734
0.374283
0.404315
0.413005
0.3831
0.389114
0.410944
0.394165
0.444492
0.492785
0.459863
0.49086
0.453429
0.447799
0.476205
0.479732
0.480737
0.415706
0.422132
0.418939
0.404438
0.443932
0.45523
0.428104
0.404278
0.408959
0.416471
0.43706
0.451064
0.422729
0.42702
0.382899
0.377023
0.370359
0.357105
0.355082
0.381898
0.38797
0.403031
0.392603
0.394209
0.388932
0.380394
0.390208
0.377137
0.359206
0.384067
0.388169
0.416501
0.397001
0.408426
0.417653
0.43156
0.381899
0.415461
0.440751
0.417273
0.391023
0.422692
0.387128
0.396342
0.364701
0.378933
0.366831
0.35198
0.368217
0.383496
0.392463
0.420908
0.399974
0.396388
0.37931
0.373847
0.367671
0.379375
0.380097
0.449129
0.420195
0.401154
0.405398
0.441854
0.386621
0.398028
0.428124
0.429176
0.408074
0.409871
0.401939
0.405851
0.414684
0.424398
0.408405
0.402062
0.408837
0.360351
0.429256
0.437576
0.434535
0.44727
0.423679
0.436132
0.39373
0.462717
0.419543
0.424448
0.489749
0.467553
0.472053
0.442736
0.400892
0.480117
0.465515
0.451153
0.496764
0.467572
0.409234
0.402596
0.425673
0.414489
0.453678
0.462821
0.457291
0.435401
0.422616
0.451809
0.46752
0.481846
0.47484
0.470949
0.403936
0.392714
0.429071
0.415113
0.412636
0.403028
0.448671
0.42014
0.430933
0.391118
0.447289
0.429564
0.502987
0.506417
0.506784
0.477235
0.50941
0.49038
0.464547
0.504376
0.395478
0.460658
0.386045
0.368199
0.44524
0.381487
0.449968
0.540345
0.508716
0.473547
0.435716
0.482017
0.48125
0.429211
0.419495
0.417617
0.424062
0.430683
0.450088
0.452486
0.436371
0.424319
0.380702
0.408897
0.419993
0.457556
0.447047
0.415321
0.423599
0.40773
0.395502
0.430108
0.45784
0.452612
0.450882
0.395287
0.452235
0.426886
0.39517
0.389871
0.390257
0.375696
0.381932
0.392262
0.418376
0.453458
0.466268
0.457305
0.479155
0.445525
0.478161
0.454258
0.478991
0.494933
0.441141
0.44687
0.483638
0.432424
0.400697
0.405614
0.435256
0.441274
0.445807
0.443361
0.41863
0.469416
0.441215
0.390621
0.390699
0.389402
0.38049
0.40565
0.377741
0.379367
0.379806
0.376197
0.386241
0.399892
0.428094
0.387913
0.386806
0.372313
0.373941
0.382344
0.400237
0.425786
0.44517
0.436845
0.452032
0.420556
0.43667
0.391281
0.435422
0.468731
0.413114
0.444642
0.475517
0.47232
0.473266
0.416344
0.535969
0.55431
0.62709
0.58722
0.622481
0.587359
0.543109
0.554011
0.586235
0.516265
0.536636
0.559383
0.457403
0.499503
0.461935
0.47646
0.546026
0.525017
0.51376
0.494378
0.454826
0.448562
0.441939
0.419158
0.415542
0.410156
0.409234
0.409794
0.420738
0.415264
0.403048
0.4084
0.417599
0.460783
0.480421
0.467528
0.431453
0.421842
0.410679
0.44313
0.423458
0.469739
0.482101
0.497083
0.504848
0.47884
0.450666
0.470617
0.471712
0.456768
0.435306
0.426503
0.418355
0.411451
0.424002
0.39931
0.459734
0.464479
0.457213
0.472717
0.467015
0.479734
0.424649
0.435359
0.46116
0.426317
0.418067
0.452947
0.435563
0.45602
0.435226
0.447932
0.449424
0.431574
0.43172
0.407969
0.439937
0.448933
0.43312
0.44803
0.446969
0.425581
0.425305
0.465495
0.464385
0.446402
0.439518
0.439541
0.432998
0.433397
0.453547
0.431498
0.41181
0.413965
0.423981
0.401107
0.408984
0.430865
0.455731
0.47302
0.481479
0.491522
0.470676
0.491488
0.500121
0.500974
0.472806
0.522382
0.494618
0.498571
0.507005
0.5402
0.480389
0.447052
0.407162
0.413327
0.423002
0.437548
0.40145
0.424306
0.403671
0.41797
0.382262
0.441112
0.446994
0.373015
0.381627
0.406944
0.449656
0.425222
0.438267
0.425447
0.430215
0.448005
0.50073
0.504357
0.434004
0.46313
0.497346
0.435179
0.452165
0.421822
0.405562
0.396944
0.392289
0.385047
0.402332
0.40249
0.415324
0.386976
0.40577
0.392806
0.430535
0.46008
0.420215
0.424708
0.45073
0.437664
0.418367
0.439594
0.421449
0.450594
0.462926
0.475118
0.482376
0.489038
0.51804
0.500918
0.460516
0.4579
0.442114
0.39707
0.381016
0.373747
0.365319
0.365349
0.378501
0.367682
0.360155
0.357767
0.359286
0.362005
0.358076
0.378873
0.365489
0.369104
0.366358
0.367491
0.360696
0.354927
0.366121
0.360839
0.371862
0.365801
0.376011
0.394929
0.391288
0.406363
0.431078
0.438046
0.475265
0.479483
0.455602
0.484378
0.511934
0.51262
0.505346
0.481126
0.488692
0.471179
0.461544
0.448569
0.443999
0.408645
0.447261
0.471019
0.485573
0.515341
0.426859
0.391511
0.454013
0.425439
0.449881
0.420073
0.367637
0.400368
0.467677
0.434116
0.426114
0.408011
0.396703
0.417105
0.448687
0.455547
0.454697
0.473413
0.46021
0.394315
0.360675
0.367959
0.362824
0.367931
0.390223
0.408919
0.411302
0.435331
0.430532
0.417743
0.429763
0.425931
0.433804
0.440459
0.426424
0.410482
0.410262
0.414658
0.425845
0.40869
0.460291
0.460842
0.511372
0.466655
0.414737
0.418006
0.431209
0.41201
0.417784
0.417422
0.436777
0.475361
0.495913
0.48586
0.48425
0.498027
0.529926
0.56561
0.558046
0.496307
0.479405
0.492066
0.489236
0.490074
0.477642
0.497018
0.536633
0.52424
0.526844
0.598711
0.590688
0.59108
0.54902
0.519791
0.542912
0.497727
0.532699
0.46335
0.502776
0.548871
0.504177
0.535191
0.493123
0.490592
0.479962
0.474299
0.512661
0.42388
0.432513
0.515682
0.513437
0.441115
0.514957
0.506547
0.515637
0.452335
0.447888
0.457238
0.462264
0.4609
0.489824
0.447485
0.461207
0.524634
0.522981
0.505955
0.49291
0.507541
0.435886
0.459704
0.46779
0.488107
0.422863
0.451932
0.480112
0.455118
0.398732
0.452195
0.41773
0.433286
0.434981
0.420401
0.400391
0.406756
0.394854
0.416358
0.439385
0.38817
0.401898
0.397206
0.398039
0.426944
0.40206
0.397562
0.411701
0.42784
0.443811
0.436045
0.419868
0.47732
0.44525
0.505473
0.489253
0.524668
0.528268
0.509682
0.480836
0.450303
0.510869
0.456672
0.453359
0.426218
0.445714
0.413639
0.457844
0.535608
0.427155
0.428791
0.386534
0.39306
0.455344
0.48976
0.460611
0.395361
0.47724
0.502614
0.487478
0.50825
0.425768
0.457994
0.398256
0.40584
0.404549
0.462955
0.438475
0.38676
0.473459
0.45637
0.443224
0.455292
0.433901
0.391766
0.454645
0.452067
0.447192
0.433861
0.437024
0.424166
0.48999
0.476347
0.442811
0.419954
0.409432
0.453885
0.452543
0.480529
0.498463
0.411176
0.418561
0.423889
0.455034
0.504524
0.530098
0.469042
0.501835
0.439856
0.518678
0.462379
0.487545
0.506017
0.414312
0.399104
0.404989
0.478497
0.529924
0.500193
0.499132
0.478444
0.487273
0.475865
0.462405
0.478068
0.491978
0.509439
0.523525
0.449431
0.489381
0.518722
0.508585
0.47281
0.506688
0.419868
0.438986
0.434259
0.416703
0.454156
0.501805
0.447434
0.400453
0.490132
0.466241
0.473157
0.475402
0.463437
0.503322
0.521497
0.490211
0.512783
0.469203
0.419347
0.426816
0.420102
0.387515
0.382007
0.373048
0.368617
0.361998
0.349641
0.354681
0.363635
0.36152
0.369025
0.372572
0.372476
0.38433
0.397382
0.419129
0.395421
0.399295
0.399348
0.400734
0.455664
0.436638
0.454054
0.471207
0.466405
0.475041
0.466212
0.438187
0.425105
0.397433
0.433736
0.431639
0.401053
0.453173
0.404965
0.422468
0.377916
0.377902
0.476873
0.388308
0.376681
0.421542
0.425203
0.462793
0.412134
0.365492
0.466971
0.453147
0.499044
0.446867
0.444261
0.44547
0.439714
0.449655
0.466205
0.386269
0.370995
0.42181
0.433213
0.466258
0.457166
0.432423
0.447004
0.43052
0.446149
0.460196
0.424079
0.394948
0.369261
0.378198
0.397599
0.383828
0.379211
0.372827
0.367071
0.368545
0.372167
0.380497
0.372299
0.396895
0.432818
0.464933
0.474487
0.455987
0.460606
0.513951
0.503929
0.484921
0.500206
0.527318
0.479619
0.55041
0.499566
0.481046
0.546098
0.521571
0.499246
0.516602
0.497529
0.506002
0.482068
0.543034
0.483433
0.486355
0.508701
0.534395
0.479026
0.516462
0.555763
0.540279
0.520253
0.514791
0.504683
0.498158
0.591006
0.588529
0.555401
0.586269
0.557049
0.529788
0.522932
0.540084
0.415965
0.432451
0.421972
0.40712
0.368847
0.366207
0.355104
0.369037
0.382959
0.384403
0.399069
0.426441
0.410056
0.432636
0.408557
0.390135
0.369917
0.367077
0.382463
0.392409
0.387131
0.403544
0.404419
0.40054
0.393395
0.402832
0.402916
0.43608
0.434181
0.406298
0.393646
0.391085
0.442489
0.438896
0.436692
0.390178
0.410277
0.423417
0.426762
0.442477
0.430984
0.41978
0.403947
0.401584
0.403911
0.444381
0.457967
0.459776
0.410943
0.432815
0.420681
0.464206
0.451837
0.42126
0.408321
0.411727
0.401246
0.377973
0.401039
0.421311
0.399102
0.444889
0.420108
0.396391
0.38099
0.444543
0.450313
0.440036
0.425714
0.415276
0.408387
0.412757
0.415751
0.388111
0.392504
0.389978
0.39689
0.383342
0.400218
0.417962
0.398433
0.37925
0.371842
0.375903
0.370709
0.373911
0.369029
0.355725
0.349171
0.347934
0.340003
0.349943
0.346673
0.346866
0.347407
0.359738
0.362175
0.371207
0.375838
0.407863
0.411914
0.40449
0.388979
0.385143
0.361764
0.353139
0.354395
0.36391
0.350485
0.359638
0.3662
0.379591
0.383113
0.407362
0.411053
0.404246
0.408471
0.430568
0.42721
0.411161
0.369601
0.480701
0.491765
0.420319
0.384106
0.363909
0.376157
0.369356
0.360379
0.366716
0.370865
0.375016
0.364724
0.358535
0.352463
0.357071
0.350455
0.36526
0.373079
0.387342
0.368319
0.382936
0.370762
0.358932
0.358025
0.365306
0.362547
0.35622
0.358821
0.37136
0.393336
0.424138
0.394011
0.418507
0.444137
0.427071
0.429564
0.474937
0.460519
0.417272
0.412633
0.443381
0.441426
0.427458
0.462038
0.453732
0.502583
0.494984
0.37491
0.421868
0.445186
0.445844
0.432707
0.421069
0.452634
0.407836
0.419205
0.403598
0.394195
0.380282
0.378952
0.375615
0.381526
0.357569
0.363497
0.366388
0.373178
0.390685
0.382233
0.374886
0.380105
0.394167
0.380459
0.381094
0.378817
0.388008
0.399688
0.392343
0.357627
0.425053
0.423931
0.434435
0.429252
0.435085
0.436517
0.430347
0.440077
0.434327
0.420452
0.429003
0.42202
0.374898
0.359235
0.35399
0.357281
0.368654
0.387603
0.411101
0.412036
0.357977
0.423357
0.423435
0.403835
0.430194
0.412555
0.38213
0.391768
0.382464
0.366542
0.361901
0.348974
0.346077
0.340416
0.353581
0.34743
0.349056
0.339165
0.343679
0.339496
0.34852
0.359582
0.355549
0.342533
0.34591
0.363448
0.361861
0.344354
0.349239
0.35963
0.365329
0.39159
0.385384
0.401918
0.382194
0.370592
0.35547
0.348731
0.35339
0.345757
0.358464
0.372099
0.375842
0.366803
0.361757
0.361636
0.401212
0.41783
0.431263
0.444224
0.36627
0.432878
0.443769
0.409116
0.412634
0.401956
0.436715
0.452447
0.441662
0.467638
0.42012
0.411535
0.395123
0.42299
0.429827
0.481884
0.483088
0.428306
0.499203
0.523127
0.515724
0.458216
0.489977
0.601535
0.591111
0.613554
0.589961
0.571687
0.584659
0.579815
0.561103
0.532283
0.50877
0.553434
0.552243
0.577354
0.543508
0.547407
0.5503
0.536231
0.528517
0.551223
0.512692
0.516496
0.533651
0.491776
0.519859
0.488625
0.442683
0.48053
0.529638
0.524014
0.533688
0.518406
0.518608
0.461867
0.461517
0.426986
0.43728
0.485792
0.512231
0.537269
0.518044
0.527344
0.52206
0.522442
0.491457
0.435105
0.446199
0.433342
0.489367
0.533742
0.546492
0.473483
0.463132
0.545003
0.525432
0.520491
0.47606
0.435203
0.506029
0.504893
0.452145
0.461964
0.509269
0.509941
0.497964
0.505864
0.528465
0.530999
0.520538
0.531304
0.540186
0.550509
0.555003
0.530759
0.529516
0.525892
0.490909
0.412057
0.414983
0.405512
0.39309
0.41117
0.398777
0.41556
0.414333
0.41037
0.403882
0.422676
0.412753
0.41939
0.410307
0.415897
0.410755
0.414523
0.372805
0.394923
0.417656
0.424039
0.439041
0.413106
0.45185
0.450967
0.48817
0.496536
0.436581
0.478201
0.465878
0.455153
0.420586
0.445398
0.44776
0.428413
0.423498
0.441195
0.419661
0.462796
0.470884
0.513215
0.508315
0.502326
0.438385
0.440138
0.471589
0.420812
0.484098
0.508044
0.493297
0.535383
0.520458
0.484015
0.419348
0.412992
0.412879
0.447729
0.411334
0.445693
0.51312
0.525725
0.52526
0.507582
0.506577
0.515098
0.424795
0.46599
0.465114
0.511117
0.523629
0.463373
0.492271
0.478478
0.459772
0.540593
0.538019
0.484464
0.429768
0.425618
0.451832
0.505113
0.436923
0.405313
0.40179
0.470226
0.528673
0.538907
0.527382
0.517487
0.527541
0.453184
0.490403
0.507717
0.481859
0.509187
0.52811
0.509608
0.469777
0.478848
0.53391
0.533162
0.532497
0.492041
0.531805
0.541045
0.511513
0.511411
0.537667
0.517854
0.498143
0.483664
0.461672
0.439222
0.417253
0.445554
0.44793
0.451808
0.453394
0.436203
0.462672
0.496519
0.519878
0.504971
0.458283
0.474892
0.539137
0.556328
0.514023
0.436179
0.494139
0.420015
0.43668
0.446646
0.446163
0.43692
0.449152
0.476599
0.476272
0.525268
0.419045
0.463689
0.486843
0.481005
0.451775
0.428124
0.440473
0.464782
0.456921
0.434721
0.480454
0.456658
0.480224
0.413249
0.520961
0.442146
0.465767
0.40852
0.451538
0.451149
0.425001
0.433713
0.44085
0.422635
0.391339
0.379869
0.400014
0.370674
0.369548
0.361973
0.374236
0.377469
0.373697
0.378536
0.389416
0.396108
0.39368
0.407412
0.379442
0.390401
0.402024
0.417425
0.400074
0.381087
0.380407
0.383251
0.389075
0.393917
0.387587
0.38045
0.393239
0.397578
0.402308
0.385942
0.404158
0.373183
0.365724
0.366515
0.382699
0.381526
0.384981
0.393195
0.384611
0.409514
0.402179
0.421363
0.393098
0.393429
0.427131
0.468924
0.466531
0.43502
0.411361
0.429875
0.426114
0.416899
0.434729
0.442631
0.434822
0.41001
0.426717
0.409303
0.432459
0.418447
0.408817
0.424882
0.394051
0.394587
0.422771
0.430062
0.43207
0.466195
0.436671
0.443434
0.445368
0.41897
0.453274
0.480891
0.474729
0.479585
0.462694
0.418457
0.398373
0.42935
0.481216
0.486486
0.475891
0.469696
0.513673
0.482356
0.479363
0.477713
0.47422
0.46356
0.451806
0.435247
0.442199
0.468701
0.458742
0.459418
0.453788
0.44772
0.488275
0.510068
0.47492
0.459162
0.463757
0.498338
0.432757
0.46482
0.484764
0.43984
0.472469
0.459838
0.435216
0.398333
0.401351
0.387029
0.394807
0.427699
0.464137
0.43568
0.45788
0.415344
0.421862
0.438047
0.413738
0.408471
0.428996
0.428533
0.452311
0.469793
0.458907
0.469427
0.47404
0.463022
0.464223
0.40744
0.453519
0.416891
0.482997
0.49363
0.480054
0.441106
0.447835
0.458231
0.466432
0.443605
0.488366
0.471441
0.47338
0.502227
0.455223
0.443926
0.473157
0.458918
0.481082
0.51102
0.483083
0.481268
0.473752
0.452171
0.48118
0.46855
0.44707
0.429792
0.403287
0.400307
0.404283
0.417276
0.434505
0.442742
0.418235
0.407267
0.385602
0.396221
0.379078
0.373151
0.373449
0.38578
0.405494
0.431631
0.466414
0.47717
0.481654
0.492677
0.498266
0.489811
0.470941
0.437897
0.473666
0.478843
0.4455
0.468002
0.465171
0.426626
0.434165
0.438652
0.420359
0.428755
0.460446
0.494676
0.513827
0.545422
0.535825
0.587737
0.578008
0.549149
0.56034
0.598707
0.571281
0.554472
0.528685
0.392987
0.397983
0.374282
0.413003
0.406843
0.363158
0.365492
0.375077
0.377905
0.379483
0.3737
0.360894
0.360737
0.347705
0.355166
0.354729
0.372884
0.40659
0.404533
0.386087
0.362123
0.351564
0.353497
0.353834
0.351687
0.350629
0.342779
0.350753
0.346337
0.354387
0.357844
0.355907
0.342669
0.337086
0.350267
0.355705
0.345046
0.351914
0.349873
0.348149
0.339617
0.341587
0.362997
0.369052
0.342248
0.348106
0.353412
0.360954
0.360519
0.381648
0.399257
0.398993
0.391728
0.381669
0.382115
0.373253
0.357462
0.362004
0.362023
0.363294
0.364074
0.377955
0.390001
0.400383
0.399321
0.391304
0.37832
0.367153
0.369881
0.361743
0.373926
0.415645
0.432914
0.445892
0.439456
0.439121
0.451974
0.428123
0.418006
0.459465
0.443579
0.414492
0.433294
0.429627
0.441852
0.445181
0.435429
0.414867
0.40204
0.40984
0.419763
0.460603
0.459651
0.469827
0.447082
0.412417
0.400196
0.446219
0.425221
0.409209
0.422066
0.426099
0.453637
0.417466
0.428841
0.433853
0.436909
0.421738
0.391271
0.408172
0.417116
0.451841
0.472944
0.496003
0.489441
0.504919
0.486831
0.500931
0.501732
0.532764
0.492728
0.522739
0.509997
0.564713
0.517024
0.510372
0.525097
0.51163
0.543262
0.472686
0.54277
0.513413
0.446307
0.415815
0.394104
0.447045
0.479976
0.448755
0.488426
0.480164
0.478147
0.479272
0.475523
0.537549
0.538471
0.547597
0.493324
0.483913
0.492531
0.514997
0.474601
0.435366
0.447384
0.468833
0.471134
0.522382
0.50637
0.510946
0.488225
0.483601
0.503989
0.453822
0.488886
0.482569
0.423575
0.460515
0.434663
0.452478
0.472521
0.456844
0.452323
0.460524
0.497021
0.45227
0.426313
0.378769
0.401576
0.452221
0.475353
0.496134
0.494592
0.436804
0.438559
0.519054
0.496248
0.468043
0.486863
0.461313
0.470074
0.460447
0.445115
0.442392
0.462004
0.454123
0.420186
0.445141
0.438558
0.436109
0.409976
0.405216
0.410846
0.437607
0.452428
0.515921
0.443705
0.408591
0.482896
0.504019
0.4862
0.497655
0.534156
0.552078
0.541871
0.523353
0.529185
0.467052
0.503325
0.498752
0.520728
0.536371
0.469849
0.44627
0.42812
0.442925
0.444852
0.452143
0.501972
0.511968
0.471501
0.500466
0.511765
0.521453
0.503685
0.503224
0.540697
0.474895
0.466364
0.500095
0.51916
0.503035
0.526329
0.489696
0.485298
0.494589
0.459847
0.553858
0.517795
0.550229
0.484611
0.512299
0.485588
0.452132
0.443831
0.451981
0.492957
0.558614
0.503308
0.502404
0.487491
0.516908
0.53879
0.546198
0.572638
0.518849
0.477197
0.412575
0.416952
0.443675
0.420032
0.378398
0.37419
0.379247
0.366139
0.376779
0.380381
0.379799
0.387387
0.397386
0.393236
0.406119
0.42176
0.402371
0.389597
0.389608
0.392112
0.382963
0.396449
0.395705
0.399411
0.44807
0.45298
0.469207
0.456717
0.395979
0.394173
0.385253
0.395076
0.390348
0.398315
0.381823
0.389989
0.390158
0.406548
0.420533
0.402924
0.410909
0.413767
0.40666
0.382198
0.371065
0.381407
0.379932
0.398505
0.388222
0.408771
0.391723
0.394643
0.415644
0.437034
0.408361
0.410173
0.42813
0.425079
0.40883
0.423275
0.410553
0.437596
0.429688
0.428392
0.429624
0.42529
0.418576
0.397918
0.386529
0.380186
0.369341
0.360184
0.376324
0.407347
0.403668
0.386247
0.374191
0.366089
0.378981
0.401038
0.426749
0.432533
0.423393
0.420325
0.409212
0.405726
0.391033
0.378695
0.366009
0.362104
0.374944
0.363045
0.35573
0.359513
0.362198
0.365568
0.372065
0.361871
0.36054
0.373772
0.356022
0.356144
0.369322
0.361142
0.362936
0.377183
0.389439
0.394538
0.401627
0.396665
0.391716
0.37029
0.363558
0.360669
0.347375
0.354052
0.367148
0.362224
0.352455
0.356054
0.359581
0.356255
0.363599
0.362177
0.366214
0.370183
0.370527
0.367555
0.363903
0.351528
0.359148
0.379163
0.382301
0.388882
0.396305
0.383545
0.393468
0.390953
0.394268
0.405576
0.416893
0.446654
0.463651
0.491937
0.503863
0.463886
0.416231
0.427558
0.410725
0.453633
0.391268
0.384584
0.396207
0.387438
0.385572
0.369948
0.375802
0.390829
0.398998
0.399528
0.396991
0.416397
0.427547
0.387448
0.398115
0.382132
0.401502
0.386909
0.39823
0.426743
0.412623
0.420592
0.476746
0.458916
0.407955
0.435314
0.453716
0.474413
0.493841
0.516941
0.42945
0.400748
0.413926
0.399441
0.398148
0.401467
0.394052
0.401847
0.381379
0.415762
0.443806
0.451514
0.467968
0.417393
0.41884
0.418522
0.450436
0.40902
0.413161
0.395501
0.394933
0.398378
0.383129
0.391489
0.387433
0.411527
0.390072
0.377669
0.379998
0.389567
0.43059
0.384116
0.367816
0.388284
0.380549
0.404239
0.394272
0.408191
0.392438
0.384409
0.382361
0.382497
0.448019
0.403857
0.38572
0.384308
0.378114
0.383225
0.370416
0.372896
0.3947
0.380906
0.387058
0.415769
0.456609
0.477567
0.483482
0.432524
0.386961
0.410631
0.420812
0.423802
0.388576
0.441712
0.46147
0.446797
0.440197
0.459187
0.404063
0.410519
0.387589
0.378425
0.390351
0.404277
0.40498
0.426165
0.390764
0.377137
0.395274
0.389039
0.395051
0.387445
0.379318
0.383541
0.387507
0.394908
0.4081
0.376834
0.398829
0.394186
0.371918
0.371222
0.367758
0.365658
0.367691
0.363108
0.372988
0.374287
0.37561
0.366141
0.374356
0.370256
0.3527
0.368068
0.36257
0.354739
0.358393
0.36619
0.364958
0.359615
0.36588
0.353252
0.359619
0.356756
0.357722
0.375571
0.373723
0.359743
0.371775
0.371917
0.369683
0.363692
0.35445
0.360772
0.352871
0.363307
0.361319
0.358735
0.362483
0.357551
0.359525
0.35035
0.351601
0.360826
0.358575
0.356957
0.363034
0.360698
0.364429
0.356178
0.363986
0.360382
0.366303
0.358757
0.370667
0.358744
0.356267
0.364195
0.354839
0.35711
0.355614
0.36597
0.361312
0.368245
0.383456
0.373313
0.354225
0.38301
0.378756
0.38273
0.36601
0.372701
0.366769
0.362724
0.357757
0.359653
0.350907
0.367008
0.377415
0.399991
0.403598
0.410148
0.424217
0.425187
0.394201
0.390416
0.406791
0.396763
0.404235
0.403252
0.397692
0.421136
0.421395
0.412416
0.389959
0.381189
0.377454
0.373147
0.361913
0.367842
0.384399
0.385221
0.364046
0.393932
0.374545
0.426607
0.458712
0.404039
0.410423
0.372482
0.356087
0.373565
0.380548
0.393606
0.399925
0.412566
0.394093
0.404664
0.394931
0.398781
0.388903
0.378704
0.390134
0.394139
0.387043
0.389963
0.402858
0.376754
0.370428
0.359877
0.375721
0.376251
0.356273
0.355973
0.364543
0.375898
0.396371
0.45312
0.372056
0.366927
0.364446
0.365834
0.36976
0.375107
0.383057
0.369694
0.397419
0.408497
0.404032
0.433034
0.422768
0.442554
0.464735
0.433428
0.41394
0.404847
0.414412
0.384978
0.368088
0.360382
0.363667
0.368433
0.365999
0.369372
0.375892
0.39357
0.388344
0.424462
0.396092
0.395626
0.382538
0.362679
0.363503
0.373706
0.360407
0.364617
0.363987
0.35714
0.358448
0.361446
0.353026
0.358951
0.35644
0.349817
0.35097
0.363291
0.379101
0.385135
0.393449
0.383205
0.4562
0.469122
0.45328
0.406044
0.395634
0.39394
0.395398
0.38046
0.40342
0.382809
0.392211
0.375873
0.412272
0.407563
0.41758
0.42666
0.392614
0.404084
0.39191
0.41756
0.413121
0.426665
0.417475
0.413583
0.419405
0.40644
0.410351
0.413164
0.408654
0.393527
0.40995
0.394434
0.380841
0.383192
0.370444
0.393501
0.395051
0.387314
0.37844
0.399604
0.39727
0.400799
0.395641
0.392428
0.388331
0.382343
0.378184
0.388717
0.373802
0.368797
0.372106
0.366299
0.378836
0.381454
0.359493
0.362104
0.364387
0.367045
0.371696
0.372968
0.380628
0.378978
0.394678
0.373052
0.367391
0.362182
0.376023
0.366628
0.379999
0.384724
0.390765
0.387246
0.384846
0.397807
0.402137
0.434938
0.427256
0.426917
0.456951
0.418059
0.446043
0.4097
0.406739
0.436045
0.40543
0.390478
0.377475
0.466067
0.459261
0.54038
0.557793
0.53636
0.524376
0.479711
0.397567
0.385816
0.395611
0.47253
0.3567
0.359963
0.358607
0.362077
0.358185
0.359791
0.389015
0.411429
0.436125
0.413603
0.404109
0.392202
0.387663
0.426131
0.416349
0.400125
0.428479
0.409625
0.424455
0.404287
0.399127
0.404453
0.436119
0.407708
0.380166
0.381844
0.375672
0.400753
0.39486
0.382621
0.398276
0.378497
0.37633
0.395626
0.403406
0.381721
0.378209
0.374268
0.372579
0.388146
0.379252
0.390732
0.406932
0.381297
0.382455
0.373952
0.405232
0.379692
0.401284
0.394478
0.396704
0.403092
0.393662
0.401974
