0.523491
0.485442
0.473111
0.482381
0.480105
0.474795
0.457415
0.45652
0.450137
0.411603
0.436151
0.402856
0.398154
0.362008
0.376684
0.362823
0.386024
0.399956
0.373839
0.360956
0.393773
0.417568
0.411993
0.441371
0.442132
0.415262
0.404013
0.392252
0.40426
0.409054
0.348316
0.351181
0.391782
0.46332
0.416199
0.394176
0.389763
0.431634
0.442435
0.413904
0.391651
0.415072
0.436534
0.432435
0.405745
0.410454
0.422854
0.436788
0.386279
0.396889
0.43273
0.3699
0.381866
0.399072
0.40416
0.435092
0.376567
0.371421
0.431672
0.405871
0.419206
0.421581
0.394197
0.412489
0.428968
0.41858
0.378986
0.361081
0.375706
0.373321
0.385324
0.364345
0.384561
0.401784
0.382433
0.358461
0.369053
0.359178
0.391286
0.4036
0.380807
0.378325
0.436166
0.393397
0.415817
0.453643
0.493912
0.386918
0.415574
0.45871
0.383649
0.381875
0.382323
0.395313
0.423787
0.440512
0.478315
0.424492
0.398583
0.398964
0.40568
0.368042
0.349395
0.357471
0.372977
0.372665
0.382376
0.377976
0.414803
0.465273
0.408413
0.413603
0.384218
0.377329
0.379664
0.387343
0.348225
0.382969
0.368324
0.384298
0.431389
0.382263
0.44324
0.491643
0.475239
0.392272
0.379535
0.400359
0.350826
0.369115
0.40037
0.388964
0.359773
0.348818
0.369668
0.387446
0.380631
0.388669
0.368624
0.360868
0.377154
0.367267
0.383462
0.352692
0.378535
0.366994
0.355706
0.352933
0.388604
0.384913
0.394159
0.370598
0.357549
0.374786
0.370645
0.361363
0.400024
0.40732
0.467485
0.412267
0.397379
0.381247
0.353114
0.349006
0.404824
0.390258
0.376375
0.390652
0.383021
0.394995
0.401711
0.40442
0.362395
0.366337
0.374109
0.361331
0.356734
0.380362
0.379665
0.372482
0.385119
0.407419
0.435397
0.427968
0.398721
0.42779
0.409483
0.369327
0.413121
0.446051
0.478229
0.433522
0.409822
0.419725
0.40349
0.397117
0.434589
0.463577
0.444413
0.426346
0.38004
0.36455
0.359257
0.37762
0.366467
0.383633
0.389946
0.354767
0.363223
0.39281
0.398604
0.375202
0.366636
0.368328
0.38226
0.398643
0.376109
0.388021
0.404248
0.422799
0.405041
0.449652
0.506152
0.400609
0.359138
0.370441
0.406301
0.417184
0.403985
0.397398
0.43067
0.403533
0.413199
0.432112
0.473037
0.366788
0.354304
0.372889
0.378635
0.481865
0.401321
0.372057
0.367486
0.358888
0.381441
0.430149
0.399754
0.425752
0.383456
0.450623
0.46815
0.419986
0.434944
0.390214
0.419998
0.427008
0.407828
0.405029
0.408384
0.400115
0.389171
0.384226
0.387585
0.376453
0.373956
0.362792
0.367852
0.407767
0.406848
0.371024
0.350503
0.374934
0.40044
0.408451
0.419559
0.412735
0.524901
0.400836
0.381898
0.368288
0.393637
0.367069
0.365883
0.418398
0.422001
0.39842
0.381368
0.397014
0.395312
0.425075
0.439549
0.423362
0.374415
0.410397
0.426479
0.415328
0.446892
0.501364
0.546989
0.429231
0.406139
0.430994
0.390977
0.4007
0.41161
0.416254
0.421894
0.354964
0.374674
0.376094
0.449103
0.417464
0.43864
0.405322
0.389886
0.419186
0.446521
0.412403
0.399948
0.415231
0.435127
0.450478
0.48957
0.496198
0.415725
0.419214
0.421676
0.36369
0.374492
0.408636
0.371303
0.420015
0.401652
0.487856
0.503174
0.455689
0.409458
0.383908
0.367534
0.39034
0.369558
0.37241
0.407815
0.448271
0.434801
0.425369
0.438783
0.448368
0.42222
0.395448
0.370927
0.380954
0.389882
0.389466
0.46114
0.440775
0.368921
0.397889
0.368935
0.370498
0.355732
0.359867
0.397757
0.392474
0.40985
0.453144
0.448827
0.456489
0.4523
0.476538
0.413672
0.42107
0.40639
0.37684
0.403306
0.400266
0.386373
0.356927
0.345444
0.343737
0.375987
0.368888
0.3451
0.353078
0.392474
0.406804
0.37378
0.46336
0.420752
0.376206
0.386165
0.392178
0.351371
0.367551
0.402822
0.396791
0.40628
0.41702
0.435872
0.41809
0.36823
0.411348
0.450158
0.45505
0.496201
0.419269
0.425215
0.411222
0.403755
0.432742
0.387008
0.393332
0.407098
0.435816
0.442397
0.451011
0.441855
0.429245
0.438871
0.408048
0.426106
0.529427
0.438987
0.449318
0.43973
0.451879
0.441619
0.426309
0.398443
0.423369
0.441837
0.416725
0.441985
0.524497
0.490275
0.468808
0.415495
0.474006
0.439674
0.447964
0.467759
0.470846
0.447743
0.405453
0.42009
0.439054
0.420266
0.523843
0.394388
0.412325
0.41561
0.367823
0.387893
0.381942
0.403203
0.419951
0.397129
0.399364
0.352112
0.378304
0.445565
0.549447
0.491972
0.502607
0.438006
0.467255
0.489223
0.484118
0.48906
0.478083
0.453963
0.392039
0.387288
0.423201
0.450024
0.442411
0.450567
0.460659
0.434306
0.504119
0.378723
0.35025
0.374227
0.419491
0.427418
0.503599
0.478573
0.471722
0.455694
0.476753
0.491259
0.505078
0.428418
0.407478
0.399325
0.40776
0.386881
0.371229
0.367324
0.419148
0.409629
0.429386
0.396375
0.426296
0.394313
0.368242
0.362884
0.359486
0.36669
0.396485
0.387495
0.387615
0.393114
0.389644
0.375944
0.403727
0.398728
0.377096
0.395032
0.445284
0.409551
0.403624
0.386933
0.396001
