0.517524
0.567642
0.579928
0.494377
0.461034
0.519863
0.479602
0.446089
0.498724
0.481426
0.507151
0.453948
0.445715
0.467225
0.493588
0.494833
0.499546
0.489976
0.471609
0.459511
0.494023
0.472611
0.463888
0.479786
0.483881
0.485894
0.448772
0.483789
0.475873
0.475918
0.473203
0.447945
0.435156
0.454785
0.480567
0.466351
0.448139
0.444907
0.472548
0.421372
0.467707
0.474829
0.426142
0.451762
0.463302
0.407492
0.380742
0.405023
0.413467
0.446452
0.478212
0.45136
0.404178
0.40477
0.409658
0.413211
0.381324
0.403249
0.403843
0.404065
0.406012
0.392609
0.378851
0.409788
0.381299
0.35945
0.379765
0.351698
0.350346
0.35299
0.373389
0.384102
0.385854
0.383172
0.357842
0.35181
0.367533
0.36162
0.373238
0.386495
0.387316
0.380046
0.393142
0.37919
0.396538
0.390914
0.400815
0.393194
0.417164
0.407181
0.372088
0.364551
0.353797
0.3718
0.385572
0.37639
0.349437
0.347831
0.351653
0.342804
0.355001
0.381141
0.405347
0.468205
0.425585
0.43018
0.432422
0.406322
0.399062
0.419101
0.419303
0.390847
0.405175
0.409033
0.415488
0.416511
0.422525
0.413757
0.439409
0.450009
0.423164
0.443369
0.465019
0.475436
0.499813
0.429205
0.383409
0.424987
0.444059
0.429915
0.392891
0.374445
0.418882
0.411782
0.411931
0.410686
0.387789
0.377252
0.395836
0.380437
0.394161
0.386597
0.422398
0.396459
0.40397
0.407298
0.411432
0.419321
0.425126
0.415514
0.401608
0.390941
0.367854
0.360997
0.345081
0.340883
0.335544
0.343495
0.357682
0.367121
0.344659
0.342442
0.349712
0.364426
0.356664
0.381627
0.441058
0.490973
0.450935
0.466135
0.473125
0.454436
0.414992
0.433035
0.415535
0.414375
0.41795
0.427208
0.410368
0.402386
0.36804
0.369459
0.375706
0.38089
0.386519
0.400587
0.395045
0.417498
0.434544
0.403887
0.462643
0.420872
0.504447
0.439871
0.446381
0.422972
0.417789
0.402821
0.440584
0.426632
0.420524
0.381962
0.364734
0.391737
0.396354
0.404694
0.39922
0.408485
0.441034
0.413648
0.416346
0.393195
0.440167
0.46517
0.445615
0.457606
0.378254
0.406944
0.410711
0.412703
0.446871
0.475326
0.45067
0.429355
0.37785
0.364577
0.398463
0.441044
0.383064
0.394401
0.411048
0.442214
0.390557
0.374876
0.44777
0.423941
0.450357
0.47594
0.424508
0.453575
0.433048
0.434285
0.397348
0.402312
0.3858
0.356464
0.383214
0.399093
0.423061
0.394856
0.369835
0.377215
0.442203
0.427555
0.413932
0.423483
0.446497
0.430908
0.400006
0.361707
0.359254
0.351528
0.366543
0.39912
0.405181
0.386178
0.35625
0.36177
0.377585
0.420943
0.411984
0.410334
0.37673
0.424544
0.424861
0.385399
0.392467
0.402911
0.428782
0.439754
0.443699
0.425536
0.446755
0.416458
0.370414
0.351665
0.349094
0.380691
0.388881
0.358169
0.351319
0.356622
0.398821
0.46901
0.418237
0.425042
0.414318
0.426047
0.463441
0.429876
0.432234
0.40686
0.44014
0.430624
0.394278
0.360344
0.405473
0.43778
0.406796
0.384605
0.433559
0.44753
0.427443
0.424529
0.439588
0.400394
0.366226
0.362461
0.378659
0.417143
0.443443
0.467237
0.454437
0.393839
0.35872
0.388051
0.365441
0.429069
0.447224
0.453698
0.438185
0.451292
0.413083
0.399112
0.422935
0.395937
0.41515
0.377107
0.37805
0.361678
0.349118
0.35162
0.358541
0.369062
0.372962
0.356624
0.357096
0.375939
0.392427
0.383774
0.384145
0.399819
0.386437
0.360688
0.349721
0.360914
0.369477
0.387789
0.403779
0.391464
0.3742
0.361558
0.35875
0.363002
0.365696
0.356642
0.371055
0.395563
0.39055
0.406703
0.402666
0.412032
0.404575
0.398566
0.402311
0.395842
0.388802
0.379841
0.366395
0.361253
0.369531
0.375745
0.347518
0.342857
0.359323
0.35882
0.356079
0.36517
0.387918
0.392167
0.350654
0.33863
0.342511
0.376063
0.388308
0.396322
0.364669
0.395335
0.411842
0.416856
0.397569
0.406293
0.374554
0.418816
0.404505
0.401005
0.365877
0.369808
0.354984
0.354058
0.358875
0.36775
0.398778
0.441605
0.446373
0.470427
0.465976
0.382964
0.389826
0.405751
0.407491
0.38865
0.3725
0.401437
0.390849
0.389609
0.411817
0.46592
0.4645
0.449049
0.437488
0.462264
0.458814
0.45652
0.477999
0.499773
0.532403
0.49831
0.368629
0.366648
0.383198
0.392056
0.420595
0.388442
0.371309
0.390716
0.439761
0.476055
0.460778
0.427465
0.508332
0.478468
0.438194
0.412706
0.383315
0.377885
0.371272
0.379722
0.365328
0.370804
0.401461
0.379562
0.388409
0.381684
0.388941
0.371826
0.36716
0.39102
0.41997
0.421365
0.389523
0.36125
0.378287
0.422754
0.449727
0.418703
0.41208
0.40233
0.448133
0.423184
0.429677
0.438176
0.457233
0.454549
0.492776
0.5159
0.432504
0.49771
0.451198
0.430381
0.420452
0.401245
0.414866
0.439826
0.400215
0.384671
0.403836
0.398505
0.39862
0.402062
0.404517
0.403611
0.383928
0.400263
0.381621
0.399693
0.440816
0.419371
0.376755
0.405152
0.355992
0.360365
0.361867
0.35066
0.348128
0.360578
0.349284
0.340317
0.34751
0.343012
0.35574
0.364148
0.350375
0.365081
0.344778
0.351155
0.359074
0.377128
0.379108
0.385452
0.392919
0.359188
0.345977
0.353381
0.364083
0.373171
0.387911
0.386209
0.360169
0.37419
0.389175
0.398709
0.385961
0.373122
0.370405
0.370403
0.374557
0.403429
0.396662
0.387394
0.421339
0.444737
0.43092
0.449858
0.483154
0.477373
0.482718
0.42398
0.388452
0.385523
0.415039
0.441211
0.418951
0.405044
0.400117
0.425949
0.423274
0.422837
0.407847
0.396476
0.376323
0.348783
0.362404
0.357067
0.357419
0.393433
0.389223
0.392502
0.365247
0.380472
0.371088
0.393421
0.393144
0.390369
0.380689
0.401
0.383557
0.362347
0.346535
0.349585
0.343284
0.347578
0.359613
0.365336
0.370264
0.408426
0.395045
0.397762
0.361389
0.356945
0.353448
0.368563
0.398169
0.377602
0.393635
0.375704
0.384414
0.397962
0.459914
0.43038
0.43358
0.424466
0.407666
0.384274
0.376715
0.368887
0.373159
0.403008
0.458904
0.469914
0.450296
0.433135
0.488034
0.530028
0.489197
0.508472
0.442709
0.487116
0.510227
0.519252
0.465328
0.4048
0.377389
0.384032
0.39473
0.393945
0.410814
0.414313
0.378429
0.363109
0.370455
0.376422
0.384231
0.375895
0.421282
0.431784
0.397609
0.361773
0.351264
0.346296
0.356219
0.349497
0.347367
0.345897
0.343738
0.360936
0.386647
0.421389
0.409276
0.430361
0.406355
0.391878
0.357046
0.359701
0.350859
0.362331
0.386861
0.406254
0.401568
0.410606
0.392435
0.419637
0.378354
0.350205
0.346749
0.353714
0.356234
0.34851
0.340429
0.345642
0.348635
0.369786
0.372788
0.354241
0.36222
0.38748
0.366073
0.376661
0.373252
0.400159
0.406959
0.403705
0.385199
0.363226
0.364815
0.391565
0.41719
0.384852
0.377295
0.370929
0.393742
0.399892
0.377046
0.355517
0.35106
0.349057
0.356049
0.374461
0.367155
0.353222
0.360571
0.393319
0.382466
0.362872
0.370775
0.377827
0.354213
0.367974
0.366803
0.369934
0.399483
0.385967
0.387635
0.358026
0.391
0.366965
0.355406
0.341625
0.343852
0.357187
0.389678
0.364148
0.376582
0.377355
0.386087
0.36077
0.355691
0.349634
0.374237
0.399859
0.363684
0.345868
0.35585
0.344055
0.345868
0.344679
0.341229
0.350425
0.36344
0.40841
0.408419
0.385449
0.365758
0.380221
0.374322
0.392996
0.382557
0.392679
0.381389
0.366669
0.379303
0.415485
0.40672
0.400322
0.377811
0.365896
0.357957
0.36518
0.393896
0.36254
0.343392
0.344971
0.370598
0.365201
0.392392
0.351466
0.355564
0.390142
0.395676
0.358789
0.352537
0.377839
0.377375
0.361195
0.364923
0.370911
0.357666
0.354265
0.357804
0.37596
0.386349
0.427862
0.432323
0.418365
0.416426
0.391067
0.402025
0.415132
0.521363
0.525994
0.452456
0.434947
0.399119
0.423361
0.432012
0.403125
0.388478
0.414691
0.431004
0.3679
0.362825
0.416968
0.405907
0.404914
0.42862
0.360161
0.349042
0.350274
0.356212
0.354039
0.354353
0.351301
0.347013
0.350386
0.345393
0.348094
0.348594
0.37083
0.43514
0.400132
0.396745
0.397926
0.396827
0.390659
0.412959
0.37413
0.383285
0.373652
0.39417
0.389504
0.361638
0.365065
0.350981
0.372152
0.385868
0.405385
0.409313
0.40888
0.380721
0.378356
0.37647
0.394145
0.401506
0.368079
0.372343
0.38055
0.392728
0.387123
0.40413
0.401011
0.389305
0.398375
0.40637
0.406791
0.402121
0.397758
0.412357
0.39309
0.406318
0.414315
0.389583
0.390574
0.368364
0.35274
0.343072
0.353449
0.365283
0.370692
0.358671
0.372346
0.364493
0.356534
0.372384
0.372058
0.385288
0.386648
0.368204
0.373478
0.353007
0.350875
0.362552
0.366116
0.351233
0.342671
0.346234
0.375774
0.369671
0.381077
0.36947
0.37828
0.404132
0.387635
0.382731
0.382136
0.389661
0.35589
0.386766
0.365024
0.350562
0.374582
0.38543
0.384017
0.380614
0.392548
0.394005
0.37471
0.362501
0.366386
0.40103
0.44131
0.466025
0.452501
0.442702
0.405849
0.42475
0.451624
0.460838
0.419577
0.460486
0.41229
0.382673
0.371345
0.405677
0.390157
0.379776
0.448734
0.468101
0.443776
0.385131
0.40152
0.441679
0.389472
0.399668
0.425179
0.399696
0.433289
0.39232
0.357699
0.372316
0.365388
0.358436
0.367407
0.383274
0.435115
0.427803
0.45153
0.42432
0.466446
0.456527
0.436316
0.44282
0.480676
0.481296
0.477107
0.493304
0.459535
0.432079
0.42888
0.438525
0.443761
0.429637
0.420308
0.440066
0.419175
0.370545
0.390729
0.423861
0.401038
0.415317
0.423158
0.438803
0.424278
0.412085
0.408416
0.379773
0.403464
0.412479
0.378859
0.370854
0.408601
0.396536
0.411345
0.408686
0.401811
0.436762
0.467224
0.482888
0.449379
0.505965
0.454565
0.449935
0.476835
0.402121
0.431945
0.453956
0.468775
0.455169
0.492441
0.436889
0.400255
0.39549
0.379119
0.355824
0.361877
0.372886
0.396638
0.418702
0.373876
0.357369
0.363989
0.384007
0.366651
0.361932
0.373705
0.342821
0.348113
0.341289
0.348676
0.35864
0.372654
0.378761
0.36329
0.406877
0.367264
0.380577
0.365395
0.363183
0.366882
0.378894
0.358874
0.373011
0.379556
0.377257
0.390217
0.388144
0.39371
0.385818
0.425689
0.391416
0.360669
0.352151
0.34425
0.347901
0.357838
0.369922
0.359748
0.393082
0.366485
0.356717
0.341006
0.346837
0.374387
0.402746
0.415973
0.419175
0.409516
0.405997
0.406554
0.402554
0.366617
0.379588
0.358068
0.374842
0.379723
0.388785
0.374812
0.351175
0.370448
0.369254
0.355842
0.373091
0.384919
0.364581
0.358126
0.361698
0.384834
0.388921
0.377381
0.378911
0.399941
0.386931
0.392268
0.400754
0.410141
0.39613
0.354574
0.354855
0.379567
0.398355
0.386948
0.37148
0.372204
0.391053
0.413294
0.441028
0.429868
0.394515
0.371546
0.388536
0.407174
0.395521
0.429868
0.446609
0.430857
0.420591
0.418204
0.388154
0.418146
0.383941
0.409949
0.454096
0.474262
0.448236
0.458276
0.543175
0.554918
0.494011
0.437503
0.499973
0.477957
0.423399
0.381578
0.349484
0.358896
0.361845
0.366029
0.357721
0.353054
0.355487
0.376231
0.372077
0.362328
0.36172
0.381098
0.395769
0.408744
0.403526
0.405985
0.418076
0.419842
0.398566
0.413325
0.41234
0.441704
0.402573
0.398333
0.396814
0.397492
0.425047
0.399772
0.388449
0.405416
0.39154
0.400822
0.39733
0.454425
0.474304
0.420935
0.403449
0.438692
0.371425
0.395128
0.435836
0.382415
0.364994
0.372303
0.432853
0.43872
0.403432
0.431249
0.41262
0.425757
0.450065
0.436794
0.437007
0.404249
0.442786
0.432671
0.486154
0.497199
0.486727
0.459797
0.399926
0.368512
0.356119
0.365968
0.351005
0.355284
0.348893
0.345022
0.345995
0.37542
0.371446
0.352598
0.373487
0.384038
0.384195
0.368762
0.37021
0.376997
0.386198
0.407238
0.469643
0.46801
0.515948
0.493877
0.42666
0.380071
0.418473
0.418702
0.388901
0.395454
0.355264
0.363526
0.374067
0.382648
0.362768
0.357234
0.352047
0.388338
0.376781
0.34694
0.347437
0.363468
0.371618
0.366075
0.369525
0.35736
0.351019
0.389422
0.448177
0.448643
0.426806
0.428936
0.443913
0.389111
0.406055
0.415084
0.367897
0.397604
0.424333
0.447423
0.432318
0.407595
0.42927
0.396259
0.367769
0.358197
0.366039
0.413172
0.468998
0.440201
0.49988
0.43109
0.416596
0.438364
0.48612
0.434544
0.509857
0.470638
0.461862
0.479454
0.396346
0.384803
0.377098
0.400908
0.453697
0.438343
0.417746
0.450778
0.461449
0.426309
0.366141
0.355062
0.36884
0.371843
0.397108
0.408034
0.425666
0.43132
0.485994
0.466888
0.381455
0.408442
0.425419
0.435471
0.4246
0.425532
0.412285
0.381025
0.382382
0.406816
0.373147
0.386776
0.403638
0.460598
0.393986
0.390113
0.449154
0.443024
0.419014
0.414418
0.42232
0.366539
0.355903
0.389071
0.39669
0.414302
0.394613
0.409543
0.394103
0.385902
0.372211
0.388565
0.401717
0.371932
0.382876
0.37006
0.392532
0.408426
0.38958
0.369386
0.406408
0.384483
0.380917
0.40128
0.396161
0.365092
0.349251
0.351489
0.351141
0.368037
0.411303
0.388032
0.349446
0.351633
0.35415
0.391191
0.370177
0.357369
0.354362
0.376631
0.371222
0.377489
0.377313
0.407969
0.408389
0.403795
0.41392
0.40793
0.370423
0.425059
0.413369
0.429064
0.364485
0.383141
0.365358
0.370321
0.376733
0.368385
0.358374
0.341754
0.348281
0.340304
0.344619
0.358322
0.382373
0.387043
0.396941
0.392403
0.388152
0.378271
0.409551
0.426027
0.418723
0.414
0.398833
0.432845
0.383036
0.416736
0.397617
0.410723
0.445038
0.424332
0.419139
0.389962
0.371915
0.426044
0.455497
0.452305
0.528982
0.545577
0.565491
0.532301
0.423429
0.396649
0.395138
0.384986
0.398983
0.395145
0.412057
0.379114
0.358582
0.348268
0.35397
0.35078
0.374415
0.38825
0.39066
0.407867
0.379711
0.402519
0.396709
0.373082
0.380861
0.36189
0.369067
0.350574
0.371753
0.395854
0.360265
0.3519
0.346743
0.359338
0.41428
0.438546
0.452483
0.446609
0.441508
0.449137
0.40181
0.396038
0.391973
0.392892
0.396428
0.407774
0.399942
0.395666
0.394106
0.3915
0.416273
0.39977
0.379269
0.401883
0.354416
0.371908
0.393584
0.41176
0.394931
0.394177
0.387696
0.367876
0.404964
0.389494
0.408654
0.409594
0.40297
0.414105
0.445349
0.443196
0.420715
0.431815
0.43169
0.480023
0.426246
0.433306
0.431425
0.438607
0.452642
0.396303
0.390595
0.370449
0.348063
0.363164
0.40092
0.389101
0.42109
0.412349
0.42319
0.403279
0.394052
0.415825
0.449532
0.464428
0.387298
0.416544
0.394829
0.373984
0.412072
0.422557
0.470278
0.413553
0.455582
0.449521
0.436417
0.477665
0.515674
0.525173
0.495198
0.501507
0.467391
0.53791
0.547618
0.535518
0.58867
0.52883
0.4557
0.450436
0.416455
0.431034
0.38694
0.454129
0.421614
0.42675
0.374513
0.367685
0.419154
0.443824
0.443759
0.43565
0.427936
0.3942
0.401982
0.401264
0.366581
0.379495
0.410386
0.397163
0.40206
0.411698
0.384527
0.403134
0.392713
0.415427
0.434579
0.422792
0.402359
0.394966
0.406811
0.423088
0.399642
0.386011
0.407974
0.461572
0.429067
0.414995
0.433921
0.434472
0.438583
0.438092
0.405375
0.373411
0.366605
0.364439
0.348696
0.34355
0.348722
0.355285
0.38519
0.389053
0.381921
0.380665
0.399888
0.392056
0.355
0.355297
0.36074
0.399312
0.448602
0.47712
0.497607
0.463118
0.412672
0.408598
0.433656
0.400408
0.452016
0.473537
0.46506
0.440034
0.365455
0.37399
0.377323
0.410604
0.404462
0.456927
0.395339
0.376712
0.389838
0.391234
0.401742
0.419432
0.409032
0.408107
0.412166
0.46547
0.434886
0.410337
0.453019
0.460067
0.466628
0.460552
0.418195
0.377117
0.389506
0.369679
0.379108
0.416451
0.410958
0.405118
0.436722
0.424803
0.369742
0.414159
0.437143
0.410349
0.461354
0.415901
0.430006
0.447183
0.4609
0.48669
0.42595
0.436461
0.442746
0.438296
0.467381
0.472264
0.523403
0.543585
0.55549
0.55615
0.52524
0.436024
0.384537
0.412338
0.403424
0.432218
0.433558
0.409885
0.430455
0.435099
0.409017
0.400411
0.407529
0.396007
0.448688
0.423154
0.435273
0.390703
0.365416
0.361788
0.353917
0.351234
0.361458
0.39054
0.372375
0.364342
0.383755
0.379
0.410039
0.427447
0.417272
0.426056
0.3889
0.350396
0.356994
0.368654
0.365389
0.370936
0.396
0.454455
0.482253
0.453954
0.460879
0.394389
0.369302
0.372161
0.364952
0.449935
0.386388
0.403337
0.44926
0.496092
0.454738
0.512106
0.527675
0.504907
0.502954
0.482368
0.5166
0.509646
0.470147
0.46244
0.439388
0.443236
0.458881
0.446714
0.41884
0.438067
0.384463
0.36022
0.365639
0.396652
0.367755
0.375874
0.406976
0.381619
0.368635
0.366674
0.353196
0.368834
0.395871
0.407943
0.405403
0.386868
0.365573
0.353165
0.350154
0.363728
0.379591
0.392729
0.373306
0.3625
0.357812
0.367511
0.391726
0.393503
0.384249
0.395468
0.416266
0.424787
0.451678
0.405842
0.429332
0.455403
0.477017
0.476712
0.477713
0.444062
0.399685
0.445468
0.383222
0.446376
0.461979
0.403152
0.408045
0.415785
0.441615
0.429597
0.415965
0.443888
0.463365
0.44478
0.43593
0.486628
0.451383
0.425428
0.464588
0.455374
0.434985
0.407003
0.37749
0.403051
0.425586
0.410148
0.389114
0.377683
0.35867
0.355752
0.382905
0.37377
0.366143
0.37397
0.366647
0.372169
0.392261
0.39072
0.395208
0.369136
0.388696
0.420321
0.419766
0.388043
0.392209
0.368859
0.368063
0.361949
0.398271
0.370138
0.370257
0.384913
0.388712
0.434458
0.446884
0.467788
0.434157
0.473029
0.486067
0.467247
0.391544
0.467776
0.478062
0.385174
0.3622
0.346854
0.364632
0.390503
0.386294
0.401809
0.397899
0.385079
0.398686
0.403215
0.388512
0.374801
0.369987
0.352198
0.351648
0.369716
0.391943
0.367143
0.350429
0.377232
0.35741
0.353187
0.367853
0.354201
0.343066
0.349102
0.347948
0.360905
0.380288
0.361482
0.358432
0.387832
0.41229
0.419851
0.409981
0.397425
0.387449
0.403913
0.378246
0.395425
0.394356
0.393362
0.424122
0.416832
0.420174
0.425546
0.445412
0.477074
0.451333
0.464893
0.443609
0.486654
0.437843
0.415973
0.459781
0.445156
0.431852
0.459191
0.468927
0.47619
0.477903
0.504229
0.456268
0.407297
0.412179
0.447768
0.43288
0.475528
0.505814
0.524437
0.413557
0.426983
0.419677
0.3961
0.409416
0.431373
0.417398
0.421127
0.430492
0.40563
0.424373
0.430701
0.393511
0.399626
0.384135
0.3674
0.3938
0.383392
0.357372
0.38371
0.411797
0.398488
0.393279
0.391519
0.419056
0.418642
0.393344
0.391368
0.391184
0.407212
0.407266
0.411295
0.409803
0.355859
0.34953
0.341749
0.345522
0.346966
0.376262
0.372524
0.356683
0.340811
0.345837
0.34069
0.343177
0.350087
0.349247
0.338967
0.341687
0.343683
0.349736
0.378989
0.38339
0.37549
0.37577
0.379322
0.372506
0.376704
0.383287
0.351715
0.341697
0.345321
0.346338
0.349905
0.344629
0.34093
0.34475
0.346412
0.359569
0.363985
0.35852
0.367163
0.404688
0.399887
0.389662
0.420866
0.437119
0.42311
0.397027
0.374202
0.383088
0.358787
0.359237
0.396314
0.379268
0.377348
0.406851
0.455346
0.467701
0.491507
0.504148
0.401336
0.417933
0.408633
0.441569
0.462157
0.412666
0.37283
0.347947
0.348352
0.358259
0.374334
0.395376
0.387243
0.383234
0.420969
0.402364
0.3928
0.37426
0.382222
0.373898
0.345069
0.348699
0.341577
0.353265
0.380929
0.35499
0.35122
0.35368
0.392403
0.409775
0.403599
0.395846
0.391016
0.41694
0.406721
0.397226
0.395589
0.397548
0.382425
0.404839
0.385824
0.390365
0.424175
0.426598
0.39518
0.407334
0.431215
0.445789
0.410879
0.409685
0.442212
0.447684
0.458036
0.435992
0.475298
0.436588
0.388083
0.377499
0.391529
0.368058
0.351753
0.359509
0.371854
0.360145
0.384517
0.400258
0.431291
0.443878
0.434724
0.481652
0.433434
0.457565
0.458632
0.430154
0.416606
0.447114
0.487136
0.484137
0.475145
0.484009
0.519374
0.571429
0.432028
0.417743
0.434919
0.418226
0.396843
0.431122
0.409511
0.424497
0.439255
0.428824
0.441412
0.428127
0.403955
0.417822
0.382634
0.36773
0.373009
0.392799
0.394676
0.470388
0.464135
0.426515
0.436125
0.427273
0.407104
0.36544
0.393262
0.386487
0.386835
0.410207
0.415313
0.393145
0.367036
0.397694
0.379236
0.407939
0.408625
0.415595
0.41167
0.395993
0.436036
0.431139
0.449074
0.45378
0.456707
0.422695
0.444043
0.471279
0.419951
0.416063
0.423028
0.499313
0.492847
0.407351
0.452153
0.475304
0.435203
0.441862
0.410676
0.449509
0.418624
0.438249
0.43218
0.3875
0.41847
0.456567
0.477485
0.439002
0.431135
0.440309
0.388828
0.383828
0.397463
0.37929
0.424117
0.426742
0.439104
0.454347
0.576692
0.578736
0.544106
0.475872
0.512422
0.435492
0.412106
0.412171
0.458005
0.425832
0.488706
0.467319
0.427521
0.429849
0.465748
0.463712
0.435047
0.445516
0.447153
0.427394
0.442024
0.438376
0.45017
0.440414
0.413605
0.441382
0.483493
0.491908
0.500162
0.489542
0.411459
0.425288
0.407994
0.422661
0.441667
0.476623
0.431007
0.394936
0.400689
0.427389
0.439701
0.449173
0.498197
0.428756
0.372214
0.362108
0.365564
0.365211
0.364296
0.386849
0.450745
0.49065
0.485799
0.436709
0.477745
0.428706
0.415556
0.411154
0.459225
0.401834
0.379702
0.4236
0.433528
0.41358
0.451825
0.439945
0.421289
0.48403
0.538455
0.486787
0.508136
0.572114
0.526527
0.511663
0.501184
0.461706
0.492952
0.481852
0.466956
0.492627
0.478157
0.458125
0.44325
0.428149
0.408708
0.399577
0.407551
0.43066
0.470123
0.517505
0.477204
0.441399
0.468187
0.406327
0.457693
0.483032
0.414876
0.444906
0.442019
0.438592
0.449857
0.435601
0.470854
0.430289
0.494759
0.480534
0.431349
0.499328
0.475022
0.49797
0.49226
0.440541
0.447688
0.4608
0.473826
0.50548
0.412273
0.371025
0.358287
0.373903
0.407389
0.429095
0.466782
0.428908
0.423337
0.414656
0.404664
0.429613
0.456079
0.446
0.416315
0.442809
0.428954
0.381025
0.372148
0.388288
0.462051
0.498595
0.513919
0.510975
0.507183
0.506277
0.520386
0.565536
0.543391
0.418006
0.365734
0.400075
0.404161
0.381034
0.399652
0.418969
0.410018
0.416286
0.433406
0.411293
0.441596
0.438257
0.399623
0.408556
0.440002
0.410375
0.38693
0.401018
0.373099
0.35551
0.345386
0.36109
0.401108
0.367716
0.358756
0.393004
0.416058
0.437192
0.386535
0.366984
0.360902
0.364133
0.375977
0.360124
0.379857
0.420643
0.443596
0.430268
0.47872
0.422146
0.428347
0.395374
0.371824
0.376067
0.381439
0.386189
0.399924
0.433708
0.430092
0.391076
0.373078
0.404381
0.408879
0.377805
0.346616
0.345465
0.350677
0.353609
0.356656
0.388371
0.354301
0.366621
0.379962
0.413608
0.420588
0.448648
0.413099
0.455432
0.498768
0.562315
0.580039
0.536815
0.55591
0.526899
0.51167
0.492645
0.503991
0.459987
0.524597
0.470125
0.502051
0.510576
0.478813
0.487515
0.520339
0.545376
0.491491
0.406268
0.407865
0.417904
0.403114
0.440202
0.475656
0.443452
0.429416
0.485689
0.459443
0.489787
0.471137
0.426649
0.514987
0.469705
0.499121
0.502058
0.449447
0.43789
0.516384
0.495231
0.509517
0.502118
0.527298
0.514704
0.457086
0.446526
0.479874
0.498226
0.484759
0.440454
0.479777
0.461091
0.448437
0.461051
0.462542
0.434157
0.419948
0.378707
0.373743
0.392047
0.394456
0.391318
0.38785
0.394733
0.377427
0.385062
0.405056
0.4272
0.429454
0.434119
0.418457
0.413258
0.420205
0.446663
0.457511
0.44138
0.486654
0.465981
0.450428
0.472397
0.47685
0.456218
0.437203
0.409601
0.437791
0.420796
0.452572
0.460506
0.450865
0.460719
0.468771
0.468169
0.484487
0.470245
0.439216
0.416698
0.411407
0.378079
0.440073
0.490418
0.464737
0.448593
0.434643
0.51325
0.567228
0.562966
0.390035
0.383361
0.372485
0.354947
0.391529
0.354135
0.347405
0.352111
0.347585
0.346795
0.353501
0.359345
0.393847
0.369146
0.366006
0.394865
0.368161
0.422103
0.436887
0.437309
0.438018
0.413755
0.451728
0.421535
0.430188
0.428292
0.41971
0.492286
0.51221
0.520151
0.523846
0.491151
0.422938
0.467551
0.500127
0.525228
0.499209
0.456999
0.50527
0.482127
0.459199
0.455192
0.461283
0.427155
0.471223
0.485611
0.453744
0.444351
0.419962
0.461644
0.464338
0.528223
0.504338
0.500208
0.439511
0.495855
0.52139
0.491975
0.500387
0.509636
0.496544
0.479174
0.50735
0.541318
0.482816
0.432858
0.393482
0.375353
0.395066
0.40113
0.390931
0.446114
0.403461
0.390302
0.40426
0.402964
0.382874
0.397005
0.420029
0.414897
0.433434
0.406158
0.373705
0.387962
0.404066
0.415901
0.37328
0.365381
0.363657
0.362581
0.373072
0.395155
0.359515
0.360008
0.358837
0.36853
0.359732
0.390001
0.395853
0.453917
0.449438
0.408618
0.380624
0.395223
0.405812
0.395646
0.439225
0.441431
0.469151
0.401742
0.397078
0.426174
0.440083
0.417915
0.392411
0.391938
0.388312
0.398283
0.399224
0.386294
0.379846
0.427502
0.430534
0.421904
0.449634
0.401284
0.399303
0.391574
0.386231
0.394437
0.378813
0.366665
0.373118
0.362453
0.360734
0.360659
0.36448
0.369748
0.357968
0.360196
0.355087
0.360529
0.359737
0.363539
0.360742
0.358604
0.371524
0.374695
0.365535
0.360684
0.404437
0.40254
0.405999
0.412695
0.380908
0.374908
0.393541
0.404288
0.380697
0.402286
0.389031
0.393737
0.370739
0.363173
0.401762
0.368063
0.385699
0.4254
0.42861
0.385968
0.366125
0.395794
0.382259
0.365253
0.359247
0.354338
0.376914
0.436985
0.397341
0.388623
0.409991
0.401031
0.417021
0.413664
0.406691
0.381603
0.38843
0.397681
0.385294
0.375989
0.37056
0.366888
0.381728
0.368807
0.381678
0.392258
0.439739
0.421475
0.403236
0.491635
0.52245
0.39508
0.481692
0.374136
0.360125
0.375676
0.417282
0.408045
0.415413
0.410927
0.398311
0.389948
0.390635
0.377572
0.388156
0.387714
0.387662
0.39617
0.398997
0.392921
0.391417
0.406023
0.390303
