0.504146
0.479037
0.472634
0.45528
0.433837
0.402207
0.372495
0.375015
0.388034
0.369657
0.427792
0.408709
0.400044
0.372236
0.389022
0.430158
0.397074
0.43472
0.401427
0.435995
0.403307
0.430908
0.396458
0.396198
0.395054
0.410679
0.407291
0.409418
0.422221
0.387088
0.37739
0.371235
0.389977
0.371129
0.368021
0.39809
0.39958
0.396508
0.473302
0.404971
0.411943
0.390358
0.413076
0.455417
0.404753
0.389061
0.358714
0.378536
0.421493
0.419058
0.382073
0.379073
0.368766
0.397208
0.414171
0.469409
0.389398
0.363326
0.384745
0.364497
0.387123
0.367271
0.375458
0.366951
0.365731
0.36916
0.388437
0.364135
0.369835
0.398559
0.438779
0.377781
0.369222
0.38412
0.391955
0.395859
0.361644
0.364357
0.378937
0.376828
0.411472
0.414334
0.420252
0.390106
0.461715
0.42132
0.407893
0.43283
0.445298
0.368555
0.373195
0.381219
0.362488
0.395183
0.371397
0.383073
0.382748
0.412405
0.427688
0.444695
0.371116
0.410842
0.414026
0.425015
0.368403
0.391407
0.414555
0.365026
0.405722
0.402262
0.451198
0.429618
0.405904
0.412603
0.405209
0.387372
0.375004
0.37051
0.396747
0.374556
0.376991
0.414407
0.466241
0.383166
0.380877
0.397858
0.410367
0.419666
0.41133
0.420651
0.519859
0.421215
0.404113
0.407328
0.37241
0.428541
0.416191
0.41417
0.418402
0.422019
0.467643
0.451312
0.39544
0.390082
0.423316
0.469577
0.383106
0.375565
0.385751
0.444117
0.42919
0.435137
0.38225
0.387667
0.449188
0.384147
0.368917
0.357424
0.395717
0.431514
0.452906
0.464264
0.417335
0.390446
0.402021
0.370243
0.344095
0.372508
0.349392
0.399936
0.418795
0.395641
0.384898
0.371057
0.396145
0.424324
0.402927
0.423883
0.47379
0.421872
0.414157
0.388917
0.427763
0.450313
0.433216
0.417172
0.474257
0.441071
0.410841
0.429527
0.483478
0.472469
0.446798
0.456471
0.440109
0.430642
0.480315
0.400938
0.379578
0.412477
0.385315
0.40684
0.520736
0.46761
0.48276
0.416639
0.435189
0.455404
0.469512
0.364186
0.398578
0.466538
0.470226
0.473742
0.497355
0.416724
0.40321
0.370285
0.401852
0.412671
0.374799
0.3629
0.391936
0.392111
0.381927
0.396038
0.413596
0.399651
