0.472741
0.59139
0.543251
0.592092
0.57331
0.58555
0.502408
0.488685
0.441346
0.479699
0.540378
0.505377
0.464917
0.492917
0.461696
0.428247
0.50631
0.492816
0.443902
0.520389
0.487333
0.519947
0.462372
0.452887
0.46549
0.430885
0.434214
0.495635
0.481506
0.507358
0.476122
0.504019
0.511774
0.493269
0.498305
0.481536
0.467408
0.47308
0.446761
0.461502
0.505735
0.485446
0.490981
0.465141
0.474006
0.45642
0.483348
0.466598
0.486633
0.481461
0.495321
0.486554
0.445588
0.464373
0.469032
0.475344
0.48028
0.476802
0.463958
0.485785
0.468643
0.478807
0.456114
0.455058
0.437975
0.440393
0.429213
0.455315
0.48869
0.473354
0.475915
0.467283
0.4459
0.432903
0.481927
0.423525
0.468322
0.465818
0.445772
0.408971
0.452703
0.487893
0.46122
0.472132
0.440765
0.440149
0.436723
0.464363
0.430171
0.482855
0.414455
0.423705
0.380427
0.37223
0.415962
0.38574
0.417655
0.414207
0.420929
0.444542
0.498666
0.450741
0.495099
0.442828
0.41304
0.393377
0.406484
0.413727
0.400826
0.415518
0.415381
0.412885
0.39693
0.376687
0.398116
0.395394
0.40372
0.420696
0.392845
0.391859
0.41566
0.405311
0.417477
0.389651
0.370073
0.384071
0.383541
0.421573
0.403433
0.373807
0.372992
0.355509
0.371551
0.379033
0.367968
0.354287
0.3449
0.350478
0.34895
0.356589
0.359675
0.372424
0.373588
0.390107
0.381633
0.382505
0.388854
0.392567
0.36766
0.355729
0.354969
0.357068
0.346612
0.363935
0.372591
0.367869
0.358564
0.369762
0.380638
0.374806
0.405352
0.399533
0.367046
0.381751
0.394531
0.397522
0.375564
0.373096
0.38782
0.399945
0.39433
0.388668
0.388863
0.417845
0.392971
0.396201
0.383798
0.43643
0.403344
0.421983
0.386443
0.370261
0.374676
0.369757
0.351041
0.350537
0.362103
0.37226
0.375387
0.384338
0.384861
0.383124
0.366104
0.347414
0.35042
0.344239
0.351613
0.354087
0.346925
0.341617
0.345815
0.351079
0.363128
0.380802
0.381974
0.398254
0.420092
0.461378
0.480439
0.453393
0.392099
0.411858
0.448511
0.434784
0.425865
0.381556
0.431119
0.387671
0.41655
0.413625
0.422197
0.437846
0.401471
0.401931
0.376931
0.390836
0.420665
0.412057
0.403027
0.418575
0.410707
0.419808
0.43328
0.401648
0.420583
0.42465
0.405446
0.423863
0.42549
0.449678
0.441657
0.454168
0.442317
0.409585
0.407704
0.478073
0.455076
0.471663
0.50682
0.442204
0.504981
0.503851
0.437584
0.411842
0.394921
0.378328
0.387521
0.461048
0.428067
0.460356
0.45081
0.409506
0.412046
0.383759
0.377886
0.369785
0.410144
0.420369
0.421171
0.413613
0.391237
0.416749
0.415724
0.415673
0.396567
0.378052
0.37778
0.3826
0.376199
0.407127
0.383353
0.384999
0.383553
0.397698
0.393401
0.379242
0.424201
0.434615
0.378087
0.402862
0.407064
0.409688
0.392455
0.410647
0.401417
0.407093
0.412947
0.433196
0.434657
0.415008
0.426937
0.410645
0.408414
0.400785
0.399587
0.386959
0.376753
0.363684
0.369124
0.358041
0.357365
0.34218
0.342173
0.339208
0.340033
0.333666
0.339543
0.343139
0.346301
0.354303
0.374733
0.368302
0.355362
0.342856
0.341624
0.339736
0.349738
0.344543
0.356318
0.359665
0.372658
0.357185
0.355912
0.3724
0.414538
0.420022
0.508587
0.472353
0.455455
0.462843
0.476671
0.454249
0.476616
0.468133
0.485142
0.438176
0.457002
0.412756
0.404306
0.451887
0.403417
0.406631
0.437382
0.398633
0.418621
0.414213
0.424669
0.432278
0.426698
0.407543
0.411541
0.411368
0.377785
0.372213
0.362545
0.362208
0.386258
0.372719
0.371964
0.395542
0.364574
0.389233
0.39408
0.40653
0.391134
0.391845
0.401677
0.399852
0.445756
0.438874
0.428613
0.400909
0.403651
0.468073
0.46513
0.410931
0.438009
0.515457
0.482255
0.451367
0.424365
0.45696
0.433867
0.429759
0.417218
0.418382
0.419557
0.399531
0.40402
0.429513
0.456756
0.425929
0.422084
0.423313
0.416848
0.371697
0.391082
0.362419
0.365899
0.382533
0.401082
0.401922
0.393351
0.393667
0.414522
0.41069
0.386442
0.398344
0.41876
0.435737
0.448358
0.410601
0.415835
0.427653
0.405369
0.37863
0.407625
0.432408
0.447942
0.45169
0.478791
0.422477
0.468838
0.483136
0.432277
0.376837
0.379658
0.41248
0.401349
0.399474
0.42189
0.401029
0.424208
0.451594
0.442284
0.446103
0.504898
0.47183
0.429747
0.457075
0.40144
0.399545
0.356416
0.35191
0.377497
0.402513
0.394422
0.464499
0.417148
0.383004
0.383125
0.402831
0.385758
0.398561
0.423826
0.433637
0.450745
0.405199
0.375781
0.365234
0.384515
0.447649
0.447887
0.411776
0.436193
0.46227
0.43863
0.46861
0.483203
0.456376
0.39167
0.465198
0.441999
0.426654
0.439412
0.414756
0.454065
0.387934
0.406711
0.402201
0.40242
0.39639
0.375283
0.358828
0.354078
0.371305
0.395579
0.400728
0.397445
0.414021
0.431923
0.391066
0.398643
0.384515
0.354909
0.354326
0.400037
0.427235
0.45685
0.451659
0.403927
0.391466
0.436539
0.404017
0.442914
0.437151
0.455821
0.454522
0.407137
0.403318
0.396658
0.367868
0.355429
0.364451
0.3541
0.350003
0.353079
0.36537
0.36771
0.395688
0.402574
0.412683
0.397935
0.390377
0.381924
0.357461
0.355058
0.354975
0.368507
0.383454
0.371784
0.405887
0.43633
0.40139
0.422466
0.426639
0.394279
0.373178
0.380281
0.417976
0.431138
0.436754
0.412792
0.39466
0.375727
0.382334
0.402656
0.391666
0.414554
0.418904
0.43848
0.439085
0.440398
0.469453
0.418634
0.38918
0.461994
0.423733
0.470263
0.434746
0.398002
0.378391
0.362518
0.35486
0.348373
0.35253
0.345658
0.38574
0.375638
0.39418
0.383497
0.3582
0.358138
0.35303
0.349604
0.356323
0.35692
0.388067
0.409615
0.46167
0.476468
0.424834
0.411734
0.440515
0.410908
0.4273
0.401121
0.408708
0.423979
0.448895
0.452624
0.474143
0.438355
0.421338
0.422208
0.442386
0.396369
0.417812
0.429456
0.450806
0.436262
0.424828
0.40161
0.386935
0.362717
0.35794
0.390089
0.420651
0.435217
0.44033
0.418893
0.394635
0.379342
0.38978
0.404625
0.462877
0.450345
0.444802
0.423555
0.431366
0.435276
0.413824
0.438562
0.44051
0.415661
0.383314
0.374169
0.358285
0.36332
0.361586
0.367106
0.389874
0.41536
0.418986
0.452842
0.433958
0.429562
0.506303
0.478827
0.430767
0.415128
0.37197
0.352627
0.364775
0.389517
0.386553
0.35965
0.371237
0.38475
0.474374
0.45633
0.438323
0.490164
0.418067
0.420892
0.455339
0.452595
0.450021
0.427883
0.399208
0.406201
0.392212
0.413399
0.432716
0.405446
0.386598
0.419264
0.411008
0.381013
0.373301
0.376748
0.379343
0.363123
0.360234
0.352588
0.345624
0.350236
0.353013
0.3507
0.366109
0.358646
0.379284
0.373606
0.372319
0.359175
0.354082
0.352411
0.361782
0.379849
0.372083
0.381529
0.403818
0.390984
0.376655
0.382268
0.386022
0.394997
0.404673
0.396039
0.377112
0.368392
0.352771
0.35584
0.343621
0.343995
0.377556
0.364669
0.374219
0.392524
0.38315
0.419776
0.387783
0.3887
0.39427
0.382196
0.366065
0.368332
0.354781
0.354184
0.363343
0.361205
0.364818
0.364622
0.366751
0.355811
0.357455
0.362699
0.379445
0.399258
0.391868
0.392309
0.388775
0.400384
0.412918
0.400514
0.404801
0.422543
0.401152
0.410431
0.398566
0.416441
0.380251
0.395208
0.409723
0.394011
0.397663
0.387672
0.389913
0.381514
0.378257
0.369069
0.363717
0.361656
0.360841
0.373924
0.365187
0.376907
0.374589
0.356999
0.337816
0.341167
0.344523
0.350923
0.367859
0.36901
0.348683
0.362398
0.349718
0.355267
0.375002
0.381609
0.39424
0.390449
0.393869
0.352922
0.348394
0.337307
0.339942
0.340897
0.344103
0.376865
0.375244
0.391725
0.385
0.411642
0.380048
0.362094
0.367227
0.394426
0.39624
0.409127
0.41444
0.396227
0.437268
0.401216
0.393861
0.411416
0.40106
0.367243
0.38188
0.435947
0.402079
0.39971
0.409351
0.424952
0.377017
0.367262
0.364389
0.372153
0.36745
0.357796
0.352155
0.340283
0.367543
0.35849
0.359255
0.357945
0.377376
0.393724
0.403929
0.432805
0.450546
0.408787
0.483666
0.465065
0.475895
0.514052
0.417911
0.384199
0.381729
0.389775
0.389875
0.409819
0.40176
0.398506
0.416498
0.401212
0.375863
0.373315
0.371675
0.392981
0.409714
0.406034
0.375745
0.379024
0.400507
0.41125
0.412381
0.447136
0.484143
0.433854
0.49563
0.461426
0.436734
0.429562
0.445388
0.454822
0.469789
0.465597
0.452014
0.436323
0.476316
0.488424
0.467405
0.510402
0.489152
0.511809
0.553186
0.487752
0.508222
0.373716
0.363676
0.363349
0.369907
0.372702
0.393664
0.387499
0.396333
0.406979
0.43421
0.399982
0.376864
0.3699
0.372766
0.386271
0.39507
0.441413
0.438094
0.473076
0.479052
0.476563
0.445479
0.440622
0.413941
0.500156
0.516627
0.46345
0.493963
0.450416
0.42603
0.411529
0.413898
0.398061
0.36879
0.384651
0.371059
0.365641
0.376908
0.392426
0.366707
0.365263
0.365393
0.362027
0.37949
0.382162
0.4205
0.382113
0.376967
0.394898
0.382008
0.38253
0.380836
0.403906
0.373984
0.375903
0.367727
0.36369
0.370543
0.386202
0.39587
0.406998
0.432572
0.433473
0.409198
0.391238
0.387796
0.363024
0.359455
0.367398
0.389234
0.41892
0.426591
0.449097
0.450352
0.432309
0.405273
0.404507
0.419956
0.410999
0.394009
0.446755
0.449513
0.417767
0.428578
0.418266
0.441004
0.445722
0.430606
0.451562
0.462725
0.454563
0.454533
0.498532
0.487187
0.499683
0.532489
0.436544
0.428578
0.486439
0.509114
0.459167
0.44337
0.441269
0.419759
0.413592
0.427521
0.393857
0.408462
0.425469
0.404429
0.458332
0.421903
0.394032
0.406546
0.383988
0.385341
0.402899
0.404799
0.404323
0.392824
0.390111
0.407302
0.408245
0.396005
0.398311
0.410717
0.419953
0.387503
0.38631
0.38155
0.393308
0.407154
0.391318
0.371911
0.385715
0.413853
0.43283
0.448886
0.424088
0.414573
0.382911
0.370627
0.367953
0.438561
0.35467
0.357341
0.362258
0.358479
0.363809
0.359981
0.351633
0.349682
0.346245
0.34997
0.360119
0.361037
0.356139
0.342292
0.341215
0.339421
0.343168
0.351822
0.338046
0.347893
0.351327
0.360164
0.359942
0.368313
0.352504
0.348245
0.355569
0.372435
0.358972
0.345937
0.34462
0.346007
0.354404
0.352833
0.364196
0.370965
0.38524
0.370774
0.387059
0.396604
0.373891
0.392098
0.393575
0.365895
0.354517
0.347693
0.343492
0.352633
0.355163
0.359311
0.367509
0.364174
0.380267
0.379519
0.396739
0.374344
0.397834
0.369511
0.355121
0.368381
0.373445
0.395031
0.380764
0.395738
0.404572
0.397501
0.382381
0.353302
0.382847
0.378526
0.37077
0.368857
0.370755
0.359605
0.385352
0.40183
0.40579
0.404931
0.392096
0.370054
0.395513
0.402879
0.437091
0.452846
0.431556
0.426862
0.449321
0.408436
0.457298
0.474075
0.495395
0.491822
0.441402
0.496136
0.485901
0.453204
0.429126
0.384413
0.392429
0.388951
0.388222
0.388112
0.416769
0.443877
0.436846
0.444012
0.409597
0.409147
0.398244
0.402777
0.395281
0.428518
0.427752
0.41993
0.422211
0.424729
0.406988
0.423531
0.42041
0.385771
0.399495
0.394012
0.38128
0.353813
0.351638
0.34745
0.359075
0.362539
0.351324
0.368636
0.356041
0.366394
0.393005
0.39535
0.391986
0.407987
0.391286
0.370403
0.360171
0.376767
0.384769
0.373582
0.369553
0.372661
0.392035
0.405925
0.398519
0.389559
0.386419
0.372744
0.38274
0.386886
0.39662
0.404086
0.38435
0.384067
0.366048
0.348258
0.350913
0.341612
0.350409
0.348987
0.338292
0.351508
0.347127
0.345219
0.3585
0.365661
0.37121
0.359715
0.361861
0.386218
0.407395
0.411713
0.393073
0.39597
0.398553
0.393215
0.364407
0.35362
0.358881
0.355414
0.349783
0.355387
0.358354
0.382905
0.418211
0.372711
0.375543
0.381569
0.411185
0.379139
0.370331
0.380202
0.383949
0.385304
0.381987
0.420865
0.4418
0.482553
0.44631
0.413638
0.4274
0.437898
0.433571
0.412707
0.423483
0.390456
0.394288
0.372691
0.382156
0.369987
0.366882
0.371488
0.365163
0.384636
0.396729
0.409437
0.462541
0.457028
0.449335
0.48861
0.457606
0.443025
0.431925
0.434878
0.416009
0.561935
0.546127
0.519889
0.489768
0.480783
0.542382
0.482179
0.457577
0.432048
0.463112
0.506936
0.491027
0.521641
0.507818
0.535413
0.475615
0.467671
0.421537
0.395496
0.393726
0.368816
0.373323
0.395881
0.3946
0.39063
0.39381
0.39009
0.409403
0.409976
0.403825
0.410327
0.400667
0.382692
0.368884
0.358358
0.367911
0.36692
0.381132
0.373316
0.378942
0.388171
0.375225
0.372797
0.400307
0.417216
0.421244
0.440578
0.427308
0.390384
0.393829
0.354374
0.356384
0.353581
0.341599
0.34574
0.35058
0.357808
0.355475
0.351197
0.345264
0.348713
0.348728
0.344472
0.345402
0.343396
0.34626
0.358412
0.366419
0.375259
0.410834
0.425788
0.416892
0.397209
0.420871
0.429566
0.430658
0.409668
0.397667
0.407574
0.375208
0.357186
0.356981
0.357643
0.360737
0.3533
0.346736
0.364252
0.361727
0.38116
0.393088
0.384617
0.412765
0.414811
0.393692
0.410091
0.414756
0.407063
0.395672
0.388004
0.404628
0.433866
0.397458
0.362282
0.358283
0.342225
0.346792
0.346483
0.352785
0.355975
0.356583
0.353831
0.347889
0.347635
0.341467
0.342893
0.351285
0.338989
0.349331
0.346065
0.362215
0.378719
0.365733
0.37824
0.35907
0.353225
0.353445
0.362892
0.402637
0.37526
0.366729
0.365403
0.379216
0.373868
0.370658
0.374719
0.393793
0.401223
0.402449
0.413679
0.421588
0.387667
0.398782
0.37625
0.365235
0.356033
0.370607
0.361692
0.387685
0.39116
0.422025
0.409479
0.398965
0.3783
0.383155
0.373382
0.369739
0.37038
0.389183
0.39703
0.391259
0.40824
0.384502
0.376635
0.3593
0.354043
0.351185
0.350366
0.358661
0.342007
0.345221
0.361335
0.374497
0.374423
0.37404
0.362183
0.353346
0.353859
0.358243
0.357331
0.385189
0.397825
0.380787
0.387154
0.364046
0.363885
0.369275
0.36735
0.384686
0.374244
0.36201
0.350001
0.36276
0.372896
0.369545
0.363946
0.36042
0.368338
0.396089
0.401524
0.381484
0.393859
0.395276
0.393837
0.357887
0.354044
0.378515
0.402028
0.369121
0.364196
0.364235
0.357146
0.344021
0.341537
0.342229
0.342633
0.34384
0.360659
0.386044
0.382314
0.380582
0.363915
0.364939
0.379098
0.381498
0.369057
0.388494
0.381597
0.377793
0.3617
0.357964
0.351445
0.353537
0.348808
0.360933
0.374974
0.386373
0.408039
0.378953
0.364553
0.35312
0.351138
0.337999
0.366475
0.345537
0.344004
0.344627
0.348832
0.344334
0.345393
0.343897
0.336052
0.347964
0.35211
0.354882
0.359249
0.37768
0.413947
0.418068
0.412766
0.396376
0.384315
0.369987
0.365424
0.367352
0.38504
0.379119
0.370861
0.376192
0.38778
0.40289
0.388075
0.37518
0.384516
0.409411
0.373642
0.376905
0.356041
0.386422
0.355737
0.403835
0.409252
0.411417
0.393334
0.427558
0.409979
0.386705
0.382516
0.371067
0.371341
0.357109
0.362783
0.352901
0.357985
0.377327
0.399634
0.386661
0.366328
0.351387
0.343608
0.342523
0.339012
0.355571
0.375614
0.363458
0.352791
0.38931
0.403096
0.369498
0.351889
0.349783
0.354277
0.358747
0.380567
0.40545
0.382205
0.408055
0.366833
0.344318
0.354143
0.352807
0.366725
0.392356
0.389453
0.364249
0.361063
0.361385
0.358919
0.369002
0.365441
0.379974
0.360942
0.350989
0.350483
0.357231
0.356917
0.358964
0.370564
0.382371
0.386912
0.386884
0.424397
0.433575
0.430885
0.435272
0.430637
0.4033
0.417676
0.414646
0.39472
0.387879
0.422634
0.380835
0.39538
0.434049
0.513888
0.529007
0.558542
0.494567
0.458371
0.446545
0.448464
0.421297
0.398905
0.399332
0.427522
0.419171
0.451999
0.413174
0.409486
0.396832
0.382159
0.394796
0.4057
0.423514
0.45446
0.407335
0.377007
0.35893
0.352454
0.373157
0.399457
0.434695
0.42285
0.389118
0.394082
0.41542
0.439455
0.417469
0.363089
0.357243
0.349066
0.349017
0.348861
0.351679
0.357157
0.355231
0.355243
0.352819
0.358378
0.350359
0.351258
0.351344
0.348223
0.345775
0.356784
0.343935
0.344505
0.346274
0.344936
0.351195
0.344672
0.352545
0.356227
0.38579
0.436718
0.433573
0.409142
0.391163
0.40298
0.390902
0.411311
0.384497
0.390773
0.402856
0.377827
0.403169
0.410989
0.414919
0.376631
0.371624
0.371449
0.394771
0.374019
0.373279
0.380421
0.407568
0.404408
0.374572
0.360262
0.36303
0.35219
0.37094
0.366028
0.355393
0.346596
0.362383
0.38192
0.38361
0.388167
0.41455
0.396202
0.401104
0.417542
0.406144
0.411525
0.379943
0.381473
0.384368
0.372305
0.372513
0.380401
0.379108
0.409628
0.406227
0.396959
0.376495
0.359674
0.372032
0.372657
0.37373
0.387434
0.392527
0.39294
0.390613
0.383858
0.405093
0.403185
0.423765
0.377851
0.383004
0.39562
0.388494
0.408538
0.40668
0.406061
0.408052
0.40553
0.407179
0.397252
0.383857
0.411844
0.42063
0.404026
0.398063
0.388226
0.414829
0.397598
0.420388
0.4084
0.405154
0.374227
0.391088
0.390056
0.364938
0.371834
0.35562
0.349828
0.340026
0.346096
0.347069
0.359862
0.369796
0.360742
0.368962
0.372423
0.356772
0.360508
0.372363
0.372327
0.380145
0.348953
0.346442
0.366457
0.382218
0.362524
0.369701
0.374388
0.390119
0.380511
0.393881
0.379486
0.366286
0.370168
0.37877
0.368217
0.347945
0.358052
0.353861
0.347818
0.358536
0.366632
0.359685
0.372587
0.356433
0.346086
0.341891
0.343457
0.343919
0.348432
0.366613
0.385
0.361127
0.37811
0.38149
0.380646
0.369926
0.36903
0.373259
0.383322
0.401978
0.40631
0.395578
0.379768
0.376974
0.388409
0.390826
0.373552
0.408052
0.371446
0.353482
0.358289
0.377594
0.395753
0.369077
0.360993
0.35374
0.347439
0.361229
0.387757
0.395776
0.375012
0.370237
0.397589
0.393482
0.367932
0.370888
0.413823
0.402976
0.384755
0.378221
0.371159
0.365184
0.35977
0.358513
0.373893
0.388266
0.414285
0.44294
0.439683
0.454759
0.477347
0.445584
0.459617
0.4532
0.432166
0.398588
0.413146
0.424479
0.425014
0.450716
0.452531
0.496792
0.424941
0.416864
0.422314
0.474947
0.446147
0.427104
0.397314
0.388287
0.377167
0.36266
0.3801
0.406491
0.40485
0.387542
0.392779
0.369188
0.390721
0.439897
0.457478
0.49259
0.444278
0.452563
0.43499
0.394529
0.376069
0.391252
0.412026
0.448627
0.434967
0.394353
0.384622
0.386517
0.412637
0.432366
0.417952
0.398752
0.400639
0.417949
0.448422
0.407135
0.377138
0.352612
0.362737
0.363875
0.380778
0.374
0.356745
0.35578
0.361089
0.366795
0.368033
0.387764
0.378657
0.418944
0.450928
0.446854
0.409005
0.438959
0.464317
0.38594
0.463947
0.445332
0.488097
0.460798
0.452072
0.436438
0.436198
0.422162
0.463638
0.459102
0.503215
0.502547
0.460563
0.491817
0.462628
0.50345
0.483106
0.473256
0.448799
0.433876
0.430066
0.457612
0.400309
0.42508
0.451909
0.460939
0.426923
0.430856
0.428408
0.421042
0.419608
0.433257
0.446776
0.43551
0.403251
0.371184
0.369897
0.374301
0.407352
0.428089
0.419577
0.405417
0.396634
0.399359
0.431371
0.415261
0.431091
0.441226
0.43639
0.417983
0.430568
0.405438
0.418593
0.419012
0.397636
0.371389
0.387994
0.414865
0.392109
0.399289
0.425368
0.387417
0.370075
0.36938
0.372326
0.403118
0.414061
0.394712
0.398375
0.429362
0.395476
0.417158
0.40019
0.41063
0.393216
0.436312
0.437202
0.476921
0.457454
0.508487
0.457304
0.411079
0.486573
0.528624
0.484119
0.437472
0.471501
0.437223
0.462724
0.474666
0.479016
0.40909
0.395145
0.45097
0.413288
0.440053
0.467881
0.441987
0.495151
0.46832
0.44218
0.493089
0.491772
0.475893
0.399914
0.38404
0.416298
0.388465
0.40247
0.391802
0.366138
0.35527
0.356387
0.369665
0.353842
0.370903
0.374856
0.379092
0.414353
0.42303
0.414379
0.390049
0.357936
0.362043
0.352681
0.352795
0.375219
0.387713
0.380461
0.374913
0.371234
0.348711
0.351334
0.372464
0.384932
0.362333
0.347935
0.3377
0.346025
0.350248
0.344387
0.338158
0.345512
0.351829
0.350095
0.366931
0.361238
0.383957
0.383506
0.373818
0.359964
0.366617
0.396123
0.417386
0.369924
0.364499
0.378071
0.383068
0.367029
0.363768
0.358402
0.367636
0.366194
0.367554
0.383162
0.374572
0.365703
0.351892
0.366251
0.379664
0.380888
0.378208
0.378839
0.375679
0.38674
0.393697
0.389616
0.386602
0.386675
0.400995
0.389167
0.38251
0.42488
0.426507
0.405661
0.377127
0.366896
0.354412
0.347142
0.357021
0.341728
0.346725
0.345453
0.350243
0.351968
0.363777
0.383148
0.356714
0.352014
0.367491
0.393324
0.392849
0.374764
0.357936
0.367604
0.345517
0.340328
0.341687
0.342166
0.351393
0.370491
0.378293
0.40269
0.402823
0.399023
0.432311
0.414423
0.423766
0.416605
0.402488
0.409394
0.402473
0.417347
0.395502
0.423962
0.380945
0.358342
0.375002
0.391248
0.367901
0.355366
0.36091
0.37227
0.377358
0.374352
0.385103
0.387321
0.390229
0.386919
0.362498
0.345518
0.356708
0.375356
0.365362
0.365093
0.373375
0.35271
0.359012
0.362547
0.383658
0.391551
0.378257
0.359517
0.369723
0.361948
0.354203
0.363982
0.359418
0.380356
0.389255
0.383483
0.39419
0.380451
0.374239
0.382274
0.375499
0.396328
0.403517
0.401619
0.372295
0.385439
0.399196
0.400134
0.401379
0.407098
0.413191
0.405545
0.386551
0.361061
0.348063
0.351634
0.357943
0.371467
0.387797
0.398637
0.398074
0.392887
0.381018
0.374873
0.368067
0.370263
0.374175
0.380569
0.401295
0.417536
0.408979
0.423633
0.4591
0.425762
0.433925
0.397974
0.391009
0.374447
0.368624
0.36603
0.410915
0.419764
0.394193
0.383459
0.40733
0.410862
0.448535
0.438237
0.454911
0.42917
0.432522
0.43326
0.408005
0.426999
0.409391
0.394043
0.382345
0.410791
0.425458
0.389026
0.378993
0.392178
0.428104
0.460242
0.448014
0.455803
0.492893
0.458862
0.437827
0.453932
0.461973
0.527113
0.561412
0.560781
0.549097
0.527373
0.460123
0.399264
0.475503
0.490386
0.50971
0.480641
0.475296
0.461828
0.381865
0.381108
0.382043
0.350122
0.348864
0.348909
0.368735
0.368519
0.355165
0.356589
0.37534
0.357164
0.358276
0.35761
0.348448
0.354086
0.356865
0.368515
0.384
0.368836
0.375343
0.360937
0.363701
0.359896
0.363515
0.372454
0.389712
0.387893
0.403696
0.409501
0.408008
0.406453
0.400502
0.401099
0.410847
0.407981
0.42806
0.391885
0.447269
0.392204
0.405007
0.40748
0.419061
0.409499
0.415127
0.492926
0.392209
0.39418
0.410596
0.408684
0.387732
0.407381
0.3863
0.393304
0.401853
0.433832
0.416189
0.41298
0.386427
0.388236
0.388655
0.402102
0.408618
0.386794
0.396396
0.39143
0.410254
0.394764
0.399854
0.415582
0.492706
0.474959
0.47365
0.435477
0.405665
0.38713
0.419821
0.467905
0.409064
0.378901
0.363871
0.378625
0.411866
0.441305
0.430423
0.388714
0.375927
0.36767
0.362276
0.365044
0.379363
0.41878
0.446476
0.442057
0.435337
0.463224
0.381567
0.389845
0.432477
0.430005
0.405349
0.419692
0.408799
0.443001
0.461196
0.43911
0.442955
0.43062
0.431971
0.442056
0.397643
0.410758
0.443209
0.442359
0.433949
0.43138
0.471679
0.500384
0.507959
0.486421
0.492963
0.480557
0.497336
0.427134
0.400452
0.399388
0.37772
0.359395
0.352742
0.359452
0.362162
0.369642
0.353182
0.348832
0.368646
0.341719
0.352516
0.345321
0.34281
0.347224
0.344648
0.347291
0.365026
0.385516
0.368255
0.374703
0.351892
0.353275
0.362305
0.384585
0.376011
0.391823
0.380631
0.38787
0.376478
0.361204
0.370129
0.370297
0.372527
0.381556
0.390762
0.381699
0.399706
0.414184
0.476169
0.463125
0.470449
0.465578
0.516501
0.515387
0.496649
0.490995
0.458678
0.395389
0.374624
0.385347
0.409384
0.427456
0.440325
0.397843
0.40103
0.376737
0.40375
0.387179
0.359373
0.351216
0.357148
0.369907
0.355544
0.392402
0.392035
0.373616
0.364064
0.361468
0.349202
0.365297
0.35166
0.352428
0.383402
0.393249
0.376447
0.377114
0.350151
0.343708
0.344083
0.350811
0.359311
0.367515
0.371214
0.372019
0.36503
0.367116
0.374951
0.364027
0.361485
0.353192
0.34903
0.353001
0.376241
0.402517
0.432231
0.462513
0.464998
0.432433
0.437587
0.415705
0.402088
0.455759
0.464564
0.423612
0.391485
0.386714
0.418026
0.394177
0.414484
0.415679
0.370859
0.365028
0.384192
0.410921
0.424891
0.423766
0.451361
0.443477
0.436448
0.428039
0.404279
0.411067
0.43392
0.424739
0.390579
0.401851
0.37338
0.362282
0.357539
0.358865
0.361305
0.370835
0.401118
0.425102
0.460501
0.477913
0.446179
0.434459
0.526576
0.473239
0.412803
0.449849
0.412894
0.42034
0.423731
0.453066
0.489997
0.482185
0.429307
0.439612
0.517691
0.501796
0.482592
0.458829
0.449902
0.476386
0.480711
0.480532
0.402089
0.393338
0.390853
0.37902
0.376069
0.377749
0.380158
0.415831
0.445569
0.449406
0.457682
0.430846
0.428355
0.407454
0.426568
0.467571
0.447098
0.470449
0.441538
0.426076
0.390487
0.360323
0.350168
0.355328
0.375134
0.368957
0.354025
0.376571
0.402816
0.390087
0.394706
0.405628
0.417366
0.427692
0.432534
0.432375
0.468349
0.488575
0.482838
0.465865
0.426483
0.370982
0.388453
0.412646
0.414523
0.426438
0.409695
0.452622
0.438702
0.432372
0.410271
0.429295
0.425274
0.42817
0.386218
0.377724
0.379652
0.381556
0.386824
0.425583
0.380663
0.37418
0.373773
0.390588
0.386246
0.384655
0.435794
0.474527
0.44266
0.420472
0.355972
0.38627
0.399869
0.438603
0.461296
0.445641
0.440302
0.410401
0.431073
0.405726
0.403845
0.42566
0.435089
0.409291
0.369027
0.364048
0.35748
0.355879
0.384252
0.391339
0.398043
0.396958
0.403787
0.421903
0.391149
0.39826
0.40961
0.408048
0.3897
0.402936
0.382611
0.390158
0.382266
0.365994
0.365301
0.404682
0.41511
0.389707
0.375625
0.371494
0.390163
0.378055
0.355795
0.381496
0.38009
0.396855
0.410164
0.410162
0.390938
0.395227
0.370637
0.366893
0.38721
0.421832
0.388885
0.382166
0.378347
0.381559
0.384163
0.404799
0.396876
0.412326
0.372974
0.362026
0.353952
0.34413
0.361497
0.348764
0.345645
0.351936
0.354867
0.368508
0.398124
0.41836
0.406164
0.380323
0.369444
0.34439
0.344745
0.351218
0.353659
0.352073
0.377397
0.395287
0.383362
0.372364
0.35034
0.361273
0.357259
0.349041
0.372899
0.373295
0.383156
0.365469
0.369854
0.380515
0.366927
0.375732
0.403295
0.406803
0.41514
0.416727
0.386867
0.417719
0.385661
0.416658
0.435239
0.398861
0.387203
0.359647
0.390949
0.428968
0.43781
0.414027
0.396676
0.451569
0.407452
0.362449
0.37661
0.383583
0.361028
0.362956
0.370604
0.374019
0.370577
0.379716
0.368894
0.372543
0.37055
0.35957
0.341993
0.343045
0.34299
0.352891
0.340987
0.333735
0.34817
0.345758
0.341813
0.363093
0.359237
0.377546
0.395564
0.381935
0.399569
0.400724
0.383472
0.388235
0.407998
0.380443
0.3855
0.379223
0.373455
0.397728
0.443006
0.430394
0.416559
0.423649
0.407869
0.443402
0.38192
0.407824
0.392732
0.442907
0.419681
0.382449
0.381798
0.416208
0.424717
0.408576
0.380613
0.395552
0.426394
0.427103
0.472103
0.413912
0.435152
0.421621
0.416601
0.39954
0.371278
0.370381
0.37646
0.411289
0.447644
0.429397
0.482437
0.459256
0.439454
0.52727
0.534008
0.559659
0.534293
0.559092
0.572563
0.580762
0.485367
0.418449
0.429274
0.393314
0.39975
0.401945
0.390919
0.365541
0.400245
0.412551
0.388808
0.395769
0.394943
0.422578
0.400868
0.387155
0.374501
0.371476
0.350163
0.350125
0.344992
0.359342
0.350996
0.34377
0.352801
0.365877
0.379736
0.37862
0.389953
0.399625
0.383359
0.421085
0.395183
0.374054
0.390753
0.379568
0.405137
0.418117
0.386568
0.385915
0.370749
0.376732
0.389358
0.361082
0.355179
0.38446
0.368387
0.353099
0.345366
0.360718
0.367008
0.384335
0.404415
0.383054
0.361518
0.351491
0.354776
0.348112
0.344606
0.350834
0.355315
0.371828
0.408165
0.441004
0.43391
0.446548
0.465226
0.430599
0.458209
0.440237
0.459315
0.421962
0.455608
0.442901
0.398307
0.397291
0.397466
0.396976
0.403328
0.374321
0.398546
0.392232
0.393463
0.400251
0.437331
0.376139
0.402228
0.402467
0.394137
0.399359
0.391857
0.39528
0.392949
0.377858
0.407281
0.417025
0.415548
0.395052
0.404522
0.376872
0.381656
0.405006
0.398738
0.360387
0.348446
0.359384
0.384467
0.397473
0.389654
0.406408
0.417076
0.388587
0.401325
0.408566
0.379676
0.386898
0.388506
0.368336
0.367418
0.407974
0.401912
0.383873
0.395103
0.40481
0.412485
0.408114
0.411065
0.39283
0.412921
0.411602
0.416571
0.449829
0.441017
0.423223
0.463212
0.44013
0.401161
0.432844
0.430789
0.430434
0.432932
0.493822
0.465921
0.417145
0.435671
0.437589
0.429051
0.440426
0.422546
0.424582
0.452855
0.458272
0.446914
0.404833
0.387946
0.397257
0.383729
0.38352
0.35784
0.34581
0.350294
0.35397
0.372355
0.398989
0.402791
0.395314
0.38296
0.402255
0.439357
0.421108
0.403656
0.416892
0.429492
0.429991
0.376808
0.382903
0.405151
0.414985
0.416666
0.4425
0.456793
0.501784
0.427716
0.398145
0.376526
0.415622
0.417454
0.408659
0.381167
0.370597
0.377338
0.402482
0.421752
0.427721
0.417408
0.485288
0.455147
0.415031
0.41202
0.431026
0.479598
0.461542
0.437972
0.404064
0.469326
0.477973
0.477348
0.518884
0.51249
0.520955
0.529574
0.487942
0.50257
0.505205
0.497825
0.458829
0.47592
0.514461
0.561743
0.566177
0.528934
0.532306
0.538656
0.589693
0.58767
0.571251
0.490552
0.443945
0.46802
0.479397
0.420838
0.396243
0.43656
0.440515
0.421549
0.380695
0.392927
0.446126
0.462128
0.425942
0.417316
0.433832
0.419592
0.3862
0.362804
0.358984
0.37637
0.401214
0.437594
0.435654
0.451793
0.44717
0.440401
0.444366
0.426882
0.430275
0.425566
0.379911
0.408891
0.398758
0.405129
0.399126
0.403401
0.376318
0.356649
0.37417
0.384624
0.397104
0.423435
0.387048
0.407443
0.40753
0.396701
0.408691
0.414703
0.380842
0.388203
0.40441
0.401856
0.396678
0.388627
0.405518
0.425393
0.428846
0.440273
0.431004
0.414566
0.396119
0.408632
0.377613
0.413622
0.411199
0.402349
0.424479
0.421711
0.420297
0.379035
0.387891
0.384082
0.412998
0.392994
0.435871
0.48762
0.43834
0.429023
0.428508
0.412199
0.418231
0.436907
0.432799
0.445262
0.422511
0.412993
0.458101
0.454844
0.429523
0.412072
0.395597
0.390296
0.363458
0.366077
0.364986
0.376445
0.355765
0.355563
0.343525
0.346845
0.339426
0.345633
0.351653
0.352691
0.355981
0.378192
0.384609
0.379466
0.400798
0.382355
0.382516
0.37292
0.383141
0.385161
0.413335
0.389226
0.403495
0.364581
0.350674
0.351725
0.357101
0.358625
0.359763
0.378753
0.405299
0.431749
0.446938
0.491742
0.458055
0.490153
0.499058
0.513525
0.44968
0.398176
0.40689
0.458839
0.373041
0.430614
0.440368
0.421843
0.384165
0.414245
0.458191
0.473943
0.466424
0.528439
0.442371
0.412884
0.460957
0.395382
0.353196
0.374805
0.374868
0.373801
0.366194
0.424188
0.402684
0.390392
0.396889
0.472377
0.442406
0.426757
0.385698
0.389359
0.370634
0.395401
0.388354
0.374592
0.393996
0.398676
0.394322
0.416506
0.410069
0.430519
0.412566
0.395052
0.396309
0.427433
0.403704
0.426092
0.473451
0.48605
0.444916
0.382883
0.411651
0.431173
0.442169
0.493758
0.450809
0.458094
0.481056
0.435602
0.497876
0.423101
0.422515
0.398225
0.379483
0.368959
0.396642
0.382516
0.371232
0.370912
0.372299
0.388258
0.406743
0.43518
0.414397
0.401362
0.403404
0.405326
0.440569
0.440757
0.406824
0.439189
0.38246
0.348837
0.416169
0.42959
0.415424
0.45227
0.390305
0.431092
0.483735
0.436393
0.417523
0.415534
0.431437
0.436023
0.46607
0.426951
0.451555
0.474899
0.502795
0.462138
0.425148
0.427803
0.427231
0.449626
0.428763
0.455325
0.443723
0.4341
0.467195
0.466392
0.463816
0.481223
0.494958
0.553442
0.566863
0.522427
0.532935
0.58074
0.553669
0.559955
0.523699
0.532885
0.458621
0.415879
0.395059
0.373519
0.389379
0.430605
0.405308
0.402037
0.422107
0.435687
0.446197
0.430005
0.387789
0.435894
0.42524
0.44649
0.434715
0.422807
0.424172
0.395187
0.416209
0.388016
0.40878
0.420647
0.35239
0.423814
0.448418
0.444226
0.418579
0.426634
0.438675
0.443962
0.401715
0.390756
0.367405
0.364248
0.364368
0.363209
0.3545
0.358822
0.351633
0.3491
0.355873
0.361438
0.367957
0.391845
0.392879
0.367332
0.366043
0.362401
0.377499
0.38682
0.371869
0.356224
0.427932
0.410192
0.401105
0.421115
0.454436
0.411721
0.407966
0.416759
0.438704
0.392822
0.364692
0.346897
0.353194
0.351467
0.363159
0.368661
0.370283
0.362565
0.36874
0.366365
0.376441
0.394322
0.398465
0.439883
0.485005
0.483513
0.477627
0.462305
0.448091
0.468982
0.451102
0.404426
0.378418
0.356095
0.382688
0.378824
0.372081
0.364675
0.355364
0.374099
0.470028
0.430882
0.376218
0.396572
0.410982
0.395625
0.40076
0.49905
0.523166
0.4697
0.497553
0.414553
0.484071
0.540879
0.538748
0.516802
0.504131
0.505683
0.48317
0.522726
0.485027
0.479468
0.518241
0.514964
0.49773
0.521824
0.491862
0.450302
0.486374
0.438928
0.457722
0.421329
0.4255
0.46076
0.46909
0.448577
0.442547
0.450926
0.4151
0.422758
0.444082
0.432044
0.391426
0.377505
0.361634
0.358803
0.358866
0.372423
0.400668
0.392721
0.369636
0.365854
0.362628
0.388765
0.394481
0.419226
0.388053
0.37516
0.378635
0.358608
0.353501
0.379646
0.357454
0.348951
0.357279
0.380319
0.390656
0.40097
0.401815
0.413891
0.407081
0.403699
0.381261
0.392541
0.3691
0.361983
0.352486
0.353829
0.355508
0.344679
0.352366
0.374803
0.378527
0.380617
0.385019
0.400396
0.370866
0.375732
0.370918
0.353961
0.362827
0.352775
0.376087
0.358917
0.374764
0.408551
0.397074
0.389739
0.382591
0.385996
0.400691
0.390031
0.414395
0.418076
0.425032
0.424535
0.44653
0.456802
0.39219
0.419806
0.424027
0.434552
0.470632
0.440436
0.498289
0.455966
0.470356
0.483204
0.500885
0.454592
0.471371
0.416912
0.403051
0.396276
0.439249
0.451863
0.383961
0.382485
0.446411
0.446339
0.434904
0.489807
0.426145
0.380809
0.385218
0.431467
0.404567
0.426846
0.446004
0.437102
0.423659
0.43567
0.424485
0.407246
0.424554
0.462768
0.472495
0.454108
0.470085
0.421558
0.414731
0.452363
0.480113
0.488677
0.479661
0.429789
0.415526
0.440983
0.438906
0.480253
0.49792
0.432806
0.432864
0.430382
0.4137
0.414249
0.385593
0.369219
0.36923
0.416067
0.422918
0.429378
0.427
0.405622
0.398851
0.392728
0.370069
0.380622
0.371855
0.356737
0.353416
0.357908
0.356645
0.379355
0.40238
0.372442
0.364259
0.356555
0.373791
0.380557
0.372338
0.375096
0.346641
0.369178
0.393257
0.38659
0.393935
0.390049
0.391336
0.395695
0.389408
0.358265
0.383822
0.384946
0.393589
0.3978
0.445961
0.422893
0.415333
0.404375
0.369746
0.368476
0.407742
0.386521
0.364548
0.373173
0.367552
0.36852
0.356642
0.36597
0.393256
0.403855
0.372536
0.367284
0.372811
0.368202
0.388821
0.379284
0.393185
0.384166
0.401334
0.465658
0.408569
0.483941
0.463275
0.47599
0.422909
0.436824
0.440827
0.506819
0.481876
0.490769
0.450902
0.481939
0.412367
0.367691
0.475346
0.469801
0.480193
0.467866
0.412381
0.379474
0.367907
0.362227
0.348202
0.347542
0.356132
0.366913
0.368815
0.408603
0.37546
0.390986
0.418721
0.395922
0.388781
0.39654
0.389733
0.380053
0.403206
0.39397
0.407428
0.403553
0.395355
0.380911
0.379895
0.374386
0.381607
0.363837
0.360315
0.352095
0.344501
0.356518
0.347283
0.36947
0.406349
0.384442
0.385518
0.362941
0.352752
0.350997
0.358539
0.381459
0.368523
0.356504
0.349792
0.354822
0.358154
0.375113
0.363808
0.354363
0.341355
0.345565
0.34629
0.350538
0.347234
0.341517
0.357938
0.359818
0.364935
0.385933
0.379796
0.363533
0.354267
0.353271
0.370345
0.393254
0.396488
0.416009
0.413175
0.41647
0.417686
0.412582
0.424978
0.387879
0.383968
0.383979
0.393209
0.415766
0.379937
0.365515
0.404318
0.394593
0.398842
0.400962
0.384408
0.398552
0.387648
0.421664
0.443832
0.400704
0.419099
0.428832
0.41407
0.404201
0.447875
0.445913
0.460813
0.454871
0.494992
0.438848
0.46467
0.477743
0.443647
0.43814
0.468755
0.486742
0.471337
0.444899
0.428752
0.426212
0.39894
0.465137
0.467472
0.453137
0.430522
0.425552
0.439592
0.438343
0.482832
0.461705
0.480222
0.50473
0.444012
0.489676
0.464558
0.477325
0.539148
0.482615
0.420945
0.408854
0.403137
0.413656
0.412879
0.436184
0.461505
0.429144
0.4374
0.469044
0.483503
0.503587
0.508268
0.584451
0.466375
0.415145
0.411962
0.418773
0.435551
0.425002
0.413122
0.415327
0.378553
0.407362
0.413585
0.438088
0.422352
0.419296
0.412405
0.407752
0.438858
0.426563
0.431043
0.410422
0.406313
0.422577
0.427076
0.41769
0.442991
0.395399
0.39299
0.385155
0.411289
0.387764
0.38488
0.391124
0.347917
0.389907
0.392589
0.396102
0.376706
0.354199
0.358572
0.376142
0.388317
0.384474
0.42796
0.409145
0.404305
0.378298
0.398391
0.400862
0.388887
0.404693
0.419853
0.419583
0.429982
0.392483
0.396118
0.375425
0.396003
0.391929
0.398415
0.394809
0.414141
0.396096
0.408467
0.401587
0.430102
0.404597
0.421401
0.368128
0.355887
0.357631
0.348451
0.342788
0.340833
0.33837
0.348554
0.343797
0.345372
0.357845
0.38272
0.368593
0.374769
0.375333
0.355362
0.344528
0.345483
0.333275
0.346411
0.347363
0.33977
0.342842
0.343535
0.350031
0.351211
0.345815
0.35027
0.348316
0.336141
0.334451
0.346815
0.342549
0.341022
0.347294
0.341591
0.362951
0.371023
0.397916
0.384202
0.376243
0.373882
0.385932
0.375128
0.364983
0.393399
0.373101
0.373373
0.374556
0.373945
0.373006
0.386248
0.375337
0.350203
0.347075
0.346464
0.337692
0.342873
0.347621
0.34794
0.347768
0.348449
0.349443
0.338274
0.347478
0.3415
0.341989
0.351509
0.338644
0.346847
0.345604
0.359372
0.366057
0.369245
0.355219
0.356572
0.365566
0.363881
0.372455
0.403383
0.420647
0.40235
0.381669
0.382559
0.396491
0.409233
0.44787
0.434228
0.430443
0.442647
0.407411
0.413683
0.368962
0.371395
0.383165
0.394644
0.367429
0.353696
0.362674
0.357449
0.361285
0.390209
0.405466
0.385543
0.372512
0.372413
0.3822
0.398708
0.416223
0.44694
0.463671
0.45743
0.480632
0.460241
0.523128
0.496478
0.512442
0.409334
0.392563
0.400082
0.434905
0.434499
0.384678
0.409809
0.470337
0.467283
0.450884
0.44497
0.390353
0.375319
0.368354
0.352299
0.347482
0.34152
0.353594
0.35953
0.355764
0.369826
0.380772
0.386102
0.400153
0.390336
0.388216
0.376886
0.381492
0.41563
0.427043
0.416083
0.390828
0.387463
0.402017
0.370828
0.378569
0.373304
0.383032
0.391753
0.367638
0.347504
0.343332
0.352168
0.344309
0.343828
0.342212
0.348438
0.349892
0.380572
0.380968
0.368635
0.346261
0.344418
0.354046
0.35826
0.354902
0.36059
0.404394
0.420809
0.394001
0.408515
0.405162
0.408425
0.385681
0.398425
0.384279
0.404633
0.423802
0.412101
0.404145
0.401008
0.404211
0.387651
0.39663
0.39551
0.398104
0.395923
0.380702
0.389756
0.393053
0.415947
0.386744
0.368276
0.387671
0.415764
0.414762
0.45643
0.430698
0.405757
0.396759
0.359974
0.428282
0.392757
0.429672
0.45766
0.454622
0.438551
0.414135
0.412013
0.398998
0.410438
0.452945
0.440041
0.452933
0.454955
0.461264
0.449813
0.418613
0.461594
0.478489
0.457518
0.446347
0.416124
0.383254
0.386127
0.376813
0.370589
0.386667
0.40546
0.372089
0.356892
0.353124
0.348868
0.358818
0.360251
0.367755
0.378529
0.358755
0.360519
0.374113
0.397788
0.410941
0.399505
0.444468
0.420115
0.461647
0.432881
0.446958
0.418139
0.480037
0.475347
0.421609
0.451317
0.468764
0.451208
0.465826
0.444673
0.429052
0.433094
0.417383
0.413721
0.426702
0.468516
0.490858
0.485382
0.49854
0.478271
0.462649
0.480852
0.492014
0.477085
0.506122
0.537601
0.567961
0.574112
0.44571
0.41549
0.425302
0.408911
0.423873
0.446751
0.436615
0.400087
0.386956
0.406508
0.419872
0.44247
0.406957
0.412065
0.408627
0.439969
0.42817
0.450306
0.424957
0.432633
0.41981
0.463339
0.428563
0.427699
0.40099
0.406921
0.415307
0.420347
0.399867
0.365387
0.366576
0.368855
0.380297
0.366162
0.385867
0.399673
0.388432
0.400992
0.463062
0.477463
0.448562
0.48044
0.437328
0.415926
0.437581
0.43468
0.412208
0.442744
0.425279
0.388483
0.367863
0.36302
0.395226
0.391318
0.386881
0.386106
0.370963
0.402663
0.399731
0.420864
0.410696
0.420034
0.403045
0.3834
0.37369
0.360334
0.384423
0.410992
0.386621
0.371616
0.392365
0.423695
0.40566
0.411604
0.4206
0.410649
0.406505
0.416903
0.407406
0.384814
0.431903
0.440228
0.429515
0.432753
0.420725
0.47766
0.439491
0.46846
0.466405
0.446724
0.411775
0.433777
0.458052
0.430086
0.461056
0.481659
0.420579
0.419317
0.403403
0.428559
0.429298
0.416922
0.493697
0.504849
0.496447
0.489222
0.430099
0.384968
0.411696
0.494568
0.490901
0.460059
0.454777
0.416293
0.432899
0.450917
0.41644
0.40526
0.448769
0.450228
0.426249
0.411152
0.42278
0.45408
0.426383
0.438027
0.390984
0.383975
0.390729
0.447531
0.454582
0.458543
0.481491
0.473547
0.453824
0.424014
0.419574
0.442764
0.433649
0.447013
0.392802
0.384771
0.387611
0.380008
0.385445
0.409375
0.387238
0.371628
0.407655
0.440448
0.440683
0.412885
0.446458
0.431862
0.474011
0.43721
0.54889
0.60625
0.600201
0.557682
0.542646
0.545569
0.479072
0.472671
0.535451
0.490341
0.447909
0.422996
0.409199
0.415031
0.413694
0.410671
0.462912
0.453139
0.416665
0.434902
0.474912
0.502488
0.463906
0.470887
0.438132
0.416839
0.411385
0.447842
0.469358
0.462184
0.475151
0.452518
0.440347
0.429753
0.451864
0.439467
0.446249
0.448051
0.4317
0.423246
0.446227
0.437734
0.445225
0.431356
0.464567
0.435265
0.434175
0.446616
0.412114
0.415112
0.41847
0.464349
0.486542
0.480538
0.502036
0.481358
0.508774
0.491635
0.520696
0.458615
0.410603
0.412259
0.430453
0.42004
0.416294
0.404777
0.407378
0.399107
0.440876
0.431824
0.452087
0.484045
0.465556
0.453116
0.421906
0.393871
0.393469
0.408957
0.396748
0.415479
0.436106
0.439389
0.434731
0.438171
0.446194
0.482782
0.505823
0.46406
0.434001
0.376923
0.366055
0.372206
0.358172
0.360686
0.369747
0.368536
0.364753
0.359004
0.36381
0.369991
0.392362
0.412817
0.448937
0.4686
0.499425
0.514841
0.475764
0.455057
0.443025
0.444865
0.487744
0.437776
0.434716
0.437535
0.380524
0.451612
0.417704
0.410075
0.449919
0.464363
0.416826
0.364231
0.367574
0.40574
0.431565
0.420756
0.431644
0.435096
0.412108
0.417407
0.433369
0.486281
0.436824
0.42335
0.414519
0.430458
0.494571
0.485315
0.533785
0.539036
0.48474
0.491918
0.487867
0.5269
0.562308
0.587198
0.535361
0.517493
0.498058
0.524956
0.51747
0.484453
0.49271
0.43148
0.515812
0.469577
0.512426
0.450916
0.459846
0.474102
0.465685
0.519801
0.504652
0.451626
0.47745
0.439151
0.457638
0.428662
0.427981
0.428318
0.39338
0.424043
0.397012
0.402132
0.41323
0.401823
0.434292
0.427068
0.44548
0.495517
0.521717
0.513295
0.447679
0.506704
0.456049
0.426222
0.441866
0.495224
0.4169
0.39626
0.480598
0.435174
0.491021
0.475014
0.425571
0.404155
0.454184
0.435261
0.446149
0.43783
0.431187
0.446266
0.435092
0.464994
0.449253
0.42199
0.451367
0.490544
0.423176
0.437348
0.497998
0.491516
0.482617
0.478412
0.461855
0.400967
0.503789
0.494994
0.486875
0.463339
0.494018
0.501888
0.494723
0.489769
0.46858
0.412995
0.461515
0.434104
0.463115
0.458463
0.464984
0.482961
0.509079
0.501871
0.419779
0.404461
0.37709
0.364867
0.351382
0.365095
0.371275
0.376531
0.413309
0.401529
0.414636
0.443471
0.471852
0.461853
0.43947
0.418403
0.416535
0.430297
0.397296
0.43273
0.377835
0.42986
0.420568
0.438669
0.474048
0.438622
0.45381
0.43814
0.389181
0.443545
0.447728
0.437979
0.453435
0.403983
0.378196
0.383841
0.374392
0.369863
0.375885
0.400777
0.464695
0.459438
0.505038
0.492096
0.505839
0.521767
0.517423
0.50458
0.505931
0.508453
0.499295
0.513141
0.498583
0.539268
0.504919
0.55793
0.572951
0.557995
0.528617
0.423698
0.412065
0.364848
0.366636
0.383102
0.416968
0.422541
0.385138
0.374229
0.3878
0.401363
0.397952
0.403863
0.43351
0.396024
0.424234
0.432185
0.400487
0.434406
0.432413
0.406626
0.415844
0.454702
0.428206
0.44329
0.433266
0.408987
0.389013
0.412255
0.428259
0.389668
0.454316
0.425199
0.413279
0.407394
0.386054
0.3878
0.411115
0.39092
0.374035
0.372144
0.362473
0.348438
0.344839
0.345923
0.356137
0.365978
0.393449
0.408546
0.38597
0.349429
0.359906
0.357598
0.379203
0.406874
0.405192
0.427249
0.392322
0.483502
0.400775
0.371855
0.363382
0.370526
0.368489
0.353107
0.354161
0.374152
0.377799
0.374178
0.356517
0.363709
0.359707
0.400618
0.406473
0.434586
0.44586
0.441317
0.426838
0.433651
0.458939
0.498375
0.40118
0.443504
0.431818
0.424874
0.407614
0.383196
0.378077
0.365636
0.364322
0.387776
0.375992
0.387109
0.381501
0.390833
0.377883
0.42201
0.430578
0.43696
0.433417
0.426754
0.419219
0.362336
0.355901
0.390142
0.399717
0.409066
0.415467
0.402181
0.387413
0.36827
0.347654
0.345582
0.349335
0.341623
0.343755
0.357593
0.343991
0.363167
0.347416
0.365737
0.392578
0.384232
0.35884
0.349729
0.355987
0.377148
0.359259
0.400809
0.439884
0.387227
0.436059
0.405396
0.440702
0.456412
0.417784
0.408206
0.454756
0.4561
0.510071
0.487584
0.529674
0.603428
0.579101
0.580975
0.529127
0.544512
0.561119
0.550745
0.539195
0.514509
0.517271
0.506159
0.460373
0.526336
0.524714
0.482764
0.44055
0.479512
0.525496
0.523687
0.49861
0.441588
0.486652
0.517759
0.498398
0.522413
0.452358
0.505146
0.46737
0.50744
0.513947
0.526671
0.534209
0.556873
0.518794
0.46432
0.410529
0.401976
0.41176
0.403977
0.418239
0.417567
0.410543
0.390116
0.422094
0.423109
0.457312
0.499677
0.451181
0.450771
0.436085
0.427477
0.431331
0.46545
0.507205
0.469404
0.449726
0.468252
0.511366
0.521295
0.421515
0.429463
0.423858
0.51915
0.510884
0.501834
0.438254
0.515131
0.483302
0.473996
0.530224
0.461016
0.437398
0.472142
0.403558
0.5022
0.53051
0.506997
0.483294
0.498229
0.520833
0.472586
0.531206
0.513988
0.540695
0.511987
0.517457
0.481083
0.433415
0.44379
0.449237
0.451828
0.507392
0.477876
0.517984
0.509583
0.459838
0.435373
0.445439
0.456804
0.502024
0.444633
0.478125
0.440938
0.455965
0.446569
0.475372
0.454526
0.470413
0.427421
0.440747
0.435035
0.40447
0.390973
0.36669
0.3724
0.375086
0.387901
0.396238
0.386048
0.40291
0.402904
0.37978
0.395088
0.380899
0.39335
0.396097
0.388639
0.366155
0.382352
0.3878
0.400544
0.409545
0.394974
0.459944
0.435421
0.423469
0.423517
0.444831
0.419559
0.417353
0.414676
0.411874
0.406526
0.43388
0.450586
0.442715
0.441719
0.472975
0.459591
0.413141
0.482815
0.484545
0.488042
0.47043
0.464072
0.444905
0.460089
0.455166
0.476509
0.486763
0.473682
0.459011
0.459632
0.458143
0.42562
0.393664
0.409394
0.447909
0.43749
0.428989
0.412353
0.432266
0.464532
0.462073
0.473037
0.427555
0.441108
0.500069
0.439563
0.462233
0.467447
0.470646
0.478181
0.459971
0.47289
0.497304
0.468486
0.471178
0.447734
0.404237
0.407021
0.438126
0.412582
0.39088
0.374702
0.383899
0.423769
0.476029
0.490978
0.490718
0.452809
0.468341
0.46387
0.438629
0.428192
0.441738
0.495252
0.536214
0.583496
0.555314
0.584947
0.540588
0.392749
0.385854
0.39914
0.368356
0.379682
0.367583
0.35514
0.354718
0.391815
0.39095
0.355496
0.354713
0.348417
0.347942
0.350577
0.355121
0.342306
0.351999
0.349693
0.343749
0.347507
0.359645
0.349171
0.360451
0.384511
0.399085
0.380486
0.366524
0.362564
0.363311
0.383209
0.400646
0.382376
0.368358
0.373332
0.433043
0.441518
0.446805
0.427181
0.436273
0.427028
0.441391
0.429255
0.405303
0.438719
0.464377
0.430027
0.420949
0.417567
0.427294
0.434479
0.430422
0.418583
0.409281
0.445822
0.492715
0.494422
0.494433
0.527036
0.499846
0.545196
0.518936
0.531576
0.503604
0.478605
0.416676
0.431448
0.455723
0.48042
0.490238
0.504118
0.552673
0.505632
0.488094
0.511452
0.461716
0.455066
0.499315
0.503803
0.494052
0.474729
0.484249
0.44221
0.443365
0.465359
0.457136
0.472418
0.399359
0.437528
0.487451
0.449356
0.505159
0.477536
0.466562
0.452386
0.452622
0.43951
0.43942
0.416005
0.412523
0.470745
0.441441
0.483523
0.486589
0.543116
0.534329
0.493532
0.503785
0.539116
0.431713
0.448441
0.455164
0.498995
0.503873
0.51262
0.522674
0.468266
0.508706
0.520726
0.485357
0.492017
0.530779
0.504125
0.483565
0.44478
0.51742
0.5059
0.503725
0.540517
0.543565
0.486396
0.479424
0.438988
0.427201
0.413507
0.375271
0.371451
0.380035
0.390391
0.396951
0.414913
0.388091
0.388397
0.397335
0.419101
0.46069
0.426564
0.389516
0.392431
0.390597
0.39087
0.414667
0.408028
0.402542
0.377348
0.38474
0.399703
0.394678
0.420209
0.411155
0.426489
0.415518
0.42468
0.429728
0.429306
0.397687
0.379642
0.360399
0.408117
0.385675
0.368603
0.407704
0.429874
0.412533
0.39882
0.36798
0.369839
0.358721
0.362136
0.366172
0.365352
0.360558
0.362521
0.367629
0.390605
0.401639
0.380544
0.362217
0.350974
0.363652
0.35481
0.357964
0.364868
0.368623
0.368803
0.352327
0.376348
0.392955
0.383308
0.396243
0.404718
0.447976
0.496544
0.445795
0.419031
0.418966
0.389838
0.385638
0.374211
0.396469
0.400946
0.418341
0.388476
0.392496
0.409399
0.416646
0.46504
0.423205
0.463783
0.502191
0.420945
0.403584
0.400624
0.395568
0.403475
0.410639
0.441811
0.461214
0.419172
0.423841
0.40892
0.396966
0.388535
0.398835
0.38428
0.384814
0.391697
0.385563
0.398017
0.398538
0.383786
0.414837
0.391734
0.380861
0.374435
0.385401
0.39872
0.457283
0.464905
0.397462
0.420023
0.423744
0.45316
0.446076
0.402668
0.399968
0.391707
0.407126
0.39583
0.387393
0.391717
0.3809
0.395009
0.393837
0.38598
0.371339
0.365697
0.367624
0.375315
0.370911
0.359338
0.365475
0.359362
0.362082
0.361975
0.359294
0.3602
0.368681
0.371311
0.368182
0.358108
0.357829
0.360021
0.360372
0.354849
0.355266
0.358872
0.362214
0.360977
0.358578
0.362854
0.364437
0.362559
0.358911
0.357002
0.3602
0.364619
0.378495
0.368769
0.380571
0.367815
0.363258
0.357811
0.363519
0.392042
0.416833
0.414634
0.390406
0.408794
0.403256
0.408272
0.41695
0.386647
0.375017
0.366384
0.383302
0.380456
0.406602
0.423304
0.38517
0.368999
0.392573
0.408596
0.395937
0.394271
0.383912
0.391532
0.395914
0.372525
0.36893
0.36469
0.361678
0.389985
0.413116
0.36522
0.370879
0.376995
0.394479
0.417745
0.432888
0.44757
0.409122
0.406095
0.36608
0.363963
0.368312
0.384528
0.406654
0.395763
0.36852
0.367815
0.362744
0.359471
0.359016
0.357598
0.350926
0.366174
0.387273
0.409848
0.464186
0.40134
0.393357
0.391085
0.386104
0.400735
0.419054
0.400765
0.401284
0.420074
0.413893
0.419755
0.407468
0.409673
0.403636
0.387282
0.375798
0.392097
0.384794
0.397667
0.397693
0.388429
0.382104
0.381869
0.369993
0.373843
0.367469
0.363868
0.37005
0.375883
0.387551
0.36807
0.36954
0.374395
0.388696
0.38622
0.398048
0.444788
0.434812
0.435924
0.407386
0.419408
0.387625
0.472074
0.511398
0.530982
0.513935
0.395263
0.394942
0.4864
0.479218
0.397914
0.358576
0.357784
0.362312
0.358798
0.39148
0.423817
0.407507
0.390408
0.420767
0.425787
0.407517
0.422148
0.400942
0.423435
0.384511
0.382935
0.392426
0.38967
0.382219
0.395519
0.379498
0.371191
0.384012
0.396179
0.394133
0.382696
0.393846
0.378963
0.397327
0.398577
0.392482
0.40445
0.396124
0.393105
0.381807
0.401207
0.394322
0.415863
0.375262
0.397672
