0.463691
0.601982
0.540067
0.591929
0.572295
0.584114
0.525235
0.47299
0.46127
0.464364
0.528251
0.537917
0.461285
0.503305
0.441904
0.438561
0.473693
0.514295
0.465291
0.47659
0.490906
0.51359
0.511998
0.447538
0.458002
0.460723
0.430206
0.439977
0.494869
0.481124
0.512771
0.475918
0.500041
0.512997
0.492266
0.491983
0.486426
0.481838
0.459479
0.481399
0.431161
0.489902
0.503716
0.497632
0.446448
0.483034
0.475237
0.445723
0.487041
0.481888
0.489352
0.477399
0.496454
0.479158
0.443695
0.468883
0.464538
0.47858
0.476497
0.487438
0.45566
0.487642
0.475137
0.469932
0.465465
0.451572
0.438367
0.453232
0.416094
0.429592
0.492442
0.492189
0.46459
0.483921
0.449793
0.451858
0.43911
0.467272
0.425506
0.461173
0.476399
0.445202
0.40539
0.45484
0.488315
0.464976
0.467755
0.445651
0.439035
0.426885
0.480838
0.426236
0.46003
0.459156
0.413217
0.391784
0.371364
0.398318
0.396683
0.409956
0.396763
0.424043
0.426735
0.464647
0.477826
0.471701
0.489668
0.435351
0.406673
0.395422
0.406657
0.412837
0.401885
0.41686
0.414402
0.412285
0.396171
0.377941
0.395487
0.397305
0.401961
0.430892
0.384446
0.392408
0.413923
0.40718
0.40741
0.407214
0.368798
0.385619
0.373529
0.4159
0.405529
0.38901
0.375947
0.361994
0.355731
0.382712
0.378337
0.360176
0.346262
0.349667
0.354402
0.348073
0.350666
0.372833
0.370153
0.379331
0.388803
0.379951
0.381977
0.393161
0.387762
0.367451
0.354325
0.355179
0.356356
0.347112
0.363726
0.37343
0.367812
0.357857
0.36838
0.380008
0.376422
0.402334
0.395274
0.375845
0.379719
0.382912
0.406447
0.380586
0.373142
0.384278
0.391504
0.398718
0.38347
0.396864
0.400318
0.409547
0.391313
0.395039
0.403394
0.425607
0.409394
0.412644
0.383591
0.367822
0.374778
0.366608
0.349636
0.351769
0.365107
0.369935
0.379478
0.383233
0.384347
0.381766
0.368428
0.347518
0.352788
0.340559
0.353389
0.351957
0.34893
0.3419
0.34551
0.349287
0.359154
0.37132
0.384083
0.397857
0.402498
0.457669
0.46381
0.477458
0.410561
0.405651
0.443279
0.425012
0.442621
0.398262
0.403641
0.42163
0.38422
0.421149
0.409284
0.433576
0.433744
0.408549
0.388912
0.374293
0.395621
0.42176
0.411945
0.402709
0.413819
0.418022
0.408008
0.434759
0.416892
0.412633
0.424274
0.419646
0.408121
0.417107
0.439929
0.435182
0.468027
0.456478
0.414137
0.414622
0.419275
0.473969
0.461464
0.470843
0.50869
0.439592
0.502092
0.516658
0.436592
0.40395
0.414363
0.372234
0.390085
0.431476
0.450511
0.434907
0.471948
0.415306
0.420205
0.395862
0.37869
0.369416
0.388119
0.410917
0.427681
0.425342
0.391433
0.412283
0.421365
0.408506
0.408434
0.396018
0.37869
0.374768
0.381292
0.377536
0.408349
0.380381
0.386519
0.383516
0.397246
0.39534
0.376928
0.418285
0.438492
0.380157
0.398404
0.413451
0.40064
0.388128
0.404708
0.422135
0.408097
0.408752
0.407843
0.446457
0.419976
0.424959
0.412918
0.418414
0.404664
0.399883
0.397884
0.384252
0.366903
0.367891
0.367763
0.356936
0.35416
0.340382
0.341657
0.339959
0.340028
0.333995
0.339951
0.342061
0.347327
0.356664
0.373935
0.368373
0.355566
0.343576
0.341367
0.340587
0.348557
0.342155
0.357221
0.353945
0.377785
0.357925
0.355903
0.363594
0.411938
0.403971
0.494214
0.48604
0.488993
0.434593
0.469341
0.460234
0.473646
0.46415
0.476147
0.467127
0.444621
0.45672
0.391305
0.419485
0.443846
0.4007
0.415695
0.421846
0.411532
0.413423
0.423457
0.415967
0.436066
0.426858
0.4079
0.411483
0.412375
0.379786
0.369362
0.366205
0.3609
0.384411
0.375048
0.371251
0.392417
0.368864
0.382681
0.39309
0.400101
0.402959
0.383029
0.405005
0.408758
0.420718
0.450851
0.424224
0.432177
0.374711
0.446694
0.452375
0.471026
0.398192
0.460169
0.521637
0.465604
0.442993
0.428928
0.455398
0.435595
0.426355
0.419275
0.418385
0.420381
0.399186
0.402231
0.428125
0.458287
0.424938
0.42148
0.425219
0.42531
0.379255
0.387484
0.370369
0.360387
0.378467
0.401866
0.395707
0.394366
0.391955
0.415461
0.401803
0.40325
0.379488
0.425711
0.418563
0.43447
0.44264
0.404145
0.428048
0.428341
0.399843
0.374775
0.408761
0.432038
0.44915
0.447484
0.486
0.416184
0.470512
0.477971
0.44661
0.379605
0.380774
0.402098
0.408111
0.393844
0.425869
0.400554
0.414576
0.46659
0.420477
0.449353
0.480482
0.481755
0.458503
0.451582
0.423293
0.405883
0.37085
0.355473
0.355717
0.388382
0.403475
0.424804
0.443123
0.410056
0.379147
0.395394
0.392217
0.385299
0.40025
0.422226
0.448462
0.449244
0.395475
0.377404
0.364587
0.388285
0.44964
0.445527
0.41483
0.428567
0.471847
0.430259
0.458911
0.485489
0.472788
0.399136
0.456373
0.438539
0.434396
0.42386
0.422327
0.451151
0.418117
0.397859
0.395969
0.408515
0.400589
0.391862
0.372502
0.352056
0.354336
0.376997
0.40406
0.39363
0.402672
0.411768
0.434444
0.39299
0.396635
0.386987
0.356827
0.352133
0.387732
0.432542
0.440384
0.481461
0.395975
0.402179
0.399353
0.44496
0.419317
0.438374
0.431416
0.465388
0.436974
0.397523
0.411051
0.378459
0.366323
0.359036
0.355103
0.358538
0.350752
0.353812
0.365065
0.377409
0.397715
0.403621
0.407356
0.396386
0.393128
0.380483
0.356461
0.355805
0.354728
0.368055
0.381897
0.371708
0.40133
0.436748
0.410433
0.411515
0.421939
0.417767
0.369707
0.380104
0.392635
0.421991
0.442311
0.430732
0.403685
0.388446
0.374925
0.39244
0.395982
0.400518
0.413206
0.417197
0.44687
0.441746
0.429251
0.479878
0.412831
0.397733
0.454723
0.423357
0.467195
0.442398
0.39647
0.388351
0.360962
0.35575
0.34861
0.353087
0.344899
0.373541
0.382398
0.385628
0.393641
0.363385
0.356719
0.358536
0.348247
0.353628
0.351745
0.372844
0.391179
0.435089
0.479985
0.459117
0.412486
0.413118
0.451048
0.410195
0.42234
0.402427
0.409782
0.423446
0.447437
0.447198
0.471587
0.455802
0.428623
0.407941
0.440587
0.410434
0.415069
0.420308
0.439477
0.444584
0.431151
0.417747
0.396753
0.375199
0.360598
0.361086
0.412808
0.42284
0.435648
0.433956
0.415841
0.386165
0.384344
0.391103
0.404998
0.477979
0.437656
0.444821
0.423072
0.434084
0.435113
0.414466
0.437743
0.449255
0.413682
0.387745
0.374988
0.36344
0.358154
0.364567
0.364077
0.376676
0.411529
0.412923
0.442032
0.452659
0.396053
0.494765
0.505688
0.436132
0.441406
0.391772
0.362179
0.358838
0.371119
0.39152
0.372503
0.368356
0.371732
0.402371
0.474958
0.45629
0.437954
0.489435
0.415116
0.424628
0.453625
0.452641
0.455624
0.437018
0.386485
0.415691
0.389419
0.403778
0.426731
0.424001
0.39424
0.395416
0.426269
0.392377
0.375194
0.374565
0.375814
0.380888
0.356148
0.36115
0.348057
0.345185
0.352714
0.350531
0.355921
0.364151
0.361558
0.380512
0.376816
0.367886
0.357511
0.352939
0.352442
0.3649
0.381265
0.368527
0.384449
0.403316
0.391838
0.37549
0.382228
0.385839
0.392862
0.406148
0.398208
0.378038
0.373169
0.355141
0.355867
0.344735
0.341979
0.358842
0.383997
0.363974
0.379739
0.39817
0.395462
0.422487
0.370346
0.396607
0.385753
0.377974
0.360688
0.372464
0.350807
0.356568
0.363054
0.361819
0.366839
0.361924
0.368817
0.354091
0.359531
0.363453
0.380453
0.398836
0.391932
0.393138
0.390808
0.397574
0.417753
0.393789
0.399706
0.430258
0.40588
0.404912
0.412607
0.39388
0.402266
0.384553
0.40005
0.405125
0.393234
0.392589
0.39039
0.393716
0.374851
0.372554
0.370186
0.3623
0.359996
0.366415
0.371009
0.369499
0.376209
0.36822
0.355509
0.338074
0.340347
0.344967
0.352823
0.369584
0.367863
0.34847
0.362831
0.349293
0.355608
0.374853
0.377885
0.397782
0.388864
0.393695
0.360884
0.347693
0.33795
0.342674
0.341583
0.337851
0.360487
0.3823
0.386305
0.382846
0.409065
0.393633
0.373904
0.356135
0.384732
0.391419
0.400964
0.408844
0.410932
0.414759
0.428097
0.396996
0.396005
0.410701
0.401133
0.366645
0.38125
0.435858
0.405159
0.39634
0.40451
0.426689
0.39183
0.36642
0.362792
0.371335
0.371871
0.355369
0.358837
0.34775
0.347852
0.365715
0.364192
0.353745
0.36866
0.382979
0.393353
0.416084
0.451913
0.425057
0.420881
0.494107
0.460237
0.490782
0.50022
0.411239
0.383292
0.38161
0.391404
0.396321
0.404812
0.400445
0.397091
0.417441
0.404027
0.377536
0.374335
0.367792
0.393839
0.400925
0.41455
0.381878
0.374315
0.392673
0.404742
0.418761
0.438366
0.453168
0.485541
0.448684
0.466647
0.479733
0.420552
0.432588
0.448911
0.45239
0.470317
0.455197
0.4594
0.446078
0.469389
0.493156
0.473775
0.508119
0.477844
0.525929
0.548341
0.488432
0.508784
0.373949
0.364199
0.36277
0.368931
0.372168
0.388971
0.390394
0.396632
0.402324
0.433815
0.405844
0.38342
0.370231
0.373397
0.380176
0.392474
0.425846
0.441876
0.440977
0.478167
0.492138
0.469433
0.438276
0.423849
0.429661
0.523989
0.509194
0.451035
0.491166
0.446303
0.418494
0.418175
0.414522
0.393421
0.371528
0.381711
0.370926
0.365622
0.376911
0.393871
0.368115
0.364643
0.365758
0.360422
0.375587
0.384287
0.415605
0.391588
0.375355
0.389448
0.385782
0.379892
0.384389
0.390673
0.39512
0.367187
0.375811
0.366284
0.366068
0.37545
0.389844
0.391982
0.425737
0.427751
0.441772
0.389149
0.399833
0.380827
0.364549
0.357912
0.368424
0.395307
0.417154
0.427773
0.448557
0.453142
0.43333
0.407215
0.402182
0.417052
0.417369
0.387111
0.43487
0.456524
0.432972
0.414545
0.416354
0.433022
0.448628
0.440392
0.429762
0.476196
0.457955
0.447119
0.464691
0.494331
0.489793
0.496047
0.543203
0.430612
0.428834
0.47992
0.523989
0.444417
0.455736
0.439217
0.422428
0.419609
0.423644
0.399776
0.400558
0.435232
0.401929
0.440107
0.455164
0.383702
0.408452
0.394991
0.384486
0.386168
0.410075
0.402173
0.403284
0.388372
0.391612
0.412499
0.40584
0.397847
0.398164
0.420233
0.407997
0.387977
0.385405
0.381383
0.394884
0.407002
0.392279
0.37101
0.383516
0.413888
0.429015
0.44798
0.426419
0.420822
0.389398
0.371331
0.366016
0.434069
0.37375
0.360229
0.355846
0.357233
0.36377
0.367402
0.353726
0.345254
0.35048
0.347047
0.354781
0.357921
0.363836
0.355415
0.33417
0.342323
0.342589
0.346588
0.345775
0.340302
0.346878
0.35418
0.360257
0.360635
0.369093
0.352755
0.348262
0.354928
0.37268
0.361451
0.345558
0.344457
0.344757
0.355745
0.353415
0.356903
0.373127
0.383092
0.372136
0.382419
0.391809
0.383906
0.375645
0.407735
0.37291
0.363496
0.348773
0.342889
0.351606
0.352258
0.355821
0.36352
0.366098
0.366414
0.386694
0.38766
0.385536
0.374297
0.399487
0.365078
0.355355
0.370655
0.376006
0.396007
0.379974
0.394302
0.404873
0.399134
0.383579
0.352968
0.380607
0.380283
0.371902
0.368662
0.369573
0.362294
0.376429
0.394682
0.41743
0.395125
0.408304
0.364587
0.392839
0.399421
0.400397
0.459939
0.455319
0.419184
0.436462
0.424774
0.433091
0.465337
0.467928
0.499041
0.483808
0.460771
0.485897
0.485489
0.451989
0.429812
0.385006
0.389464
0.389579
0.389901
0.387073
0.41496
0.4448
0.422287
0.449412
0.419107
0.403757
0.4008
0.412937
0.390057
0.410773
0.424025
0.428532
0.42782
0.420296
0.418753
0.419263
0.418836
0.413459
0.380223
0.405591
0.392821
0.377468
0.353977
0.349436
0.348525
0.359199
0.364009
0.350598
0.368583
0.355984
0.364176
0.390412
0.402269
0.389454
0.400408
0.397608
0.373369
0.362941
0.368176
0.394102
0.36808
0.375967
0.364885
0.385338
0.399366
0.404257
0.384842
0.396012
0.387384
0.360886
0.39638
0.382998
0.408334
0.395787
0.385542
0.380319
0.363369
0.349415
0.347664
0.342614
0.350675
0.349259
0.33796
0.351455
0.34739
0.344708
0.35748
0.36522
0.369421
0.362151
0.359629
0.382027
0.40328
0.416296
0.3944
0.394665
0.398137
0.403786
0.370389
0.357142
0.353156
0.358538
0.352053
0.350358
0.356275
0.370235
0.404665
0.403769
0.364283
0.379969
0.389472
0.407772
0.373949
0.375828
0.374345
0.389851
0.382906
0.380717
0.423437
0.440155
0.484654
0.456042
0.403216
0.431478
0.437455
0.435821
0.420291
0.414825
0.40648
0.388529
0.384392
0.375115
0.377769
0.369667
0.369635
0.365406
0.371597
0.396738
0.390883
0.430141
0.460084
0.473416
0.431385
0.497071
0.457372
0.432764
0.444608
0.429819
0.412537
0.557892
0.541536
0.540841
0.489433
0.480893
0.517244
0.511742
0.45148
0.452307
0.435043
0.488003
0.51594
0.486679
0.533413
0.514312
0.527501
0.455058
0.460957
0.411986
0.395492
0.389578
0.367347
0.375308
0.394459
0.397386
0.390486
0.393669
0.389633
0.407742
0.413215
0.402586
0.40606
0.409487
0.382768
0.370081
0.360938
0.368171
0.360046
0.382641
0.376482
0.376167
0.384341
0.383593
0.36664
0.386248
0.410261
0.432404
0.41833
0.445988
0.412255
0.38843
0.377945
0.355545
0.355355
0.352107
0.339997
0.348085
0.349975
0.358273
0.354684
0.352318
0.343323
0.350969
0.34948
0.342749
0.344227
0.3444
0.345822
0.357823
0.36781
0.373123
0.408178
0.426036
0.416288
0.399098
0.421301
0.422157
0.429168
0.420884
0.40682
0.408588
0.385312
0.366217
0.35411
0.356392
0.365298
0.352415
0.353824
0.351586
0.363362
0.366324
0.378258
0.394406
0.38757
0.41396
0.409876
0.401571
0.402937
0.418542
0.407139
0.401898
0.382525
0.401819
0.429022
0.414636
0.373169
0.36253
0.342704
0.348987
0.3478
0.346134
0.354972
0.351888
0.354153
0.362229
0.344766
0.346827
0.338514
0.346632
0.349728
0.337759
0.349689
0.34874
0.361435
0.378575
0.36672
0.377868
0.359183
0.354301
0.355677
0.359809
0.398153
0.378888
0.368716
0.363372
0.382126
0.371441
0.376185
0.368276
0.388594
0.390701
0.40598
0.407555
0.412612
0.420408
0.383348
0.401177
0.366296
0.363167
0.364063
0.362955
0.366043
0.388644
0.393134
0.426734
0.406355
0.398445
0.37822
0.384176
0.372889
0.370975
0.367016
0.381233
0.404088
0.389635
0.406266
0.389875
0.383667
0.362122
0.358319
0.349044
0.351779
0.353047
0.355212
0.341599
0.346578
0.367876
0.377616
0.372276
0.37288
0.361916
0.353345
0.352645
0.357087
0.360237
0.392106
0.395704
0.380449
0.386385
0.364295
0.364161
0.368578
0.366568
0.385713
0.374614
0.365474
0.349661
0.360303
0.370518
0.365317
0.36802
0.363376
0.363653
0.383141
0.404207
0.394464
0.378846
0.39524
0.402394
0.375431
0.358727
0.355612
0.389954
0.394603
0.369248
0.36354
0.363245
0.355001
0.341936
0.342052
0.344807
0.341207
0.343989
0.360788
0.387138
0.383222
0.380644
0.365921
0.36262
0.376772
0.382456
0.374941
0.377297
0.378204
0.392957
0.360515
0.359874
0.357961
0.354061
0.346741
0.350944
0.368135
0.376291
0.398305
0.413168
0.368464
0.357414
0.351877
0.345866
0.344136
0.366365
0.344747
0.344335
0.344284
0.349213
0.343737
0.344644
0.344321
0.338456
0.344159
0.355098
0.351807
0.35844
0.371159
0.411499
0.412582
0.418133
0.399154
0.393579
0.3739
0.367409
0.364755
0.373091
0.389111
0.375739
0.370106
0.380681
0.395698
0.403253
0.377049
0.373644
0.398166
0.399303
0.373906
0.372861
0.357077
0.387416
0.356072
0.407178
0.410646
0.410733
0.393742
0.425815
0.412851
0.387403
0.382585
0.3722
0.371343
0.359008
0.361177
0.35413
0.358129
0.372185
0.397247
0.390194
0.374408
0.356738
0.34251
0.346345
0.338674
0.34662
0.364971
0.375453
0.355526
0.362461
0.41067
0.385307
0.359735
0.351394
0.350429
0.355713
0.360843
0.385445
0.404181
0.382762
0.408179
0.366783
0.343422
0.354325
0.352361
0.363599
0.393722
0.392582
0.361989
0.364911
0.358298
0.361618
0.367646
0.367127
0.369569
0.376827
0.348454
0.349881
0.354881
0.360145
0.352211
0.370719
0.37356
0.384108
0.395871
0.409934
0.420368
0.428248
0.437488
0.43571
0.415617
0.404686
0.424395
0.410975
0.390873
0.393301
0.417137
0.381505
0.396032
0.434897
0.510555
0.528833
0.565389
0.500593
0.457696
0.44434
0.444652
0.432285
0.401005
0.397587
0.425907
0.414405
0.448759
0.43002
0.402092
0.4042
0.389312
0.386452
0.401676
0.415606
0.449445
0.426559
0.392358
0.371076
0.356569
0.352684
0.383383
0.40948
0.433231
0.414603
0.390011
0.397793
0.418264
0.438397
0.418544
0.361421
0.359691
0.349846
0.348104
0.34702
0.353108
0.353468
0.359195
0.355889
0.350833
0.356255
0.354824
0.353624
0.349346
0.349717
0.348711
0.35242
0.345363
0.34457
0.345254
0.34764
0.349047
0.34746
0.345702
0.353294
0.36097
0.392288
0.449296
0.43122
0.403093
0.391604
0.403023
0.389189
0.413312
0.387745
0.39067
0.393257
0.380831
0.399263
0.410852
0.415774
0.386939
0.383057
0.363967
0.380996
0.389746
0.376958
0.370166
0.380401
0.423564
0.396167
0.367632
0.362573
0.361877
0.353577
0.370241
0.368626
0.355801
0.349099
0.355042
0.378624
0.381028
0.388382
0.411297
0.408526
0.391984
0.411249
0.417126
0.40457
0.39613
0.377183
0.381233
0.384104
0.370775
0.369094
0.392148
0.384888
0.406084
0.403929
0.39498
0.368379
0.361397
0.370716
0.374707
0.372756
0.391803
0.392419
0.3928
0.389909
0.383329
0.405969
0.399643
0.425573
0.381731
0.391082
0.384829
0.386363
0.408435
0.410423
0.39173
0.423351
0.399428
0.415975
0.39712
0.38508
0.392702
0.414679
0.425509
0.394857
0.389833
0.409138
0.414056
0.389825
0.431196
0.395425
0.407916
0.375839
0.389832
0.389791
0.363782
0.372334
0.355892
0.350486
0.338242
0.346831
0.345327
0.360621
0.369453
0.358789
0.371168
0.370177
0.359515
0.357885
0.37134
0.368272
0.390254
0.351904
0.348328
0.353444
0.381707
0.367318
0.367982
0.368089
0.376211
0.394263
0.387706
0.39086
0.373802
0.365309
0.369359
0.381146
0.357891
0.35023
0.36049
0.352096
0.349986
0.35808
0.367487
0.36134
0.372328
0.353265
0.346939
0.342209
0.342673
0.344269
0.347964
0.3658
0.385958
0.358976
0.383211
0.377418
0.380589
0.374534
0.363893
0.370498
0.386542
0.39227
0.400581
0.410534
0.383099
0.376929
0.385734
0.388959
0.385442
0.387553
0.391679
0.357033
0.356008
0.369103
0.384676
0.387172
0.363874
0.358805
0.352328
0.350418
0.367215
0.39036
0.398142
0.367074
0.375224
0.399771
0.389601
0.365965
0.372705
0.416588
0.403342
0.384067
0.38037
0.370422
0.366371
0.358046
0.359806
0.368501
0.394806
0.382833
0.458913
0.434379
0.460641
0.453638
0.454175
0.444529
0.474926
0.439667
0.420165
0.395113
0.430717
0.40839
0.45165
0.444618
0.458274
0.485751
0.431053
0.408147
0.425211
0.477502
0.448181
0.426788
0.397009
0.389235
0.377263
0.362529
0.379724
0.405028
0.405021
0.387679
0.39565
0.370398
0.380459
0.426475
0.458503
0.480812
0.485203
0.437308
0.441845
0.403537
0.380235
0.37936
0.405835
0.425905
0.460727
0.4099
0.386465
0.381681
0.393771
0.424815
0.430452
0.409732
0.401014
0.405039
0.421027
0.444196
0.404281
0.371389
0.353176
0.364035
0.364804
0.380479
0.373713
0.357436
0.355341
0.36041
0.364567
0.371437
0.384586
0.379858
0.409277
0.446575
0.452908
0.409857
0.43642
0.46095
0.395889
0.452424
0.447036
0.469941
0.470161
0.461563
0.439887
0.440243
0.42592
0.441549
0.460336
0.489911
0.474193
0.497341
0.483372
0.477633
0.47745
0.498817
0.47743
0.473824
0.447482
0.435031
0.428903
0.455566
0.405685
0.421105
0.448197
0.462197
0.433381
0.428057
0.431946
0.410338
0.43199
0.421329
0.453673
0.431349
0.419289
0.378035
0.37378
0.368309
0.385026
0.43181
0.420587
0.413634
0.399692
0.394877
0.409734
0.428669
0.426477
0.430208
0.449739
0.422433
0.429746
0.418077
0.408131
0.421051
0.418251
0.388832
0.373981
0.390114
0.415215
0.390495
0.398588
0.426715
0.390091
0.372078
0.369054
0.369798
0.395305
0.416832
0.401851
0.390068
0.426725
0.397237
0.410851
0.410747
0.403967
0.412637
0.399001
0.449846
0.444498
0.484889
0.464479
0.522219
0.414478
0.431837
0.500388
0.523918
0.466834
0.44697
0.470964
0.433814
0.463951
0.474156
0.478086
0.413909
0.396351
0.437393
0.415325
0.443727
0.469549
0.438309
0.500455
0.467145
0.430833
0.494095
0.485288
0.501147
0.432468
0.361551
0.418174
0.402224
0.388998
0.403124
0.376692
0.359679
0.353767
0.359377
0.364064
0.359
0.375496
0.375672
0.38865
0.423939
0.418948
0.408746
0.380952
0.358605
0.360759
0.351807
0.355277
0.378544
0.389805
0.376356
0.377668
0.370612
0.348973
0.351106
0.367732
0.38635
0.36543
0.354201
0.338152
0.34489
0.348315
0.344939
0.340163
0.339715
0.354566
0.350424
0.352077
0.368848
0.371683
0.382236
0.383733
0.370127
0.357177
0.367696
0.414097
0.408449
0.366466
0.364847
0.377804
0.383371
0.369322
0.361807
0.360385
0.366593
0.362777
0.367055
0.380911
0.381489
0.371418
0.34937
0.35827
0.374775
0.383013
0.379041
0.374447
0.384425
0.378642
0.384364
0.398679
0.386056
0.386617
0.388075
0.40082
0.389093
0.382414
0.421718
0.426015
0.408397
0.384912
0.37103
0.353672
0.348556
0.353016
0.347862
0.347663
0.344757
0.345809
0.353221
0.357146
0.375722
0.373326
0.350333
0.356774
0.377401
0.399957
0.386309
0.378341
0.349863
0.362709
0.337956
0.342562
0.343212
0.345388
0.35071
0.3723
0.380773
0.40258
0.403786
0.398055
0.434761
0.411317
0.426113
0.414915
0.40049
0.406466
0.404762
0.413899
0.419201
0.406778
0.402035
0.367179
0.360171
0.387138
0.381588
0.359995
0.358185
0.365201
0.375178
0.3713
0.378428
0.388442
0.385246
0.391686
0.386306
0.360573
0.345741
0.357373
0.373637
0.366822
0.365085
0.37374
0.352323
0.362658
0.358097
0.375379
0.393645
0.386771
0.359243
0.364663
0.371697
0.352947
0.361461
0.359894
0.372433
0.384164
0.383695
0.387452
0.391053
0.378667
0.377805
0.378866
0.375086
0.407196
0.401127
0.399351
0.369584
0.388742
0.397904
0.400201
0.401317
0.407601
0.412798
0.403278
0.395755
0.365334
0.348037
0.348868
0.352643
0.365245
0.388999
0.394617
0.397079
0.405675
0.37565
0.380264
0.370091
0.37319
0.370757
0.36753
0.390996
0.417401
0.412174
0.413323
0.434469
0.445365
0.426802
0.433646
0.39574
0.390946
0.374652
0.3694
0.365318
0.406737
0.417527
0.406507
0.377014
0.401577
0.408587
0.443135
0.44457
0.443655
0.443015
0.425167
0.445543
0.418478
0.407351
0.425102
0.402426
0.390554
0.390761
0.421253
0.416152
0.374257
0.386298
0.399172
0.430545
0.466736
0.446586
0.454856
0.493146
0.455185
0.436772
0.461907
0.458963
0.526821
0.558797
0.570847
0.548573
0.533095
0.473069
0.394274
0.472088
0.476473
0.492942
0.51129
0.461967
0.494489
0.413144
0.377299
0.389294
0.365884
0.34859
0.349543
0.353091
0.374532
0.362292
0.351807
0.358541
0.377555
0.354585
0.360565
0.354247
0.351395
0.353074
0.357589
0.370998
0.381884
0.369388
0.375436
0.361044
0.361916
0.361457
0.364113
0.370614
0.387252
0.389246
0.403036
0.408101
0.401887
0.419932
0.393608
0.397209
0.413496
0.408091
0.42326
0.410888
0.429134
0.396453
0.406189
0.408348
0.412445
0.410164
0.417896
0.443901
0.452115
0.393438
0.406119
0.408084
0.391843
0.403728
0.398072
0.39042
0.395253
0.403345
0.432819
0.416237
0.412201
0.383527
0.389642
0.387671
0.403417
0.40944
0.386999
0.394905
0.394364
0.405128
0.39871
0.397016
0.416496
0.469007
0.484218
0.479322
0.438693
0.425201
0.390603
0.392191
0.474484
0.429389
0.385811
0.3725
0.371731
0.382822
0.444806
0.429712
0.415885
0.38338
0.366238
0.368134
0.36026
0.369581
0.389257
0.431454
0.442328
0.452625
0.436147
0.455321
0.379693
0.38676
0.4206
0.443854
0.404573
0.418514
0.400726
0.446974
0.448741
0.442516
0.446832
0.439944
0.425621
0.435382
0.43712
0.393168
0.424511
0.438712
0.445855
0.432952
0.430331
0.466893
0.50058
0.507276
0.497288
0.484621
0.488323
0.48244
0.486503
0.398668
0.403461
0.396283
0.368128
0.359176
0.352881
0.360791
0.36311
0.370203
0.351333
0.348843
0.368112
0.341641
0.352884
0.345072
0.342032
0.348081
0.344795
0.346083
0.364184
0.382495
0.367628
0.377215
0.358306
0.351491
0.358727
0.37581
0.379024
0.389544
0.386015
0.382362
0.385678
0.366756
0.3625
0.371412
0.370676
0.377966
0.381853
0.388747
0.392759
0.391813
0.419993
0.480244
0.462593
0.474669
0.454924
0.514826
0.519675
0.504794
0.48211
0.506427
0.392217
0.385171
0.379418
0.395604
0.406855
0.445925
0.423869
0.401056
0.391638
0.385091
0.400098
0.387172
0.356169
0.351475
0.357188
0.370225
0.355753
0.391402
0.388621
0.378926
0.365585
0.359406
0.354763
0.360442
0.35307
0.351085
0.375608
0.392307
0.382112
0.380609
0.358612
0.343332
0.348514
0.344164
0.351136
0.367513
0.373667
0.360148
0.370218
0.372188
0.368662
0.374675
0.358933
0.361503
0.349646
0.349266
0.361194
0.37649
0.40579
0.443164
0.457182
0.467604
0.425406
0.442228
0.417548
0.415419
0.440085
0.457442
0.443667
0.396622
0.380211
0.404261
0.416281
0.407818
0.419245
0.381268
0.366912
0.372115
0.399025
0.416016
0.430543
0.422053
0.453843
0.449938
0.423327
0.432584
0.396507
0.418605
0.429818
0.426909
0.391127
0.402033
0.373298
0.364148
0.357621
0.359127
0.359271
0.370667
0.3892
0.427829
0.443016
0.451437
0.474033
0.433747
0.508993
0.477945
0.449408
0.431834
0.435797
0.410513
0.428819
0.428805
0.462768
0.479684
0.477468
0.424994
0.456333
0.516677
0.500141
0.480827
0.459026
0.447744
0.47973
0.480449
0.478523
0.409624
0.396675
0.38992
0.379701
0.377641
0.375213
0.380944
0.41076
0.432807
0.452341
0.452584
0.446903
0.423155
0.433106
0.406436
0.438122
0.48041
0.444233
0.456282
0.443025
0.410164
0.373785
0.356842
0.346283
0.363808
0.37194
0.367068
0.360229
0.37809
0.407729
0.385526
0.397714
0.410968
0.416435
0.431104
0.430249
0.433359
0.473577
0.488507
0.483523
0.464442
0.426232
0.370288
0.388059
0.411844
0.411077
0.427888
0.415079
0.442259
0.448837
0.425751
0.416452
0.428528
0.420957
0.426774
0.397663
0.387161
0.374466
0.382949
0.380597
0.426177
0.394127
0.369574
0.373766
0.385992
0.386858
0.383976
0.402931
0.458318
0.45415
0.449075
0.399484
0.349384
0.396816
0.410279
0.442119
0.471292
0.434226
0.439966
0.408433
0.431
0.406708
0.405361
0.42197
0.433261
0.422011
0.371141
0.365796
0.360839
0.351881
0.379094
0.387566
0.400167
0.395326
0.399725
0.408921
0.419266
0.384201
0.401467
0.419135
0.399993
0.383719
0.40128
0.390535
0.386385
0.376836
0.363069
0.369792
0.40808
0.414611
0.38961
0.373291
0.371389
0.391151
0.377864
0.356272
0.381559
0.377967
0.396677
0.408722
0.409511
0.392695
0.399566
0.37546
0.366837
0.377829
0.40458
0.406296
0.387569
0.380814
0.383376
0.381305
0.389604
0.414994
0.395
0.395881
0.369902
0.360171
0.349177
0.348144
0.366342
0.339469
0.3482
0.352066
0.356254
0.371177
0.403095
0.419394
0.404977
0.380099
0.368676
0.344686
0.342745
0.351786
0.354852
0.349735
0.37576
0.395552
0.383793
0.373544
0.354796
0.362523
0.355222
0.352614
0.361907
0.376083
0.377242
0.372832
0.36832
0.378404
0.376251
0.358508
0.395818
0.411959
0.403681
0.415682
0.403664
0.400207
0.412675
0.388042
0.418462
0.435636
0.392641
0.385297
0.361095
0.394225
0.427593
0.4397
0.413752
0.397907
0.446848
0.416501
0.368654
0.365983
0.389649
0.363168
0.362622
0.369222
0.373173
0.367942
0.377646
0.376445
0.368038
0.369392
0.371396
0.347269
0.342328
0.341005
0.350113
0.347558
0.337307
0.341715
0.345139
0.343677
0.349189
0.361272
0.361484
0.392881
0.389996
0.381107
0.406683
0.397093
0.376636
0.391741
0.408064
0.382224
0.383666
0.378417
0.373551
0.398255
0.444872
0.430382
0.413809
0.425705
0.408845
0.447785
0.380553
0.40718
0.390312
0.42438
0.44235
0.387638
0.380652
0.397537
0.421997
0.427055
0.388022
0.389276
0.414279
0.409583
0.462875
0.45629
0.402384
0.437789
0.424209
0.411287
0.384348
0.369624
0.371773
0.384231
0.419311
0.453885
0.424705
0.494223
0.461766
0.433692
0.544622
0.53335
0.569998
0.519745
0.571473
0.56788
0.579094
0.483015
0.418433
0.4325
0.393372
0.396353
0.401427
0.39557
0.36491
0.39754
0.408879
0.398198
0.392546
0.392932
0.415729
0.406307
0.396139
0.381828
0.373026
0.36439
0.346441
0.34925
0.349053
0.359004
0.34664
0.347377
0.354156
0.370224
0.379802
0.385457
0.38699
0.403334
0.375231
0.42425
0.395752
0.374584
0.389843
0.380152
0.401822
0.418482
0.391984
0.38569
0.371903
0.376018
0.390427
0.369043
0.35459
0.373612
0.374196
0.36029
0.347451
0.353527
0.364283
0.376528
0.389071
0.403391
0.372119
0.355878
0.354792
0.352395
0.347317
0.343084
0.35358
0.355809
0.378002
0.40883
0.448287
0.42938
0.446045
0.463448
0.434302
0.466164
0.4311
0.46348
0.416361
0.448621
0.458082
0.417197
0.390547
0.397757
0.395064
0.403695
0.399184
0.377025
0.388713
0.401075
0.390327
0.409131
0.435898
0.365925
0.406202
0.403146
0.39542
0.395236
0.403787
0.388713
0.384386
0.392329
0.388844
0.405267
0.426971
0.400283
0.399932
0.399296
0.370569
0.390746
0.410001
0.391525
0.354859
0.349196
0.361881
0.389574
0.396797
0.389251
0.40734
0.418262
0.388118
0.400925
0.409436
0.381601
0.386366
0.389965
0.371269
0.363218
0.392975
0.418837
0.381411
0.388363
0.411675
0.396818
0.418691
0.406337
0.401265
0.409599
0.407555
0.40664
0.434813
0.443576
0.438544
0.42336
0.475386
0.423095
0.40961
0.429301
0.433452
0.428641
0.43431
0.496897
0.456538
0.430371
0.432676
0.428421
0.431235
0.447359
0.423126
0.421649
0.433674
0.46771
0.459935
0.426098
0.387474
0.394669
0.386801
0.389381
0.371015
0.353908
0.343357
0.355331
0.356422
0.372368
0.415487
0.392229
0.396022
0.383617
0.403169
0.440474
0.421292
0.403805
0.414709
0.432313
0.428176
0.383078
0.381753
0.400189
0.415428
0.40763
0.435529
0.468043
0.475047
0.461292
0.408831
0.382603
0.391667
0.418755
0.418726
0.397515
0.370151
0.375491
0.388921
0.401505
0.436687
0.425834
0.41831
0.491729
0.453646
0.402111
0.430853
0.414854
0.485915
0.458886
0.439019
0.399467
0.465699
0.48794
0.461672
0.529107
0.521215
0.496263
0.534189
0.503919
0.513836
0.495907
0.495548
0.471779
0.478449
0.476123
0.54003
0.552128
0.556678
0.535663
0.530961
0.548642
0.594639
0.588607
0.559767
0.49145
0.44233
0.470883
0.475979
0.426632
0.395652
0.42743
0.451632
0.422036
0.383071
0.393322
0.441292
0.446027
0.441302
0.417019
0.435892
0.423398
0.398636
0.361548
0.360145
0.3681
0.395174
0.414628
0.441258
0.446662
0.455352
0.444616
0.443701
0.432505
0.428895
0.43828
0.402329
0.385083
0.413146
0.394103
0.404052
0.399948
0.404591
0.367764
0.360617
0.372779
0.386403
0.403041
0.419806
0.386874
0.407638
0.407287
0.397929
0.406656
0.415136
0.38631
0.390388
0.394492
0.407662
0.398239
0.389284
0.399428
0.419529
0.424667
0.437338
0.430897
0.427509
0.386221
0.410886
0.404434
0.387494
0.412503
0.420481
0.389256
0.43216
0.431937
0.399862
0.382165
0.383239
0.39596
0.407118
0.392236
0.428049
0.499482
0.435179
0.434912
0.432483
0.413461
0.415443
0.420504
0.43103
0.438108
0.449188
0.41392
0.440615
0.449318
0.45532
0.40941
0.405327
0.399665
0.367843
0.365435
0.364688
0.374686
0.363799
0.352399
0.355871
0.343188
0.346151
0.342222
0.345211
0.350996
0.351517
0.359042
0.383547
0.385834
0.376764
0.402007
0.381206
0.382316
0.373499
0.383099
0.384915
0.412433
0.391298
0.40287
0.372345
0.351063
0.353094
0.353248
0.356954
0.359928
0.36841
0.395543
0.428163
0.428714
0.473966
0.475273
0.480334
0.484636
0.515257
0.488391
0.436852
0.394484
0.417279
0.450742
0.37141
0.43769
0.437173
0.420544
0.384261
0.414152
0.455716
0.476263
0.46619
0.522762
0.44811
0.416064
0.455399
0.414207
0.353689
0.373794
0.374238
0.373209
0.367654
0.396332
0.419847
0.394453
0.393033
0.427446
0.468494
0.443614
0.405286
0.385283
0.373583
0.378355
0.405089
0.380374
0.372655
0.404524
0.396394
0.394516
0.423833
0.408722
0.427735
0.412041
0.394418
0.393629
0.430215
0.397318
0.435203
0.456827
0.48622
0.452007
0.403595
0.394127
0.430377
0.432761
0.472659
0.481762
0.44498
0.470449
0.470586
0.439715
0.490197
0.415176
0.423201
0.390462
0.381678
0.366279
0.402553
0.379694
0.369314
0.370672
0.374802
0.388259
0.406602
0.435897
0.414566
0.401727
0.40464
0.40458
0.438977
0.439683
0.408278
0.441946
0.394082
0.346073
0.405443
0.411156
0.433515
0.444893
0.402088
0.412617
0.457223
0.483168
0.410402
0.416177
0.422834
0.440742
0.454455
0.44911
0.424572
0.45922
0.480893
0.492572
0.453835
0.424226
0.431261
0.436923
0.44464
0.432976
0.456415
0.439211
0.434962
0.471303
0.461465
0.466137
0.481717
0.501168
0.550875
0.568271
0.520915
0.534036
0.575181
0.56496
0.560753
0.516267
0.543122
0.462424
0.432166
0.401405
0.369992
0.391377
0.399356
0.444327
0.376764
0.417201
0.455934
0.425125
0.439291
0.418369
0.392447
0.432309
0.436828
0.423703
0.44901
0.423435
0.416586
0.400248
0.41334
0.386663
0.410756
0.419218
0.35259
0.423096
0.444658
0.453236
0.415627
0.429432
0.43154
0.443731
0.403971
0.402931
0.372392
0.365378
0.365881
0.362907
0.356859
0.357456
0.351437
0.352905
0.349693
0.359257
0.363976
0.38199
0.395876
0.371448
0.378658
0.358408
0.368344
0.379636
0.386987
0.365825
0.37229
0.427116
0.404908
0.40212
0.426648
0.450761
0.412425
0.409105
0.416162
0.438276
0.396171
0.365274
0.348113
0.350858
0.352132
0.362141
0.367133
0.371119
0.362786
0.367983
0.36848
0.371012
0.385416
0.407139
0.416903
0.465066
0.494514
0.471068
0.453039
0.467149
0.434411
0.491795
0.44932
0.384283
0.376831
0.353715
0.389878
0.376096
0.372394
0.363854
0.354846
0.372791
0.454792
0.447452
0.379146
0.389742
0.408196
0.406475
0.390295
0.463562
0.504173
0.518864
0.466842
0.480025
0.411606
0.51578
0.534704
0.531141
0.524555
0.492879
0.508812
0.490159
0.521339
0.479747
0.480461
0.512616
0.511044
0.516242
0.505963
0.501425
0.461966
0.461088
0.484286
0.460351
0.43225
0.411025
0.427401
0.485381
0.442486
0.452115
0.445609
0.453996
0.414788
0.424713
0.439977
0.435647
0.393825
0.379967
0.363318
0.359587
0.356132
0.366885
0.400131
0.39587
0.373869
0.366722
0.362437
0.374946
0.400863
0.408567
0.40097
0.385836
0.373151
0.373094
0.349973
0.363478
0.375883
0.353116
0.349878
0.36207
0.385036
0.39726
0.393844
0.411119
0.411683
0.406034
0.402538
0.381322
0.391725
0.368576
0.362318
0.352604
0.354466
0.356338
0.342104
0.354682
0.367548
0.380894
0.378599
0.382032
0.401422
0.387276
0.362587
0.378522
0.358126
0.362702
0.351845
0.361231
0.374273
0.363552
0.382315
0.415888
0.396601
0.385523
0.379034
0.389598
0.395144
0.397431
0.419301
0.416782
0.431149
0.423582
0.443153
0.458208
0.390744
0.419524
0.424566
0.433134
0.469864
0.439134
0.499808
0.464342
0.449289
0.494433
0.500979
0.479616
0.452829
0.42423
0.41862
0.392167
0.425331
0.437116
0.427186
0.372681
0.425112
0.458448
0.417148
0.46881
0.464858
0.407128
0.379065
0.393349
0.44994
0.391469
0.429686
0.450605
0.424403
0.432649
0.4306
0.424029
0.411228
0.426232
0.46414
0.470038
0.455097
0.466476
0.4314
0.40344
0.451655
0.47375
0.484315
0.494263
0.434433
0.426987
0.434132
0.433549
0.452506
0.494174
0.50028
0.394092
0.441128
0.435087
0.407248
0.416459
0.386249
0.370014
0.365819
0.411991
0.42136
0.425218
0.436929
0.409723
0.407344
0.388025
0.376595
0.373535
0.383002
0.361828
0.354954
0.355091
0.355454
0.364558
0.39016
0.394351
0.368726
0.363163
0.35981
0.372262
0.380863
0.374165
0.373197
0.348377
0.368665
0.390941
0.388851
0.390648
0.39487
0.386672
0.394761
0.400605
0.355166
0.37619
0.38338
0.389676
0.397325
0.438103
0.416109
0.430668
0.406608
0.400725
0.365819
0.37135
0.409603
0.388349
0.363261
0.375176
0.366545
0.365699
0.359191
0.363802
0.387777
0.397643
0.38924
0.362456
0.380126
0.367046
0.371087
0.396122
0.378197
0.391865
0.384312
0.402772
0.477092
0.406415
0.489533
0.464358
0.478509
0.421524
0.434332
0.430567
0.50824
0.479962
0.494495
0.466732
0.474697
0.445458
0.372333
0.42077
0.479986
0.452724
0.481058
0.483108
0.393235
0.379089
0.363464
0.363556
0.346964
0.347913
0.355781
0.366583
0.369185
0.408044
0.377599
0.385846
0.40731
0.417257
0.377959
0.395437
0.399224
0.380842
0.392006
0.396449
0.401585
0.40969
0.398377
0.390615
0.383204
0.374661
0.373398
0.384047
0.358993
0.357515
0.351489
0.345466
0.355407
0.348118
0.372532
0.406218
0.38654
0.382493
0.366559
0.351519
0.354988
0.351815
0.381822
0.372985
0.357095
0.352447
0.350293
0.359614
0.372026
0.365492
0.358403
0.348591
0.343439
0.34227
0.350506
0.347554
0.344839
0.34985
0.358956
0.359568
0.367096
0.393616
0.373636
0.359186
0.351814
0.357252
0.373649
0.394896
0.396995
0.415842
0.413249
0.415652
0.419503
0.41273
0.416091
0.40236
0.381187
0.386082
0.389089
0.412759
0.395408
0.36591
0.388597
0.400758
0.390282
0.399662
0.391608
0.39543
0.393527
0.406011
0.419193
0.446995
0.392905
0.418863
0.431266
0.410494
0.407949
0.446933
0.445947
0.460766
0.453926
0.500263
0.440219
0.456874
0.491605
0.44645
0.430924
0.441082
0.499274
0.485105
0.444851
0.443605
0.421708
0.431211
0.411315
0.458035
0.474845
0.444989
0.428209
0.425746
0.440574
0.437183
0.486748
0.462759
0.474939
0.502054
0.457939
0.484755
0.473578
0.455577
0.530317
0.503885
0.453836
0.41309
0.40315
0.405355
0.418464
0.415581
0.44635
0.459702
0.421207
0.452101
0.46531
0.485067
0.50901
0.511041
0.581049
0.46281
0.409203
0.415166
0.413918
0.444123
0.421075
0.417455
0.422342
0.383926
0.402978
0.406802
0.421165
0.434718
0.420283
0.412726
0.417474
0.402084
0.439775
0.426291
0.436996
0.408946
0.404136
0.426968
0.424898
0.419803
0.443257
0.394767
0.392553
0.387078
0.409957
0.390724
0.381682
0.391743
0.356474
0.37587
0.394496
0.395299
0.385441
0.358582
0.358864
0.366281
0.384691
0.381752
0.414994
0.423298
0.395193
0.392552
0.3896
0.399413
0.404004
0.379499
0.422968
0.417506
0.422249
0.423135
0.391433
0.394383
0.375855
0.397297
0.391253
0.398093
0.392585
0.418296
0.394599
0.403893
0.408822
0.426277
0.405418
0.422656
0.383854
0.354571
0.354181
0.359631
0.34202
0.340509
0.338591
0.350359
0.338942
0.344546
0.35367
0.362833
0.389535
0.361967
0.383544
0.364467
0.351138
0.345784
0.337343
0.338249
0.348156
0.345052
0.340402
0.341854
0.342856
0.35469
0.347568
0.347229
0.348239
0.349893
0.334717
0.333865
0.347362
0.342794
0.341269
0.346471
0.341765
0.363592
0.370823
0.395233
0.38644
0.376722
0.37365
0.379702
0.385653
0.362317
0.390375
0.371936
0.378435
0.364629
0.382095
0.372213
0.380197
0.388813
0.355932
0.351453
0.343163
0.341883
0.341779
0.342015
0.351246
0.34669
0.346022
0.354183
0.342381
0.340794
0.34516
0.341681
0.34747
0.348886
0.336555
0.348373
0.345778
0.361421
0.36697
0.367902
0.354413
0.35716
0.365683
0.363983
0.371095
0.403517
0.416007
0.413902
0.379125
0.37871
0.399917
0.402033
0.431782
0.451761
0.42369
0.434278
0.415257
0.429224
0.388542
0.364826
0.375273
0.39368
0.385029
0.357409
0.358946
0.360273
0.357396
0.371954
0.397368
0.400867
0.378001
0.372893
0.37583
0.379716
0.403593
0.420871
0.460819
0.453114
0.463735
0.481148
0.459477
0.520967
0.496509
0.514721
0.409383
0.400652
0.378539
0.436323
0.436704
0.407913
0.383281
0.451702
0.472877
0.439171
0.494607
0.40135
0.386419
0.371817
0.364268
0.350378
0.346606
0.342089
0.355798
0.358281
0.358416
0.37031
0.379335
0.387689
0.400205
0.391953
0.389432
0.376822
0.378708
0.412295
0.428873
0.412245
0.406007
0.387447
0.400267
0.385263
0.368994
0.376713
0.374226
0.393875
0.380265
0.360988
0.346001
0.343326
0.350988
0.347299
0.341361
0.342766
0.348007
0.351769
0.381482
0.380977
0.370194
0.345879
0.34547
0.351462
0.359604
0.352459
0.355678
0.392971
0.42662
0.402295
0.407455
0.399268
0.407074
0.395129
0.390249
0.396281
0.387714
0.409443
0.426276
0.406557
0.406857
0.396606
0.406976
0.386856
0.398962
0.39438
0.398565
0.394458
0.380971
0.390154
0.389807
0.416322
0.39256
0.371331
0.377562
0.413746
0.410386
0.449488
0.448605
0.394755
0.420188
0.370897
0.371873
0.444773
0.383612
0.454254
0.456147
0.446678
0.428602
0.421429
0.405237
0.401759
0.408766
0.458977
0.437589
0.454632
0.452725
0.462804
0.451375
0.420051
0.453147
0.475196
0.474545
0.445744
0.428857
0.392449
0.383863
0.382265
0.376816
0.368901
0.403046
0.393138
0.36069
0.356466
0.348896
0.354409
0.361839
0.358429
0.376283
0.370011
0.354771
0.367061
0.377916
0.398526
0.411015
0.404954
0.442716
0.42077
0.462169
0.430151
0.456518
0.408585
0.479647
0.485564
0.399315
0.480317
0.44906
0.449453
0.473072
0.456883
0.431653
0.428815
0.41773
0.417614
0.409467
0.463522
0.499536
0.467087
0.511774
0.47234
0.465603
0.465042
0.480359
0.49866
0.481217
0.510287
0.544748
0.562883
0.569564
0.444868
0.414545
0.432487
0.409882
0.412325
0.450519
0.43512
0.414743
0.389629
0.394463
0.425683
0.430675
0.418131
0.407575
0.409902
0.418346
0.442865
0.427597
0.451127
0.418356
0.430206
0.42257
0.47316
0.420926
0.429894
0.401319
0.406606
0.414401
0.420279
0.40234
0.371787
0.37024
0.364066
0.377993
0.372194
0.377422
0.38802
0.398991
0.401401
0.415442
0.477983
0.470817
0.462486
0.479116
0.418892
0.412684
0.446246
0.426742
0.413856
0.444249
0.426681
0.391517
0.369437
0.359559
0.391013
0.393071
0.390589
0.386124
0.368924
0.393306
0.407106
0.41804
0.401653
0.433439
0.404405
0.393743
0.376765
0.366713
0.366803
0.396831
0.405608
0.380251
0.376951
0.396757
0.422449
0.407913
0.407514
0.422032
0.411515
0.407167
0.416185
0.40623
0.391018
0.422021
0.434864
0.440255
0.418995
0.427675
0.464757
0.470609
0.427351
0.461155
0.482316
0.420662
0.421361
0.438163
0.452618
0.437415
0.469473
0.480148
0.40056
0.424714
0.403345
0.431757
0.4265
0.417733
0.496059
0.507859
0.486885
0.48102
0.447576
0.41145
0.410466
0.435485
0.51291
0.456955
0.480988
0.418258
0.424593
0.440276
0.444045
0.397746
0.414673
0.462977
0.452557
0.421588
0.401091
0.437119
0.446144
0.425885
0.438637
0.391942
0.383623
0.388957
0.440222
0.460472
0.462382
0.467774
0.487558
0.435292
0.460157
0.404097
0.435632
0.448668
0.444274
0.411779
0.388264
0.390761
0.381648
0.375216
0.39939
0.403688
0.37753
0.379558
0.418019
0.440889
0.430454
0.411613
0.457887
0.43674
0.473374
0.434826
0.542851
0.607093
0.608955
0.546877
0.556652
0.543885
0.487678
0.478673
0.514688
0.519981
0.462169
0.439335
0.41267
0.41157
0.416959
0.402601
0.425859
0.475091
0.438391
0.419286
0.446444
0.473962
0.50412
0.460078
0.470855
0.436891
0.417798
0.412253
0.440869
0.475796
0.451927
0.478905
0.468391
0.425879
0.445186
0.419618
0.467646
0.445207
0.441608
0.440323
0.421559
0.432494
0.45255
0.446707
0.429981
0.439539
0.461559
0.438068
0.432493
0.445466
0.411463
0.415731
0.418554
0.463261
0.483202
0.479242
0.49746
0.499348
0.485131
0.499887
0.50457
0.506866
0.421584
0.415332
0.421925
0.422555
0.423593
0.414753
0.401732
0.415426
0.393864
0.435852
0.431798
0.439344
0.502108
0.448875
0.46611
0.436703
0.401016
0.387437
0.403728
0.400142
0.399972
0.446823
0.424695
0.44117
0.42879
0.437482
0.472125
0.483572
0.51424
0.447993
0.417582
0.376628
0.366166
0.371925
0.358154
0.360509
0.369995
0.367674
0.366334
0.358277
0.362668
0.369525
0.387562
0.406823
0.437983
0.478135
0.49128
0.499094
0.488176
0.482789
0.440785
0.430764
0.465791
0.498814
0.409236
0.442246
0.429883
0.3885
0.449593
0.415035
0.411774
0.450435
0.464647
0.427367
0.365417
0.36487
0.399248
0.423221
0.424332
0.427685
0.437372
0.417785
0.412463
0.415941
0.467848
0.48295
0.417485
0.418603
0.418994
0.465457
0.488949
0.488614
0.556523
0.518833
0.488181
0.485372
0.492306
0.53238
0.560743
0.594255
0.535089
0.513308
0.499236
0.52429
0.516082
0.498878
0.473876
0.472064
0.466072
0.485057
0.49786
0.496851
0.44859
0.460176
0.471274
0.480142
0.515283
0.506786
0.44775
0.480391
0.437454
0.468098
0.424638
0.425966
0.427531
0.404675
0.405269
0.41423
0.399184
0.414132
0.400595
0.413811
0.442766
0.435002
0.450102
0.501695
0.528114
0.511427
0.436232
0.512683
0.453551
0.424255
0.437194
0.501704
0.424774
0.388074
0.473263
0.427865
0.488055
0.499158
0.442186
0.40182
0.438356
0.417336
0.456453
0.443465
0.428662
0.444967
0.442211
0.432585
0.471596
0.445829
0.42244
0.451932
0.48473
0.429192
0.435959
0.476626
0.504455
0.472261
0.483291
0.498782
0.413544
0.433696
0.510743
0.489415
0.489964
0.463736
0.500833
0.494035
0.496708
0.490485
0.474689
0.418018
0.454022
0.421687
0.49281
0.434174
0.464366
0.474341
0.510226
0.510061
0.447593
0.421286
0.390419
0.37288
0.357532
0.35488
0.364911
0.373299
0.383895
0.411701
0.400247
0.421514
0.44274
0.472192
0.460125
0.447417
0.407488
0.420027
0.433536
0.416285
0.386771
0.414125
0.413374
0.448006
0.380586
0.473533
0.473275
0.441375
0.443624
0.427465
0.395714
0.449224
0.444964
0.438259
0.453745
0.40939
0.37418
0.390524
0.375393
0.368418
0.376017
0.385067
0.448846
0.464878
0.489619
0.493305
0.51293
0.516926
0.494098
0.532959
0.505537
0.497858
0.513368
0.482236
0.525398
0.499456
0.539337
0.504819
0.558748
0.571463
0.558766
0.528565
0.4235
0.415605
0.367706
0.362794
0.385071
0.411831
0.422331
0.394242
0.369639
0.388077
0.398868
0.399413
0.397366
0.429777
0.411313
0.401368
0.441041
0.404948
0.419556
0.441962
0.411559
0.402457
0.452359
0.436856
0.423705
0.461068
0.417059
0.401849
0.390088
0.410118
0.43266
0.3876
0.448208
0.431915
0.413173
0.41303
0.388588
0.391739
0.396108
0.404905
0.375135
0.371818
0.369265
0.351946
0.345042
0.347438
0.349236
0.362507
0.380766
0.409962
0.392006
0.366178
0.354718
0.354496
0.371232
0.389438
0.403994
0.415729
0.429943
0.395587
0.479746
0.382282
0.37229
0.364417
0.37268
0.361257
0.357404
0.35491
0.379717
0.375747
0.367583
0.360732
0.360187
0.362538
0.407416
0.406657
0.434658
0.451517
0.439163
0.426546
0.433895
0.458276
0.4994
0.398155
0.445687
0.428006
0.429265
0.409402
0.387247
0.377666
0.368861
0.364124
0.382699
0.377856
0.39008
0.379451
0.385069
0.389904
0.402834
0.429165
0.429814
0.437996
0.434708
0.422327
0.38649
0.354361
0.37153
0.405468
0.385164
0.417427
0.422265
0.388315
0.385888
0.357254
0.345569
0.347611
0.348513
0.338377
0.350601
0.353124
0.349911
0.358875
0.351257
0.376804
0.391777
0.378738
0.352658
0.350642
0.362618
0.373149
0.359558
0.406262
0.439335
0.397484
0.42838
0.407216
0.443969
0.45428
0.414888
0.410639
0.457292
0.453865
0.512892
0.486508
0.52576
0.597194
0.585495
0.58398
0.546754
0.532865
0.564851
0.544922
0.541964
0.540325
0.517183
0.505987
0.500169
0.463406
0.531115
0.522926
0.484627
0.443875
0.465087
0.524123
0.521632
0.525509
0.452157
0.440715
0.525425
0.492654
0.517013
0.52144
0.449444
0.503154
0.466568
0.509091
0.504045
0.529068
0.533922
0.548741
0.536296
0.516006
0.414939
0.399712
0.403362
0.415902
0.406572
0.417891
0.415149
0.412816
0.38835
0.419738
0.425494
0.45554
0.492025
0.456942
0.456004
0.438088
0.428633
0.43578
0.446701
0.4995
0.495812
0.446023
0.435025
0.503569
0.524486
0.486484
0.414685
0.432167
0.43689
0.522418
0.511267
0.505037
0.439139
0.507071
0.483655
0.485069
0.50645
0.499226
0.426384
0.479036
0.420195
0.438515
0.534904
0.521449
0.484819
0.505529
0.496213
0.517067
0.471189
0.532756
0.514089
0.537887
0.507604
0.529096
0.490698
0.45047
0.432123
0.450078
0.444083
0.479729
0.512512
0.466718
0.545624
0.475653
0.458536
0.441097
0.441443
0.463353
0.501472
0.441767
0.481507
0.441295
0.452455
0.444767
0.47014
0.447837
0.484467
0.428712
0.453855
0.430886
0.420722
0.387267
0.378229
0.364402
0.376919
0.380599
0.394155
0.396806
0.393281
0.408626
0.384041
0.382418
0.391997
0.38754
0.400258
0.392862
0.371871
0.373503
0.382671
0.389423
0.406393
0.406309
0.4116
0.471036
0.419277
0.428711
0.427122
0.432717
0.415341
0.42592
0.414143
0.400735
0.419085
0.441516
0.444881
0.437727
0.451112
0.479052
0.455299
0.407576
0.483948
0.47275
0.498416
0.47573
0.469793
0.447062
0.449421
0.464816
0.45116
0.500234
0.462885
0.482828
0.451186
0.462471
0.460211
0.410303
0.389783
0.42649
0.446002
0.433337
0.428219
0.413338
0.433623
0.463186
0.4642
0.473567
0.426097
0.438827
0.502994
0.442494
0.457942
0.464513
0.470918
0.489059
0.450384
0.464566
0.506502
0.470896
0.46867
0.464408
0.422691
0.399791
0.421482
0.434311
0.399861
0.388272
0.373
0.392622
0.44464
0.47867
0.493631
0.48232
0.457854
0.46177
0.466777
0.430256
0.429738
0.444858
0.504944
0.541135
0.582288
0.55666
0.582453
0.540661
0.396374
0.37444
0.417494
0.364997
0.377288
0.376502
0.359616
0.351791
0.363348
0.406967
0.373786
0.352313
0.352211
0.346113
0.348832
0.356778
0.348544
0.34413
0.351666
0.35013
0.343473
0.352926
0.354292
0.350757
0.362392
0.392265
0.394549
0.380559
0.365094
0.361715
0.364013
0.384203
0.399432
0.385053
0.368336
0.36825
0.424728
0.44254
0.446408
0.42272
0.452072
0.424107
0.434035
0.441226
0.407469
0.415389
0.461016
0.457373
0.4076
0.434174
0.414877
0.441656
0.422035
0.435736
0.405182
0.414302
0.462581
0.495529
0.497023
0.497579
0.514318
0.520197
0.535824
0.517772
0.527738
0.510926
0.477574
0.413083
0.416007
0.470084
0.481079
0.478635
0.478146
0.540403
0.53202
0.49665
0.488855
0.505515
0.45923
0.462074
0.5024
0.505897
0.484171
0.482134
0.485181
0.441484
0.441832
0.467744
0.452721
0.481428
0.40318
0.423361
0.482494
0.47073
0.473767
0.484985
0.474315
0.465842
0.441116
0.458772
0.433349
0.438483
0.408153
0.423182
0.483511
0.426359
0.493407
0.492132
0.542579
0.534519
0.494606
0.501657
0.528883
0.456631
0.435565
0.448174
0.507592
0.490746
0.514512
0.504327
0.505238
0.485832
0.51118
0.50685
0.487327
0.508508
0.536377
0.499328
0.464597
0.448083
0.528626
0.500552
0.504081
0.547962
0.539968
0.485888
0.481548
0.448007
0.41848
0.430082
0.377761
0.37169
0.378939
0.383151
0.396169
0.413144
0.396415
0.391388
0.38655
0.398721
0.44816
0.464625
0.397121
0.390227
0.393806
0.38603
0.397148
0.412596
0.412199
0.39464
0.377468
0.388005
0.398239
0.393714
0.425168
0.409442
0.426811
0.415342
0.424146
0.429092
0.427861
0.408278
0.383719
0.364641
0.391585
0.394829
0.370034
0.39037
0.43095
0.421658
0.405765
0.384259
0.362735
0.370473
0.357714
0.363817
0.36672
0.368273
0.355882
0.364222
0.370293
0.39406
0.398824
0.37882
0.362195
0.350745
0.364079
0.354986
0.358292
0.363063
0.369017
0.367811
0.357102
0.375263
0.384454
0.387541
0.392895
0.398769
0.435369
0.477535
0.484531
0.418926
0.429705
0.388293
0.390305
0.377723
0.385069
0.398692
0.411057
0.405801
0.387851
0.392711
0.415929
0.425274
0.458912
0.423936
0.462781
0.501365
0.435357
0.405183
0.395987
0.400781
0.391377
0.415003
0.428471
0.459145
0.428794
0.420921
0.427343
0.39929
0.397712
0.386576
0.400485
0.382881
0.385899
0.392248
0.386006
0.396558
0.39817
0.386871
0.399224
0.409526
0.383102
0.378724
0.374606
0.387271
0.422047
0.476096
0.429059
0.409764
0.407976
0.441953
0.447812
0.447716
0.400527
0.399584
0.389588
0.404239
0.405857
0.384164
0.392146
0.384273
0.386467
0.395837
0.395028
0.376342
0.369288
0.36619
0.370111
0.372537
0.372047
0.359123
0.365222
0.359564
0.3629
0.361054
0.360174
0.358578
0.370158
0.370629
0.369761
0.356517
0.358646
0.361855
0.359914
0.35609
0.35156
0.359889
0.357479
0.362528
0.360695
0.359847
0.364161
0.364264
0.362255
0.358312
0.358489
0.3594
0.36482
0.378151
0.364371
0.381654
0.371109
0.366148
0.359226
0.35889
0.37897
0.405388
0.424368
0.399268
0.40476
0.395948
0.406668
0.411402
0.413848
0.381296
0.371904
0.371768
0.380162
0.38055
0.415159
0.4208
0.382889
0.368711
0.392323
0.412593
0.39308
0.392325
0.38447
0.394947
0.389862
0.384051
0.366781
0.37102
0.352912
0.382814
0.42814
0.365249
0.366429
0.376202
0.376916
0.402081
0.427013
0.439724
0.443049
0.405295
0.402621
0.366393
0.363262
0.368557
0.384563
0.403618
0.399401
0.37245
0.366883
0.364715
0.360044
0.358949
0.357578
0.353299
0.356487
0.381345
0.388187
0.461797
0.429594
0.395035
0.387665
0.393087
0.384316
0.409969
0.421916
0.397791
0.406143
0.420699
0.412172
0.418844
0.405351
0.409279
0.405529
0.387384
0.375349
0.394339
0.380428
0.398711
0.399301
0.392478
0.376595
0.389272
0.367075
0.369107
0.377991
0.361915
0.36626
0.373825
0.382107
0.380241
0.364868
0.371225
0.384157
0.388014
0.391963
0.420862
0.423757
0.441452
0.434518
0.407693
0.41619
0.396491
0.465513
0.535459
0.524415
0.507708
0.391629
0.395535
0.48585
0.481846
0.414396
0.361832
0.355262
0.36254
0.356967
0.372454
0.388616
0.431573
0.403383
0.389891
0.421482
0.426078
0.409246
0.423406
0.401632
0.421876
0.386632
0.380987
0.397791
0.390743
0.376857
0.400749
0.380013
0.373669
0.382731
0.393077
0.380868
0.397257
0.393565
0.382126
0.399691
0.38494
0.38828
0.408228
0.401391
0.39674
0.38345
0.377687
0.411445
0.395687
0.412515
0.376538
0.397639
