0.425825
0.574841
0.610419
0.572985
0.523163
0.563499
0.579955
0.604512
0.578521
0.568098
0.569335
0.601804
0.522062
0.483081
0.477339
0.499971
0.455905
0.426957
0.47496
0.484375
0.524539
0.555906
0.54807
0.462345
0.474749
0.455209
0.521675
0.463615
0.444871
0.478599
0.409758
0.446379
0.492247
0.520613
0.504869
0.480965
0.436239
0.451634
0.534349
0.507123
0.467339
0.508012
0.523404
0.516572
0.451813
0.472999
0.446187
0.459641
0.464189
0.4668
0.435108
0.426677
0.421948
0.446848
0.489702
0.501546
0.485534
0.477546
0.481615
0.533769
0.475355
0.476908
0.512073
0.495932
0.519313
0.503902
0.491516
0.495036
0.482159
0.514535
0.476502
0.486506
0.475527
0.459186
0.460959
0.485482
0.499384
0.39409
0.437346
0.485707
0.491306
0.519963
0.49756
0.473229
0.519825
0.462847
0.436843
0.493404
0.472508
0.475535
0.465522
0.447466
0.472703
0.49422
0.447154
0.486014
0.487854
0.485424
0.496789
0.466258
0.503612
0.486928
0.511409
0.462495
0.436698
0.454277
0.465883
0.462802
0.447158
0.491686
0.481749
0.468959
0.481783
0.47884
0.493221
0.46054
0.465248
0.462624
0.521564
0.452048
0.490054
0.447853
0.486072
0.471455
0.463472
0.448692
0.455115
0.454998
0.430036
0.445785
0.457442
0.424165
0.401501
0.45675
0.409986
0.50021
0.486934
0.490489
0.490809
0.456422
0.475589
0.476235
0.490011
0.443909
0.445308
0.446475
0.44794
0.417385
0.488032
0.475913
0.41542
0.431475
0.463083
0.473604
0.408879
0.525445
0.477703
0.415078
0.411526
0.406437
0.442902
0.462271
0.475914
0.499935
0.452767
0.469617
0.460084
0.483925
0.463298
0.418561
0.442903
0.437364
0.410385
0.462635
0.508261
0.422193
0.409859
0.451058
0.476112
0.489695
0.435361
0.393832
0.438247
0.409025
0.386067
0.374853
0.372033
0.372422
0.419716
0.412249
0.382296
0.389133
0.434805
0.400804
0.392181
0.435697
0.419408
0.422482
0.428958
0.460624
0.48844
0.509043
0.425701
0.476073
0.500223
0.489947
0.479632
0.404943
0.424165
0.401585
0.390879
0.395838
0.424597
0.388199
0.420786
0.406688
0.404344
0.397245
0.415652
0.415385
0.407843
0.423053
0.423037
0.40297
0.405937
0.387254
0.376699
0.37667
0.385211
0.411454
0.389888
0.400915
0.410237
0.397216
0.452528
0.388319
0.378763
0.40775
0.404474
0.379238
0.422972
0.408364
0.407802
0.402698
0.40501
0.429687
0.400312
0.379355
0.365767
0.374276
0.391847
0.376209
0.368887
0.397685
0.426433
0.416528
0.395025
0.411866
0.371907
0.375638
0.375515
0.370331
0.354189
0.356791
0.353624
0.38921
0.377145
0.380928
0.375082
0.360592
0.357654
0.350906
0.335789
0.353813
0.349184
0.351692
0.351752
0.346154
0.356658
0.356526
0.345438
0.373773
0.371037
0.373776
0.373495
0.373628
0.382188
0.398559
0.383197
0.380101
0.386036
0.378972
0.384615
0.393034
0.391248
0.393912
0.372771
0.362465
0.357213
0.354215
0.35912
0.350763
0.358894
0.355238
0.344808
0.348403
0.359627
0.368366
0.383056
0.36216
0.365457
0.370295
0.359214
0.357902
0.370379
0.369241
0.391932
0.369619
0.362494
0.387076
0.405654
0.405036
0.398381
0.400726
0.368912
0.365078
0.378243
0.385126
0.392107
0.397116
0.405121
0.389929
0.376344
0.374816
0.371705
0.374471
0.389876
0.385806
0.394781
0.405307
0.3948
0.393851
0.372855
0.404451
0.387991
0.389678
0.411095
0.424721
0.391915
0.393951
0.385504
0.407174
0.380754
0.38672
0.444286
0.428699
0.407328
0.399444
0.426931
0.41701
0.389588
0.383206
0.376651
0.364063
0.368355
0.380829
0.3676
0.372006
0.357443
0.344438
0.344412
0.356572
0.361132
0.363015
0.373075
0.371464
0.370251
0.380876
0.385341
0.383265
0.388203
0.381692
0.368271
0.397865
0.376337
0.355935
0.354977
0.339916
0.351497
0.349324
0.336679
0.35192
0.355929
0.34732
0.349715
0.358391
0.34705
0.346791
0.342885
0.340313
0.337976
0.353646
0.348418
0.353752
0.359875
0.366326
0.37006
0.391501
0.370138
0.394081
0.396897
0.399609
0.403387
0.436149
0.459298
0.46343
0.474034
0.487165
0.454517
0.452246
0.387017
0.39711
0.412927
0.410785
0.472758
0.42602
0.422559
0.446514
0.437944
0.413253
0.371974
0.391725
0.449252
0.413541
0.402599
0.372831
0.407702
0.425676
0.425663
0.401409
0.413959
0.430775
0.442188
0.43332
0.421378
0.381743
0.431234
0.372166
0.386227
0.367793
0.375444
0.406914
0.410615
0.430799
0.423578
0.400403
0.408008
0.40136
0.40176
0.413353
0.424223
0.405505
0.416006
0.400449
0.439067
0.442655
0.423754
0.409151
0.394757
0.422569
0.418638
0.427629
0.421672
0.42054
0.39132
0.426525
0.420704
0.411607
0.439065
0.441653
0.457585
0.410824
0.472313
0.465986
0.442397
0.456382
0.428135
0.404118
0.415324
0.414495
0.400771
0.463943
0.491939
0.454334
0.455826
0.473139
0.470158
0.522255
0.491574
0.431421
0.453216
0.505779
0.504162
0.510812
0.496719
0.448319
0.426829
0.391756
0.432093
0.422386
0.365644
0.370821
0.38558
0.395036
0.38035
0.451271
0.471105
0.447984
0.408718
0.43715
0.483749
0.467019
0.434066
0.400181
0.418901
0.423241
0.400994
0.392812
0.374716
0.382055
0.373879
0.365569
0.373973
0.406553
0.413851
0.406997
0.43429
0.420207
0.422104
0.430323
0.39786
0.371409
0.411629
0.421922
0.411607
0.440935
0.390745
0.42362
0.407806
0.399537
0.393595
0.376574
0.379564
0.393416
0.362511
0.380638
0.384529
0.375472
0.376908
0.409148
0.405139
0.396197
0.371126
0.383601
0.386416
0.38222
0.384924
0.403101
0.392407
0.406617
0.38081
0.368409
0.390534
0.427049
0.4214
0.43787
0.431344
0.366832
0.389014
0.389165
0.416853
0.409859
0.404339
0.394615
0.425393
0.377594
0.407799
0.398793
0.422561
0.411265
0.391741
0.420552
0.393456
0.427606
0.398375
0.41115
0.455446
0.436807
0.432446
0.407178
0.422972
0.426063
0.427783
0.397062
0.424411
0.40867
0.40813
0.398774
0.40275
0.401928
0.397304
0.393181
0.38085
0.388788
0.36479
0.358789
0.368613
0.374341
0.36371
0.360445
0.355679
0.363252
0.351493
0.344869
0.339435
0.344945
0.33934
0.340034
0.338403
0.342487
0.337551
0.333039
0.33429
0.33899
0.340076
0.344648
0.341604
0.345358
0.347284
0.341143
0.366729
0.379155
0.370225
0.37312
0.363484
0.359954
0.350623
0.348325
0.33728
0.342507
0.34073
0.337986
0.341478
0.347874
0.351537
0.337851
0.351226
0.357983
0.354629
0.360141
0.359124
0.383712
0.361818
0.362481
0.351803
0.350944
0.360971
0.365393
0.379403
0.41563
0.41344
0.407901
0.432261
0.505864
0.511348
0.484875
0.459974
0.508169
0.405827
0.463854
0.461865
0.480504
0.472908
0.447533
0.460997
0.481207
0.472016
0.455578
0.480457
0.476186
0.494371
0.443415
0.432817
0.459258
0.454754
0.442689
0.383736
0.387114
0.421009
0.454042
0.449717
0.410049
0.396913
0.401485
0.41189
0.45031
0.42474
0.371288
0.426457
0.430033
0.407602
0.407404
0.421149
0.445268
0.404122
0.422912
0.441592
0.432992
0.420492
0.392062
0.423465
0.413995
0.408998
0.414705
0.408054
0.384312
0.371181
0.369923
0.374536
0.362626
0.362447
0.356401
0.367965
0.380995
0.391511
0.382752
0.362759
0.37279
0.371253
0.401657
0.389424
0.367092
0.3621
0.384649
0.393685
0.397705
0.390266
0.395893
0.4173
0.396679
0.385639
0.379333
0.404432
0.404362
0.398898
0.417129
0.38158
0.449941
0.441701
0.463725
0.41754
0.427708
0.429602
0.433777
0.370122
0.391444
0.416123
0.483975
0.452225
0.448221
0.482503
0.45843
0.362984
0.432344
0.443692
0.511217
0.519869
0.530493
0.434409
0.458552
0.444294
0.426828
0.421836
0.45114
0.462712
0.425184
0.442709
0.448497
0.411118
0.412397
0.422062
0.413642
0.423226
0.414514
0.424619
0.398031
0.400962
0.400843
0.407232
0.428474
0.430517
0.452079
0.461329
0.411442
0.440796
0.396176
0.447587
0.428422
0.418082
0.421756
0.412124
0.370853
0.372546
0.39942
0.38254
0.371243
0.353612
0.359431
0.372408
0.37927
0.385696
0.414304
0.38787
0.402314
0.401545
0.390692
0.395981
0.39
0.397321
0.430227
0.399314
0.4009
0.418681
0.381636
0.391937
0.371657
0.42585
0.442195
0.39613
0.440461
0.430891
0.448317
0.448385
0.420422
0.400629
0.395979
0.435311
0.422713
0.432674
0.437959
0.374226
0.384205
0.373005
0.380228
0.434137
0.419219
0.445512
0.447794
0.448654
0.431246
0.470327
0.502216
0.458675
0.422691
0.421959
0.489285
0.444508
0.489675
0.474808
0.449262
0.422846
0.377128
0.376662
0.381492
0.378258
0.405636
0.417267
0.411894
0.390283
0.395825
0.400366
0.43887
0.410682
0.394647
0.405686
0.41861
0.426933
0.470363
0.436669
0.411882
0.46276
0.435196
0.469913
0.473976
0.518959
0.464619
0.482246
0.458183
0.40767
0.471706
0.44707
0.413705
0.394528
0.412479
0.390501
0.357692
0.353831
0.356204
0.348457
0.363472
0.381822
0.395409
0.406147
0.400954
0.382193
0.469023
0.461946
0.423231
0.415078
0.398477
0.374598
0.377606
0.388955
0.413348
0.396992
0.38704
0.380957
0.388679
0.396844
0.400869
0.439542
0.417599
0.454813
0.47994
0.428281
0.418789
0.397112
0.38644
0.372377
0.362804
0.367023
0.374799
0.384465
0.421093
0.449858
0.514932
0.393903
0.437048
0.410149
0.374706
0.471533
0.499509
0.444303
0.410062
0.447587
0.437085
0.491235
0.482511
0.491379
0.484203
0.434779
0.413854
0.381192
0.472639
0.464067
0.418768
0.445732
0.439002
0.424505
0.423998
0.442341
0.421198
0.426127
0.452844
0.448474
0.410389
0.389718
0.397816
0.413229
0.379877
0.40564
0.409873
0.397984
0.402841
0.40201
0.381324
0.372057
0.368235
0.357726
0.345366
0.359493
0.360873
0.368034
0.386013
0.403778
0.408846
0.388679
0.397345
0.396288
0.420314
0.406264
0.419855
0.430593
0.424803
0.392588
0.380353
0.408247
0.387737
0.387137
0.371934
0.347849
0.348499
0.352194
0.373908
0.390954
0.462851
0.400687
0.440402
0.44168
0.499455
0.4578
0.387221
0.40145
0.418821
0.382772
0.379963
0.454132
0.443543
0.405456
0.412418
0.445909
0.437934
0.446071
0.400667
0.489121
0.455378
0.452976
0.445068
0.395468
0.397727
0.417008
0.400539
0.395054
0.381037
0.366133
0.365428
0.355266
0.35972
0.360443
0.356826
0.357425
0.355052
0.345169
0.352743
0.348424
0.363238
0.369702
0.362516
0.364493
0.385768
0.392647
0.403692
0.393982
0.41567
0.412353
0.401443
0.396195
0.396168
0.395342
0.395767
0.379004
0.365437
0.353184
0.362591
0.351464
0.357591
0.350996
0.35655
0.37425
0.367444
0.382109
0.383655
0.370393
0.378545
0.409357
0.415995
0.440968
0.4346
0.399699
0.385847
0.431098
0.425765
0.416911
0.446639
0.39438
0.361582
0.377596
0.37387
0.388935
0.384732
0.407031
0.418825
0.427904
0.452659
0.429838
0.441949
0.411116
0.401748
0.399094
0.387584
0.382884
0.367437
0.377146
0.39624
0.412047
0.38636
0.39381
0.398572
0.407233
0.425728
0.413139
0.422922
0.43524
0.446085
0.427328
0.449981
0.467065
0.397824
0.489054
0.468267
0.451067
0.371906
0.363
0.44628
0.480344
0.41492
0.416852
0.446773
0.456227
0.490484
0.425276
0.43091
0.392314
0.402928
0.388354
0.36112
0.363148
0.360111
0.358683
0.350889
0.345929
0.347581
0.358193
0.346565
0.342953
0.353087
0.377271
0.397859
0.37644
0.371428
0.388855
0.40446
0.392574
0.368616
0.361091
0.351201
0.358794
0.360116
0.358101
0.34853
0.347409
0.350751
0.356811
0.356345
0.347877
0.36667
0.379291
0.399695
0.383271
0.436098
0.443077
0.482219
0.492117
0.461402
0.43622
0.409637
0.411284
0.410606
0.419158
0.466925
0.395826
0.426365
0.435271
0.418723
0.399915
0.402297
0.409849
0.407515
0.443246
0.400348
0.460731
0.479886
0.41761
0.407282
0.499523
0.471282
0.477082
0.487233
0.39102
0.417362
0.425327
0.416653
0.427811
0.4383
0.446469
0.388747
0.404478
0.429871
0.405578
0.435297
0.423656
0.446278
0.455341
0.435423
0.437118
0.423454
0.426247
0.410467
0.392864
0.397941
0.375662
0.370188
0.355231
0.362003
0.353902
0.38143
0.39867
0.432566
0.40921
0.441678
0.428722
0.445864
0.43493
0.424762
0.412888
0.403859
0.385407
0.377288
0.381413
0.38805
0.391522
0.405067
0.404155
0.452079
0.47352
0.473965
0.427123
0.451711
0.437886
0.416384
0.430765
0.417346
0.445562
0.443242
0.427458
0.430785
0.396824
0.441805
0.435136
0.44659
0.435823
0.426968
0.402161
0.385042
0.38155
0.377114
0.371254
0.362872
0.353673
0.354121
0.372168
0.358901
0.3643
0.360785
0.37329
0.375418
0.403275
0.416599
0.414075
0.406018
0.432197
0.439944
0.466423
0.448212
0.419993
0.375884
0.484198
0.503208
0.509347
0.498209
0.459738
0.411362
0.450119
0.436104
0.39353
0.37758
0.366308
0.352901
0.352371
0.363135
0.366431
0.387838
0.391144
0.389983
0.383115
0.355093
0.364216
0.375672
0.366767
0.377626
0.392032
0.455984
0.492598
0.432235
0.480976
0.450401
0.426096
0.505913
0.474194
0.427184
0.408502
0.418529
0.423312
0.445486
0.465456
0.449895
0.455225
0.47326
0.427703
0.450484
0.408702
0.386805
0.415944
0.421379
0.390882
0.383907
0.400368
0.405813
0.420834
0.423708
0.441637
0.418402
0.3921
0.394367
0.378328
0.412085
0.426729
0.42336
0.398588
0.384961
0.377066
0.373938
0.3727
0.379239
0.374261
0.371495
0.387351
0.369427
0.356952
0.358173
0.362296
0.359806
0.345177
0.345992
0.345233
0.34855
0.352041
0.357304
0.348565
0.345099
0.356361
0.360342
0.371787
0.362677
0.354579
0.372436
0.386162
0.366065
0.381198
0.379004
0.365702
0.362199
0.356179
0.352804
0.355245
0.348786
0.356097
0.354309
0.369261
0.376021
0.383764
0.388215
0.355436
0.36754
0.396006
0.39163
0.416299
0.398552
0.38359
0.376805
0.376495
0.37869
0.385825
0.38479
0.387199
0.397786
0.392246
0.402732
0.406596
0.403012
0.389134
0.378704
0.375387
0.374653
0.362241
0.353914
0.351599
0.358186
0.353537
0.342099
0.345227
0.338174
0.349916
0.361262
0.393656
0.370145
0.359247
0.365254
0.382925
0.376423
0.409423
0.387092
0.379284
0.413516
0.425814
0.415905
0.359633
0.379475
0.397821
0.399637
0.388959
0.38039
0.384037
0.369229
0.363
0.353746
0.383321
0.360521
0.349034
0.352856
0.355552
0.361613
0.365074
0.359628
0.362884
0.363783
0.365755
0.369725
0.359348
0.356371
0.377081
0.359875
0.351752
0.354872
0.359944
0.361451
0.364067
0.368771
0.390156
0.399002
0.399554
0.389166
0.394493
0.392024
0.392587
0.398256
0.379344
0.393462
0.407339
0.4229
0.40274
0.399968
0.401079
0.388895
0.420866
0.431512
0.413357
0.406486
0.395774
0.415245
0.405796
0.406912
0.390163
0.403885
0.429865
0.383843
0.376683
0.393454
0.396883
0.384835
0.434641
0.39146
0.39655
0.39312
0.402115
0.380512
0.394762
0.385739
0.394221
0.390902
0.372052
0.375762
0.380811
0.368693
0.369354
0.365778
0.361676
0.365969
0.357443
0.360409
0.361258
0.381962
0.365883
0.364779
0.365605
0.376914
0.376912
0.375644
0.37353
0.362467
0.351508
0.335388
0.340251
0.338059
0.344215
0.346435
0.342553
0.349016
0.352932
0.366766
0.36899
0.381126
0.356497
0.341041
0.356087
0.364817
0.360073
0.353901
0.345705
0.354819
0.355615
0.374354
0.375666
0.371545
0.391797
0.399468
0.388963
0.384379
0.396689
0.399792
0.387912
0.359426
0.346597
0.352562
0.344303
0.333709
0.341076
0.339283
0.340617
0.345169
0.336668
0.338583
0.349469
0.36148
0.392288
0.373122
0.377316
0.391525
0.391893
0.37418
0.396275
0.418464
0.405416
0.380022
0.380153
0.364079
0.360127
0.356182
0.378005
0.395148
0.393736
0.389329
0.403004
0.395683
0.42246
0.409094
0.419782
0.385192
0.407715
0.449529
0.425565
0.408435
0.393952
0.388942
0.398746
0.416946
0.405771
0.406245
0.395917
0.368249
0.366192
0.375365
0.388482
0.44227
0.429926
0.414739
0.389341
0.394359
0.405089
0.405474
0.413122
0.426384
0.423491
0.383765
0.370493
0.367386
0.367122
0.360795
0.368018
0.374165
0.370116
0.371102
0.363788
0.353349
0.362225
0.353937
0.35038
0.346017
0.334535
0.356541
0.378117
0.354163
0.362671
0.365176
0.353081
0.353854
0.361996
0.375949
0.378842
0.391176
0.396385
0.390523
0.416791
0.423767
0.441829
0.467442
0.433582
0.402568
0.415029
0.467258
0.499776
0.489987
0.439932
0.468573
0.483478
0.504059
0.52427
0.42322
0.412413
0.386448
0.3819
0.382581
0.380867
0.392793
0.386797
0.390819
0.388917
0.413875
0.405846
0.410891
0.392655
0.379945
0.416703
0.426139
0.406863
0.400737
0.401659
0.385051
0.366689
0.383232
0.363335
0.366149
0.377265
0.391422
0.394541
0.410006
0.409409
0.404174
0.407868
0.377303
0.374168
0.376929
0.381183
0.391659
0.409254
0.405117
0.417175
0.413706
0.411056
0.453276
0.440904
0.469618
0.4983
0.467586
0.400875
0.505281
0.486051
0.444562
0.478168
0.458235
0.416104
0.431856
0.427308
0.450461
0.440343
0.46755
0.441885
0.468779
0.470804
0.468343
0.462887
0.44532
0.458854
0.433694
0.438919
0.494411
0.458444
0.493965
0.482932
0.46569
0.46912
0.520774
0.500055
0.503636
0.474874
0.485406
0.537711
0.558249
0.54817
0.489119
0.486402
0.536595
0.482988
0.379329
0.368271
0.355372
0.372092
0.366938
0.360086
0.366682
0.372314
0.370194
0.37558
0.385418
0.39926
0.39396
0.383228
0.401384
0.391595
0.394391
0.418578
0.423756
0.442572
0.410263
0.392859
0.382418
0.371941
0.374365
0.365742
0.377591
0.368089
0.381959
0.391088
0.38946
0.397766
0.4298
0.453839
0.433805
0.441951
0.435469
0.496847
0.464152
0.497262
0.486563
0.467824
0.471935
0.424588
0.454111
0.435982
0.406024
0.415292
0.456375
0.531441
0.522978
0.517823
0.499957
0.429992
0.473511
0.518872
0.461583
0.448344
0.430005
0.42974
0.384198
0.425134
0.430169
0.406039
0.395611
0.407798
0.357435
0.372674
0.397232
0.379638
0.364007
0.375208
0.369197
0.365422
0.364989
0.380161
0.405625
0.383582
0.372498
0.366342
0.358916
0.370033
0.367244
0.363764
0.362619
0.359699
0.371265
0.383045
0.387991
0.375579
0.422572
0.414057
0.399071
0.377166
0.372297
0.376123
0.385737
0.409094
0.377677
0.381392
0.383459
0.380796
0.377059
0.386748
0.37658
0.42463
0.385415
0.378178
0.356596
0.386272
0.370935
0.37038
0.365725
0.363019
0.362209
0.375167
0.374454
0.390404
0.392587
0.400675
0.386176
0.415084
0.424762
0.433772
0.421987
0.444836
0.435976
0.40109
0.374013
0.400834
0.40098
0.388615
0.368288
0.366112
0.359573
0.356564
0.362891
0.365652
0.373852
0.392878
0.419025
0.410216
0.401869
0.444553
0.437318
0.475713
0.428281
0.466912
0.41303
0.44794
0.428724
0.395795
0.392234
0.411147
0.419421
0.417847
0.414566
0.417863
0.388059
0.387651
0.435116
0.43638
0.456004
0.454781
0.442743
0.417028
0.398226
0.43557
0.431713
0.407862
0.428994
0.445662
0.455492
0.428817
0.448299
0.441129
0.415906
0.444776
0.466474
0.48629
0.451413
0.468525
0.446582
0.443476
0.471562
0.531982
0.460908
0.496394
0.48339
0.502326
0.47623
0.558319
0.557646
0.421537
0.386953
0.432532
0.46544
0.451893
0.53284
0.533513
0.44705
0.458871
0.496851
0.420486
0.450252
0.430482
0.429294
0.415145
0.424113
0.416425
0.411727
0.434684
0.411289
0.389063
0.399326
0.401233
0.423839
0.449492
0.387624
0.416421
0.426226
0.463695
0.447432
0.433284
0.383171
0.388615
0.410524
0.410443
0.395372
0.381325
0.38345
0.386259
0.384654
0.399001
0.418522
0.399934
0.413919
0.395979
0.403052
0.39166
0.387906
0.389117
0.39111
0.405889
0.417481
0.414932
0.397713
0.394463
0.399395
0.398012
0.396628
0.420602
0.420792
0.418092
0.398473
0.386509
0.388771
0.38885
0.38222
0.380917
0.381695
0.390275
0.395885
0.413207
0.407207
0.395952
0.383414
0.369085
0.368635
0.382561
0.399168
0.410793
0.422956
0.4171
0.453455
0.447923
0.449949
0.42058
0.420374
0.419036
0.405454
0.38448
0.375504
0.37012
0.36885
0.3683
0.376554
0.459789
0.410238
0.350622
0.35729
0.363107
0.350742
0.36037
0.365065
0.350581
0.366164
0.359887
0.367791
0.366881
0.352879
0.353969
0.34955
0.343775
0.35157
0.344835
0.349641
0.34493
0.355676
0.356645
0.362689
0.359191
0.363763
0.355811
0.356228
0.351558
0.331381
0.338988
0.34577
0.337234
0.339884
0.342025
0.345182
0.360652
0.342106
0.336601
0.340126
0.341652
0.352819
0.346475
0.358958
0.356189
0.362194
0.358016
0.363822
0.367018
0.369948
0.351199
0.352367
0.354054
0.342691
0.350997
0.359618
0.363703
0.373732
0.379094
0.363789
0.354235
0.349542
0.342178
0.342812
0.346327
0.343417
0.348605
0.35161
0.357274
0.353258
0.352398
0.360322
0.368141
0.371205
0.370731
0.387237
0.383295
0.36983
0.371716
0.386294
0.387842
0.38964
0.40327
0.373418
0.374357
0.375738
0.407468
0.404761
0.381978
0.363881
0.367905
0.358386
0.350717
0.346794
0.348583
0.335838
0.351058
0.355582
0.349615
0.356102
0.354243
0.355086
0.363445
0.367838
0.36718
0.363882
0.364457
0.374353
0.386265
0.379475
0.379561
0.408758
0.385217
0.364833
0.383572
0.384576
0.410733
0.375768
0.363159
0.351091
0.35915
0.3662
0.370501
0.369772
0.376973
0.393463
0.396597
0.378948
0.382621
0.396475
0.395001
0.413655
0.395663
0.397335
0.397665
0.397657
0.366969
0.352485
0.354109
0.377788
0.38795
0.382978
0.374174
0.372169
0.369317
0.368821
0.368889
0.368981
0.372528
0.359099
0.360106
0.376032
0.394632
0.386711
0.417886
0.421739
0.389669
0.400855
0.408994
0.408809
0.376007
0.362475
0.377626
0.402341
0.388964
0.408422
0.397256
0.401128
0.475112
0.453041
0.452651
0.451208
0.41165
0.426454
0.427272
0.45188
0.446739
0.399856
0.416734
0.457429
0.457137
0.501774
0.446243
0.512743
0.477742
0.480532
0.50314
0.430592
0.452392
0.52248
0.471538
0.49267
0.47912
0.509072
0.398635
0.465886
0.385511
0.38707
0.381795
0.386895
0.397987
0.390752
0.387202
0.394283
0.382087
0.381092
0.395272
0.406873
0.426536
0.447094
0.440629
0.441894
0.431847
0.450014
0.438216
0.410188
0.409006
0.403448
0.414624
0.385649
0.411213
0.41202
0.393417
0.387964
0.403054
0.418658
0.438673
0.40352
0.452298
0.412781
0.427326
0.428477
0.416001
0.422441
0.426979
0.406289
0.407678
0.449044
0.397136
0.433919
0.406777
0.388524
0.382978
0.384612
0.414472
0.405635
0.382536
0.388829
0.373648
0.358309
0.349339
0.355392
0.347907
0.343348
0.351561
0.356951
0.361245
0.379149
0.345476
0.352726
0.349915
0.381035
0.356349
0.352048
0.359891
0.360909
0.372025
0.395806
0.390189
0.413084
0.377825
0.394715
0.389228
0.39175
0.424371
0.401332
0.381386
0.372256
0.368487
0.361005
0.35933
0.371666
0.381807
0.398937
0.370583
0.371106
0.376037
0.377816
0.361421
0.365763
0.379498
0.389943
0.39401
0.405223
0.406646
0.399017
0.398006
0.368107
0.411636
0.384569
0.388229
0.381443
0.363753
0.358734
0.406952
0.390902
0.382845
0.386414
0.407169
0.430238
0.377856
0.387261
0.381464
0.386712
0.381268
0.366623
0.365462
0.348687
0.347844
0.35781
0.344038
0.342395
0.3408
0.344757
0.356047
0.352539
0.345348
0.346046
0.330421
0.347481
0.355413
0.349248
0.345042
0.341289
0.349115
0.351544
0.365424
0.367333
0.363946
0.364487
0.378014
0.358223
0.361162
0.35872
0.365061
0.375883
0.396177
0.409414
0.405441
0.416003
0.407548
0.394087
0.392107
0.398341
0.393438
0.400209
0.396908
0.411353
0.374122
0.364508
0.364307
0.355641
0.351609
0.355676
0.362156
0.353561
0.357294
0.346652
0.352841
0.352728
0.358004
0.349344
0.367315
0.379779
0.386161
0.428151
0.407815
0.389082
0.356158
0.365629
0.385434
0.378857
0.384241
0.401985
0.420313
0.383159
0.375162
0.37165
0.368951
0.386623
0.37372
0.36398
0.403832
0.390359
0.380167
0.38174
0.382221
0.418271
0.423448
0.436437
0.447249
0.469929
0.495152
0.499973
0.392548
0.412278
0.414958
0.42918
0.425596
0.445149
0.430684
0.436246
0.430816
0.426463
0.399357
0.422181
0.424827
0.400113
0.380723
0.394283
0.394294
0.375006
0.370347
0.380255
0.384017
0.370029
0.369935
0.370994
0.362642
0.376388
0.366681
0.366733
0.363581
0.379175
0.389939
0.403571
0.389636
0.389597
0.429627
0.45891
0.466159
0.452676
0.461489
0.485208
0.413173
0.46581
0.511421
0.473124
0.442216
0.440129
0.446012
0.386528
0.475907
0.441453
0.429689
0.401991
0.429987
0.545694
0.578304
0.516679
0.575869
0.555475
0.484476
0.507428
0.472684
0.503781
0.457961
0.534928
0.549568
0.506487
0.457909
0.447217
0.467989
0.442252
0.422023
0.445402
0.481488
0.492757
0.521124
0.509638
0.472521
0.50647
0.537275
0.533392
0.482658
0.550026
0.520977
0.518061
0.44097
0.46297
0.472693
0.429602
0.413554
0.396298
0.394729
0.406773
0.380743
0.372571
0.365003
0.370197
0.376525
0.38772
0.404011
0.386756
0.402278
0.400729
0.380514
0.3839
0.404026
0.37992
0.400392
0.39546
0.422966
0.417518
0.402651
0.401488
0.406124
0.401578
0.418982
0.437509
0.362396
0.386938
0.378435
0.371797
0.366058
0.356255
0.360428
0.370128
0.365721
0.360805
0.37287
0.380515
0.381735
0.375593
0.371004
0.378672
0.3792
0.390411
0.385921
0.381713
0.368613
0.366152
0.379146
0.390919
0.409553
0.409754
0.424839
0.441451
0.401192
0.439182
0.441989
0.445112
0.409984
0.395967
0.384718
0.402253
0.385417
0.35605
0.352698
0.355269
0.357492
0.355344
0.351819
0.344411
0.338797
0.345828
0.345652
0.352078
0.349066
0.364206
0.351486
0.360281
0.350696
0.343387
0.358945
0.347776
0.342732
0.348413
0.349012
0.346677
0.350768
0.346168
0.342761
0.344245
0.346553
0.337694
0.349081
0.347835
0.344708
0.357872
0.358953
0.367883
0.364949
0.370992
0.379558
0.401372
0.420367
0.42571
0.425867
0.413252
0.420588
0.394824
0.399538
0.424165
0.417513
0.425545
0.433669
0.428429
0.432996
0.410878
0.408442
0.405709
0.38994
0.428025
0.386562
0.378486
0.371936
0.360844
0.353568
0.354848
0.359184
0.353944
0.361357
0.363741
0.357683
0.349049
0.357467
0.351085
0.342362
0.362866
0.365593
0.361979
0.361481
0.378644
0.383644
0.383986
0.402277
0.372901
0.395565
0.406533
0.424654
0.394392
0.406393
0.423227
0.402009
0.386729
0.406534
0.412659
0.412319
0.416659
0.414731
0.401078
0.393351
0.395865
0.391182
0.386239
0.411301
0.396898
0.441861
0.427113
0.409749
0.386236
0.364782
0.359938
0.367573
0.349373
0.335513
0.34897
0.349842
0.344478
0.350861
0.34129
0.353552
0.352279
0.356202
0.353131
0.349654
0.363506
0.350721
0.358662
0.351984
0.345984
0.354311
0.340902
0.34184
0.338423
0.345293
0.340708
0.354586
0.349659
0.345228
0.333709
0.349748
0.346729
0.346075
0.347095
0.355306
0.365263
0.385129
0.366861
0.370993
0.3681
0.375207
0.375257
0.370841
0.350304
0.354183
0.355306
0.357354
0.352045
0.346466
0.37759
0.396887
0.402372
0.383225
0.369604
0.369763
0.364506
0.359019
0.368033
0.384186
0.372896
0.375544
0.37772
0.37424
0.366379
0.370905
0.374445
0.394971
0.392933
0.390945
0.402995
0.406521
0.404131
0.410416
0.41789
0.408095
0.432423
0.405832
0.375204
0.392475
0.399916
0.401391
0.36224
0.370341
0.357989
0.355348
0.357654
0.383644
0.361766
0.352337
0.366148
0.379144
0.393011
0.391414
0.391271
0.407477
0.422921
0.407302
0.421081
0.409621
0.393941
0.374977
0.37946
0.391167
0.379595
0.372853
0.370761
0.373682
0.368378
0.365957
0.369274
0.378218
0.392482
0.400441
0.398776
0.391678
0.39001
0.409255
0.408039
0.388378
0.379735
0.389033
0.374888
0.363326
0.356727
0.354354
0.355955
0.351209
0.349132
0.351044
0.351824
0.352353
0.36332
0.349521
0.337975
0.345393
0.344074
0.34582
0.365642
0.37063
0.377247
0.375056
0.38031
0.362159
0.384748
0.362153
0.362315
0.36103
0.347175
0.358279
0.353329
0.353134
0.366377
0.34557
0.362162
0.368534
0.383136
0.408661
0.393549
0.388462
0.376627
0.395504
0.381619
0.376983
0.360379
0.361563
0.365511
0.363594
0.374667
0.356179
0.363819
0.386214
0.383851
0.38456
0.371477
0.372468
0.35798
0.355704
0.344135
0.358797
0.361548
0.372957
0.370005
0.370183
0.365326
0.376516
0.354849
0.372319
0.354338
0.357968
0.373557
0.382777
0.395239
0.403153
0.401615
0.404816
0.374111
0.369689
0.398084
0.396712
0.392832
0.40754
0.398235
0.365667
0.359836
0.353059
0.351383
0.359372
0.380681
0.403315
0.402112
0.380794
0.363939
0.371669
0.361658
0.368014
0.358922
0.369298
0.357597
0.341849
0.340063
0.344479
0.337388
0.345163
0.345874
0.345113
0.343467
0.345422
0.338864
0.351741
0.361271
0.363118
0.380978
0.401904
0.384502
0.371933
0.388972
0.364876
0.366566
0.360334
0.363065
0.377118
0.377328
0.379047
0.387171
0.382195
0.364448
0.367054
0.394032
0.383725
0.373118
0.401675
0.375788
0.361436
0.358896
0.363407
0.356217
0.35351
0.352378
0.358784
0.352126
0.353876
0.338519
0.356576
0.35632
0.370386
0.37379
0.377178
0.394297
0.390056
0.408665
0.424211
0.365085
0.371748
0.360312
0.356477
0.355633
0.34756
0.346356
0.345094
0.342472
0.346338
0.386011
0.342796
0.345551
0.346551
0.340554
0.348247
0.342876
0.352546
0.341541
0.348934
0.344099
0.339554
0.348344
0.350865
0.343714
0.340023
0.338185
0.333947
0.350137
0.351095
0.357116
0.341351
0.358262
0.356155
0.35063
0.367907
0.374956
0.396976
0.423232
0.409118
0.410346
0.42964
0.406419
0.41301
0.386791
0.40257
0.384169
0.382039
0.366984
0.367958
0.361954
0.367375
0.364271
0.371541
0.378476
0.389782
0.382195
0.381098
0.369843
0.373709
0.372618
0.371692
0.394935
0.390139
0.412909
0.394663
0.385553
0.383994
0.367977
0.377977
0.38071
0.408806
0.400864
0.40178
0.375933
0.372285
0.379538
0.368491
0.354016
0.359391
0.382084
0.392117
0.351156
0.359545
0.411513
0.406761
0.405752
0.420792
0.428391
0.376758
0.409139
0.403387
0.437678
0.411382
0.408709
0.403428
0.386567
0.383233
0.377878
0.384814
0.363539
0.37611
0.371189
0.364575
0.357323
0.360986
0.358456
0.363995
0.349054
0.357105
0.357707
0.362867
0.378044
0.380997
0.407525
0.385691
0.39384
0.379685
0.372071
0.359592
0.352414
0.348405
0.336046
0.353564
0.341174
0.341797
0.332758
0.343972
0.353314
0.361576
0.372391
0.379187
0.370049
0.353349
0.354102
0.354326
0.384313
0.409036
0.409806
0.387847
0.369086
0.358651
0.35284
0.353982
0.351321
0.346719
0.351303
0.358817
0.358423
0.359636
0.377217
0.39073
0.400592
0.406768
0.39329
0.373184
0.418483
0.39591
0.370378
0.356879
0.346115
0.345086
0.348304
0.359393
0.352194
0.358274
0.358052
0.374213
0.396099
0.388468
0.405874
0.372153
0.364492
0.365462
0.365346
0.353802
0.358598
0.368228
0.358083
0.357242
0.362187
0.375303
0.367842
0.36474
0.370841
0.391862
0.364946
0.350889
0.35184
0.349167
0.349065
0.352734
0.354124
0.361538
0.361456
0.350143
0.354169
0.368243
0.371657
0.369784
0.377411
0.386312
0.381374
0.393829
0.395419
0.377094
0.444346
0.405548
0.440277
0.428515
0.424667
0.438693
0.434904
0.433583
0.442452
0.416634
0.403931
0.402738
0.421636
0.415033
0.424422
0.404133
0.4066
0.382268
0.389698
0.387081
0.438183
0.406425
0.383515
0.377845
0.390273
0.400438
0.423122
0.443647
0.485931
0.54181
0.539924
0.51899
0.588097
0.530101
0.5012
0.493822
0.466848
0.44991
0.449124
0.438368
0.45644
0.439594
0.433542
0.415425
0.403535
0.393135
0.390419
0.408641
0.436386
0.418553
0.413477
0.419612
0.44725
0.45244
0.442074
0.400179
0.405268
0.403059
0.410019
0.391938
0.388002
0.379517
0.388693
0.398713
0.405413
0.400865
0.41964
0.433923
0.459844
0.445676
0.417502
0.402149
0.382077
0.380668
0.362198
0.353507
0.359101
0.351208
0.354724
0.377235
0.39308
0.394272
0.428607
0.438022
0.434342
0.424176
0.388113
0.390044
0.394624
0.398287
0.392378
0.418023
0.438547
0.445783
0.422141
0.429912
0.372262
0.358985
0.364378
0.358285
0.343998
0.349796
0.352618
0.350019
0.346659
0.345768
0.35346
0.356321
0.349807
0.354845
0.370089
0.34808
0.359445
0.352033
0.354215
0.347758
0.356868
0.356617
0.355015
0.350272
0.350658
0.359497
0.347283
0.348199
0.353275
0.345193
0.345156
0.3503
0.354675
0.35586
0.345915
0.337285
0.352127
0.340194
0.348325
0.345532
0.344533
0.351438
0.346843
0.353621
0.342256
0.347668
0.345094
0.349668
0.353011
0.354322
0.366826
0.38109
0.3976
0.4407
0.450727
0.439487
0.426388
0.417484
0.383445
0.376961
0.40843
0.40145
0.389945
0.374284
0.42944
0.407675
0.410905
0.384986
0.3748
0.403774
0.378423
0.400762
0.408044
0.356352
0.401956
0.398122
0.410989
0.405281
0.416286
0.415433
0.411952
0.363605
0.386817
0.378836
0.362348
0.366792
0.378197
0.383044
0.406245
0.372965
0.374438
0.376485
0.369284
0.373437
0.388393
0.37949
0.437163
0.417175
0.389698
0.377062
0.370703
0.354381
0.36689
0.361437
0.363695
0.344267
0.360055
0.364662
0.372173
0.374154
0.36582
0.366232
0.368124
0.342152
0.352691
0.340604
0.355909
0.368657
0.376678
0.387009
0.385234
0.382071
0.390852
0.385476
0.416578
0.412496
0.401575
0.390715
0.400088
0.402111
0.418954
0.416099
0.418254
0.394215
0.416726
0.406329
0.383772
0.376273
0.377738
0.385123
0.379246
0.389468
0.375158
0.369469
0.373531
0.371519
0.370271
0.390011
0.389695
0.368345
0.404494
0.414903
0.404189
0.408202
0.394819
0.399068
0.382066
0.370513
0.355301
0.363997
0.371375
0.372675
0.37903
0.366206
0.388749
0.3592
0.370726
0.403915
0.373393
0.411168
0.393982
0.391897
0.398804
0.38223
0.379272
0.388647
0.401057
0.409203
0.392992
0.413301
0.424284
0.423286
0.368833
0.387053
0.374961
0.390995
0.383268
0.40811
0.367857
0.408789
0.407346
0.409757
0.411073
0.402443
0.382096
0.431011
0.418788
0.397152
0.399949
0.411186
0.414832
0.399731
0.405352
0.389271
0.37958
0.387938
0.397879
0.425918
0.403307
0.437054
0.409356
0.398877
0.388905
0.407454
0.370214
0.406005
0.425741
0.403804
0.4093
0.385683
0.412845
0.428312
0.418555
0.39785
0.394989
0.415225
0.378902
0.36957
0.402231
0.379882
0.397487
0.382347
0.375466
0.354258
0.374747
0.368927
0.354544
0.35672
0.352334
0.347319
0.340849
0.33924
0.343781
0.348467
0.340444
0.353343
0.361964
0.357756
0.380846
0.358434
0.355774
0.365605
0.372801
0.364994
0.37988
0.365048
0.359079
0.354436
0.357963
0.363092
0.37115
0.3735
0.367525
0.377341
0.400056
0.359891
0.352798
0.345159
0.350102
0.342706
0.362238
0.370498
0.376144
0.388288
0.358518
0.366583
0.368861
0.370515
0.366404
0.382066
0.372369
0.407831
0.378698
0.382234
0.395128
0.392612
0.385335
0.373949
0.37336
0.359131
0.366429
0.374103
0.377896
0.379523
0.369748
0.366719
0.340212
0.355898
0.357244
0.358858
0.355346
0.352403
0.341851
0.353705
0.355634
0.361371
0.361097
0.37209
0.356444
0.362856
0.375664
0.369491
0.369009
0.34382
0.342858
0.349388
0.351161
0.33273
0.340382
0.34656
0.342669
0.345187
0.343474
0.353268
0.353799
0.379652
0.384885
0.385089
0.358333
0.363892
0.39553
0.360554
0.369746
0.392717
0.37811
0.383232
0.377212
0.362518
0.356443
0.381262
0.364511
0.381935
0.387306
0.379475
0.392612
0.411021
0.391548
0.420996
0.404527
0.386814
0.385773
0.373706
0.379595
0.374448
0.389304
0.387506
0.393394
0.388283
0.382225
0.365199
0.412348
0.403914
0.379223
0.363743
0.349973
0.357006
0.353706
0.362878
0.377788
0.3774
0.389205
0.402365
0.375696
0.362297
0.361826
0.360116
0.350056
0.357468
0.351209
0.343623
0.360002
0.362475
0.38059
0.394849
0.390058
0.4016
0.384163
0.365562
0.369285
0.371153
0.391287
0.404024
0.402817
0.383978
0.374834
0.361134
0.360544
0.381153
0.390471
0.435949
0.411919
0.393866
0.383067
0.386416
0.383477
0.372884
0.370561
0.371841
0.370649
0.359693
0.351194
0.368382
0.358974
0.358017
0.367954
0.379799
0.397372
0.378785
0.389178
0.439278
0.44724
0.43859
0.447014
0.432745
0.472681
0.436839
0.473752
0.480792
0.426982
0.464127
0.426694
0.494632
0.454376
0.45204
0.426329
0.438052
0.401089
0.396064
0.398857
0.428564
0.433454
0.415231
0.407589
0.442457
0.468826
0.432708
0.44889
0.456178
0.496155
0.497456
0.433512
0.416687
0.436933
0.396338
0.40371
0.440995
0.480164
0.469905
0.447975
0.444312
0.441611
0.412753
0.401008
0.393621
0.394524
0.382035
0.378795
0.375627
0.362297
0.363021
0.377619
0.38262
0.405126
0.407864
0.402425
0.40723
0.389351
0.385718
0.401904
0.383813
0.373633
0.364758
0.382688
0.39885
0.42214
0.458302
0.451629
0.463334
0.473736
0.511402
0.502306
0.387865
0.474313
0.431316
0.458431
0.41208
0.398897
0.390064
0.375522
0.376624
0.381686
0.401185
0.410524
0.413482
0.437946
0.459098
0.457603
0.412704
0.401408
0.387201
0.388184
0.381172
0.382402
0.390462
0.403506
0.421889
0.446307
0.418603
0.427491
0.408256
0.403723
0.393663
0.405972
0.395403
0.419579
0.416339
0.432426
0.464215
0.417349
0.397184
0.385596
0.368519
0.356752
0.348344
0.359039
0.366378
0.366594
0.361056
0.372027
0.389758
0.381039
0.366887
0.354799
0.358637
0.357233
0.354347
0.360212
0.361936
0.358861
0.374456
0.368572
0.367498
0.392813
0.382684
0.379691
0.377607
0.409044
0.42867
0.46641
0.435709
0.453286
0.440443
0.408076
0.409918
0.430296
0.447527
0.466593
0.462055
0.375225
0.396797
0.474568
0.452943
0.432181
0.458215
0.480286
0.495857
0.453187
0.468568
0.453695
0.450452
0.433312
0.439602
0.440952
0.431364
0.420688
0.423623
0.463001
0.464286
0.446965
0.471575
0.527652
0.479693
0.463361
0.54244
0.437072
0.484828
0.515443
0.468182
0.450227
0.475031
0.529572
0.478948
0.494389
0.471683
0.483448
0.462834
0.433674
0.458656
0.434019
0.433696
0.424551
0.435631
0.446222
0.468762
0.416926
0.383868
0.415777
0.43472
0.44081
0.462851
0.47517
0.446734
0.444254
0.410006
0.42926
0.432459
0.424172
0.432734
0.399165
0.442493
0.429204
0.410163
0.412741
0.453567
0.451825
0.441674
0.432248
0.438828
0.409232
0.397074
0.369718
0.372632
0.373326
0.366475
0.373495
0.37508
0.385941
0.428908
0.43316
0.423082
0.41779
0.421379
0.407595
0.403245
0.39283
0.400471
0.391586
0.407414
0.419237
0.443477
0.411959
0.418592
0.435218
0.426976
0.432905
0.449169
0.443677
0.428771
0.415039
0.420913
0.447035
0.413957
0.402705
0.408175
0.422152
0.41503
0.416887
0.421111
0.40959
0.385531
0.367345
0.375288
0.388255
0.387738
0.408603
0.421086
0.410455
0.373189
0.380349
0.417832
0.426738
0.424021
0.393191
0.381566
0.368515
0.371615
0.370435
0.368309
0.373147
0.371534
0.391957
0.414236
0.41186
0.416353
0.400112
0.389194
0.390871
0.405768
0.422242
0.436486
0.390419
0.401233
0.408862
0.425357
0.400118
0.400261
0.406728
0.414414
0.414534
0.371785
0.414069
0.457906
0.446524
0.427863
0.462945
0.491328
0.478978
0.435862
0.501477
0.515361
0.514561
0.400834
0.402372
0.419995
0.48346
0.489531
0.530499
0.526702
0.477851
0.490451
0.43143
0.443754
0.48489
0.458076
0.447941
0.426179
0.457899
0.46754
0.486005
0.463682
0.4555
0.50294
0.388605
0.429218
0.394361
0.395921
0.419567
0.482061
0.407029
0.419661
0.434874
0.445301
0.476738
0.459044
0.437244
0.446746
0.513845
0.476855
0.480716
0.455359
0.413262
0.469921
0.508707
0.477371
0.482419
0.501491
0.51594
0.435741
0.436409
0.36472
0.360914
0.408117
0.425267
0.407316
0.401192
0.375426
0.40082
0.404143
0.40287
0.380614
0.371667
0.360688
0.358831
0.351697
0.354018
0.358695
0.366479
0.37282
0.348943
0.358682
0.359848
0.381896
0.375704
0.374
0.373308
0.384631
0.407595
0.42107
0.425922
0.420176
0.422434
0.406451
0.397865
0.382059
0.359299
0.35661
0.36595
0.358189
0.355533
0.349735
0.34781
0.357878
0.38233
0.368105
0.39468
0.380509
0.386063
0.3748
0.369649
0.379934
0.382973
0.372115
0.357093
0.350291
0.347048
0.350685
0.352186
0.364131
0.380012
0.399122
0.37019
0.369125
0.356625
0.349405
0.348008
0.338366
0.336713
0.343401
0.347276
0.354526
0.346826
0.344661
0.343979
0.335577
0.339313
0.340988
0.351713
0.353866
0.347622
0.351962
0.34894
0.357278
0.375431
0.360872
0.36174
0.382492
0.383944
0.385154
0.383034
0.376739
0.370343
0.368074
0.355903
0.361406
0.368131
0.373068
0.411033
0.441195
0.398013
0.385213
0.360082
0.366067
0.361768
0.372862
0.380789
0.383615
0.381551
0.375244
0.364502
0.368385
0.355859
0.354741
0.363793
0.372444
0.361429
0.357842
0.372676
0.37638
0.355583
0.385959
0.379777
0.382084
0.370753
0.374724
0.36079
0.349552
0.352732
0.358695
0.37
0.380826
0.378425
0.37901
0.385887
0.375277
0.374451
0.373054
0.378595
0.39031
0.373706
0.383895
0.384473
0.390351
0.392138
0.404744
0.382945
0.384761
0.385242
0.385782
0.385745
0.391068
0.407659
0.396862
0.386772
0.407151
0.362493
0.408091
0.423189
0.431617
0.422213
0.408813
0.4061
0.387618
0.383005
0.370683
0.366403
0.356187
0.351794
0.351246
0.344587
0.350011
0.360566
0.349172
0.338507
0.352046
0.346013
0.343087
0.345435
0.343011
0.35243
0.354043
0.352591
0.356596
0.365188
0.37439
0.389196
0.369692
0.352932
0.354398
0.346833
0.358561
0.370177
0.38095
0.393456
0.40534
0.391669
0.377984
0.37465
0.383768
0.340783
0.360062
0.371087
0.3521
0.344356
0.330423
0.351158
0.333843
0.339846
0.345994
0.344163
0.348278
0.350116
0.358039
0.369666
0.381341
0.383485
0.386194
0.406495
0.392933
0.409503
0.402924
0.394419
0.415001
0.449324
0.393067
0.424665
0.422001
0.431746
0.399029
0.433116
0.409617
0.393648
0.426213
0.386752
0.426334
0.387491
0.421137
0.408547
0.423299
0.387753
0.419976
0.415386
0.398865
0.387766
0.368238
0.356447
0.358303
0.373049
0.391559
0.391758
0.376489
0.369493
0.357855
0.354893
0.359236
0.355715
0.372146
0.373136
0.377118
0.381548
0.360533
0.378039
0.383425
0.387894
0.385616
0.381591
0.384156
0.403387
0.39226
0.383091
0.37516
0.365861
0.345699
0.344131
0.35117
0.35977
0.357949
0.376788
0.377869
0.364765
0.356764
0.368355
0.376641
0.376785
0.352061
0.353637
0.3635
0.35973
0.354119
0.363317
0.372918
0.375781
0.394112
0.392638
0.39033
0.380768
0.362696
0.355722
0.366003
0.366152
0.379574
0.357125
0.359962
0.349044
0.361626
0.364656
0.359599
0.355942
0.372488
0.381781
0.379463
0.392517
0.38167
0.38689
0.389814
0.395483
0.384948
0.387921
0.370437
0.372755
0.379948
0.388709
0.371514
0.368385
0.381301
0.38917
0.42117
0.401172
0.402639
0.39794
0.398537
0.366895
0.372781
0.383234
0.396271
0.399135
0.391878
0.411646
0.394045
0.395286
0.409626
0.405534
0.416176
0.410752
0.400322
0.410935
0.407847
0.392267
0.370798
0.360756
0.354125
0.35044
0.349037
0.350017
0.349948
0.352243
0.36718
0.362828
0.38555
0.388969
0.390114
0.398757
0.396311
0.399045
0.403593
0.403721
0.374023
0.378333
0.382068
0.375593
0.376098
0.365457
0.368857
0.377704
0.359184
0.382915
0.364206
0.37942
0.389594
0.389502
0.424484
0.423194
0.407671
0.412284
0.394575
0.432442
0.438234
0.470641
0.435739
0.41928
0.431375
0.43846
0.427565
0.402633
0.389175
0.398386
0.378467
0.375061
0.374185
0.375364
0.360107
0.362197
0.374479
0.405068
0.419916
0.401756
0.441341
0.407281
0.373543
0.371696
0.393369
0.400736
0.420373
0.407366
0.416457
0.440998
0.454619
0.456826
0.421803
0.452511
0.459184
0.426331
0.429968
0.42294
0.440418
0.445841
0.421246
0.415779
0.400716
0.418405
0.435444
0.411921
0.404404
0.395741
0.394234
0.375647
0.385768
0.421258
0.398571
0.441396
0.413208
0.404835
0.369798
0.373926
0.385512
0.391518
0.393413
0.435289
0.422161
0.447447
0.474519
0.452734
0.44442
0.479667
0.429225
0.497389
0.491124
0.471522
0.445251
0.434744
0.440588
0.419715
0.490073
0.496562
0.436396
0.513292
0.544923
0.565264
0.557631
0.586509
0.535364
0.563991
0.534645
0.54061
0.513979
0.485292
0.434355
0.388432
0.409959
0.475789
0.475212
0.458585
0.524218
0.471586
0.5482
0.493628
0.467688
0.458223
0.492257
0.493395
0.432642
0.386951
0.376928
0.375045
0.387122
0.395102
0.368506
0.352438
0.347735
0.349974
0.347721
0.348094
0.349699
0.36628
0.371176
0.374193
0.362702
0.362506
0.347752
0.351675
0.361331
0.369867
0.380882
0.36582
0.348293
0.349025
0.367228
0.362795
0.352601
0.344117
0.352958
0.357644
0.350518
0.351549
0.362137
0.360934
0.376193
0.391998
0.375996
0.363089
0.374608
0.377813
0.372854
0.3652
0.356596
0.359984
0.367266
0.361548
0.358214
0.360743
0.366364
0.369857
0.374955
0.390608
0.388804
0.38898
0.386797
0.396984
0.410486
0.409187
0.409807
0.404864
0.411293
0.418029
0.394869
0.399323
0.401731
0.390771
0.411523
0.414471
0.406965
0.407631
0.408326
0.431956
0.424135
0.412465
0.372232
0.47515
0.420144
0.378091
0.406228
0.403379
0.406638
0.408825
0.406141
0.419968
0.41817
0.402213
0.416861
0.409687
0.420131
0.49727
0.488582
0.390042
0.394293
0.389333
0.398859
0.425335
0.396085
0.429322
0.387462
0.371071
0.405005
0.409976
0.404868
0.384587
0.388031
0.392919
0.393685
0.41856
0.385783
0.441789
0.425951
0.41674
0.415621
0.409198
0.416798
0.390278
0.382526
0.376658
0.399948
0.399295
0.378195
0.390762
0.413293
0.419392
0.397993
0.400642
0.372525
0.39059
0.402074
0.388135
0.394729
0.402198
0.418278
0.398434
0.391143
0.398763
0.400954
0.421273
0.409769
0.456545
0.530346
0.46988
0.479869
0.467185
0.480493
0.408687
0.461199
0.414455
0.396743
0.385644
0.388613
0.393555
0.445801
0.488745
0.44719
0.421678
0.396078
0.378041
0.379769
0.367304
0.36036
0.376893
0.380435
0.389491
0.434542
0.455999
0.426921
0.433902
0.427073
0.396563
0.380877
0.388126
0.36358
0.364359
0.370852
0.366912
0.357544
0.360711
0.369304
0.36697
0.392141
0.392686
0.445559
0.448722
0.444245
0.439525
0.444582
0.432252
0.43854
0.465548
0.46084
0.398101
0.380692
0.367074
0.371507
0.407777
0.400878
0.462127
0.452946
0.408238
0.397445
0.412662
0.421308
0.418531
0.397009
0.419398
0.453246
0.432634
0.46578
0.457658
0.425983
0.450733
0.444162
0.442719
0.436902
0.424979
0.427699
0.437528
0.434506
0.446437
0.410352
0.390293
0.385659
0.431377
0.444011
0.437657
0.444092
0.444828
0.442547
0.428932
0.436431
0.425984
0.449399
0.481334
0.485463
0.517176
0.512534
0.5039
0.516469
0.459475
0.494816
0.492777
0.475607
0.48497
0.496342
0.494209
0.472003
0.388494
0.410186
0.403618
0.401207
0.397156
0.391389
0.369748
0.362359
0.357641
0.360058
0.35069
0.348285
0.363383
0.366434
0.362866
0.360216
0.376283
0.359845
0.352257
0.35382
0.339774
0.360734
0.376042
0.340455
0.345555
0.348813
0.355822
0.347674
0.346584
0.339851
0.341532
0.351568
0.343562
0.342634
0.348916
0.342776
0.347779
0.359446
0.36904
0.372974
0.392935
0.377915
0.359492
0.372793
0.378817
0.362877
0.345304
0.352043
0.354907
0.356947
0.36157
0.374639
0.38839
0.381751
0.374076
0.392412
0.389592
0.387759
0.376514
0.378695
0.39741
0.3808
0.382732
0.359331
0.359903
0.360343
0.367723
0.379484
0.364475
0.371672
0.367077
0.389378
0.377304
0.384635
0.397732
0.381262
0.379962
0.406653
0.391788
0.388077
0.415286
0.471086
0.480312
0.473279
0.465672
0.460452
0.486625
0.417126
0.480743
0.493905
0.530966
0.520093
0.521482
0.492768
0.507757
0.480189
0.500899
0.519975
0.434019
0.399908
0.391594
0.381193
0.372552
0.380235
0.387163
0.394679
0.425516
0.393107
0.431371
0.455112
0.444363
0.403952
0.402907
0.400921
0.404788
0.373144
0.377466
0.394371
0.41052
0.38985
0.390607
0.377093
0.355738
0.345421
0.354338
0.356071
0.353798
0.36875
0.373773
0.36008
0.350775
0.371859
0.398887
0.387531
0.385817
0.399028
0.371024
0.369445
0.362409
0.358611
0.36194
0.358436
0.35177
0.350645
0.367933
0.358789
0.347696
0.350374
0.352192
0.366423
0.383181
0.393497
0.391904
0.402378
0.357248
0.382104
0.38303
0.363666
0.350243
0.343233
0.340016
0.34538
0.350273
0.33903
0.351669
0.351566
0.354233
0.370652
0.363284
0.377782
0.369192
0.363038
0.371512
0.370769
0.363301
0.373617
0.363303
0.370612
0.371576
0.382372
0.359003
0.359375
0.363528
0.361555
0.355881
0.34433
0.353943
0.343361
0.353567
0.366178
0.369259
0.383142
0.391468
0.421491
0.405374
0.484792
0.470621
0.443879
0.481879
0.431876
0.43818
0.445008
0.436641
0.442731
0.403595
0.41267
0.420644
0.391253
0.465642
0.437645
0.47605
0.468054
0.437037
0.390339
0.403718
0.375328
0.380364
0.402586
0.402608
0.429404
0.405611
0.382533
0.432617
0.400664
0.435304
0.387714
0.371357
0.367198
0.369654
0.362721
0.382903
0.391713
0.418766
0.40656
0.41312
0.44083
0.439266
0.405868
0.46202
0.440894
0.43637
0.460654
0.469313
0.388908
0.425575
0.436747
0.408043
0.386271
0.402429
0.435878
0.410868
0.44689
0.405302
0.448312
0.400209
0.373083
0.422765
0.382491
0.375928
0.372472
0.364885
0.357603
0.356201
0.359623
0.36089
0.353038
0.360134
0.363383
0.371753
0.373579
0.390613
0.419696
0.430492
0.412696
0.463947
0.461371
0.446529
0.507861
0.438809
0.459072
0.408355
0.470622
0.552647
0.48891
0.468074
0.478983
0.392274
0.43755
0.442219
0.454516
0.406997
0.416746
0.398917
0.445691
0.430092
0.416014
0.471227
0.437146
0.521954
0.455726
0.485249
0.480742
0.434671
0.422647
0.431795
0.451102
0.50467
0.531127
0.510809
0.491423
0.524814
0.441362
0.475694
0.442604
0.436582
0.470231
0.476378
0.476395
0.490243
0.471598
0.497023
0.464093
0.412183
0.391572
0.394004
0.392695
0.393105
0.38859
0.38061
0.377392
0.379207
0.372959
0.38278
0.372711
0.383404
0.376941
0.409141
0.422445
0.421646
0.469554
0.461644
0.436511
0.469938
0.44646
0.439402
0.42213
0.43253
0.424175
0.43286
0.382212
0.433733
0.419148
0.449245
0.486083
0.474291
0.419836
0.469275
0.471637
0.444017
0.439167
0.440497
0.409911
0.405479
0.37547
0.366553
0.354039
0.35267
0.347651
0.350333
0.360511
0.371303
0.378808
0.363706
0.374121
0.355797
0.352241
0.373905
0.379302
0.391534
0.414048
0.38665
0.393508
0.395806
0.39361
0.401148
0.410101
0.428523
0.406125
0.405952
0.450158
0.441407
0.423814
0.433682
0.431067
0.437596
0.498408
0.489337
0.487828
0.469306
0.496711
0.46623
0.465516
0.441528
0.411057
0.372792
0.369224
0.376883
0.399882
0.414866
0.410435
0.407647
0.421824
0.428587
0.42431
0.430157
0.389607
0.429002
0.476407
0.425145
0.452178
0.446311
0.418702
0.416717
0.403608
0.429123
0.429489
0.421194
0.429211
0.422902
0.433386
0.389266
0.383174
0.382544
0.372698
0.373105
0.38627
0.386044
0.377146
0.380838
0.392627
0.448871
0.401761
0.392818
0.368499
0.371634
0.376769
0.372275
0.37529
0.393665
0.387446
0.385302
0.387163
0.381718
0.387624
0.424483
0.446973
0.482739
0.466622
0.416965
0.468871
0.439369
0.401886
0.365782
0.346066
0.374548
0.398062
0.402069
0.397679
0.429767
0.447408
0.435951
0.487177
0.43131
0.459864
0.437382
0.443178
0.421343
0.400144
0.402786
0.408997
0.505416
0.394318
0.416721
0.407253
0.400467
0.422043
0.42928
0.430927
0.439387
0.426501
0.392522
0.365289
0.372664
0.364379
0.363723
0.359004
0.355999
0.351036
0.360683
0.383467
0.385015
0.390049
0.392613
0.402032
0.394065
0.400033
0.393842
0.403904
0.403669
0.418254
0.425692
0.405837
0.376087
0.396054
0.400503
0.40508
0.414246
0.419577
0.396936
0.393665
0.385836
0.405688
0.400154
0.380684
0.384572
0.398411
0.38198
0.389261
0.375233
0.372872
0.359301
0.35567
0.375102
0.400519
0.408798
0.409916
0.42011
0.393289
0.386085
0.381118
0.37018
0.370577
0.372432
0.382327
0.39801
0.385281
0.37082
0.3496
0.361625
0.38561
0.377347
0.371873
0.388416
0.403198
0.390289
0.410927
0.409401
0.413248
0.407167
0.387095
0.394724
0.402817
0.387459
0.368428
0.37276
0.365686
0.36809
0.380906
0.39361
0.406438
0.437007
0.376993
0.400346
0.376997
0.387811
0.375196
0.381525
0.385503
0.377513
0.384734
0.383575
0.396153
0.413453
0.411051
0.383094
0.41511
0.409472
0.374868
0.370998
0.361168
0.362859
0.357286
0.350455
0.342783
0.34544
0.359128
0.363858
0.360565
0.336586
0.339615
0.351514
0.350079
0.353758
0.351299
0.358449
0.36272
0.374346
0.40053
0.395803
0.426449
0.410297
0.403015
0.409391
0.382677
0.377939
0.380167
0.358532
0.351012
0.33786
0.338192
0.351252
0.347677
0.354814
0.354718
0.352586
0.349558
0.354594
0.364604
0.390422
0.398213
0.392354
0.385718
0.381
0.373809
0.37089
0.351326
0.349376
0.360758
0.361793
0.358796
0.355744
0.350224
0.347831
0.366195
0.379392
0.378281
0.368468
0.380367
0.386009
0.364724
0.366188
0.367647
0.372109
0.384475
0.376639
0.376087
0.357713
0.359677
0.391421
0.400115
0.406462
0.418459
0.394864
0.413035
0.417264
0.423257
0.410273
0.383486
0.390324
0.41701
0.41844
0.389566
0.381759
0.415089
0.418201
0.437017
0.433408
0.423485
0.375339
0.404381
0.36992
0.354424
0.364841
0.394379
0.387448
0.425803
0.432098
0.444054
0.431285
0.41831
0.409779
0.403306
0.389932
0.44846
0.454707
0.420063
0.394795
0.372061
0.352957
0.342447
0.410576
0.387241
0.379824
0.358301
0.36369
0.358597
0.367269
0.373212
0.368006
0.375353
0.372666
0.366089
0.375062
0.378349
0.381049
0.371441
0.366317
0.369568
0.375438
0.365374
0.3758
0.364314
0.354716
0.341393
0.342614
0.343256
0.342838
0.338742
0.347188
0.352228
0.353575
0.341281
0.340681
0.332904
0.334524
0.348904
0.347402
0.341439
0.350042
0.342635
0.34098
0.362429
0.363742
0.354732
0.363621
0.367093
0.387636
0.40463
0.386472
0.383957
0.379895
0.390481
0.408618
0.408229
0.393204
0.390382
0.376422
0.384303
0.392281
0.390138
0.425435
0.383179
0.377637
0.393081
0.378026
0.372282
0.386192
0.377835
0.369078
0.374155
0.422292
0.455118
0.43107
0.422653
0.438399
0.406181
0.42702
0.403802
0.444075
0.420822
0.394892
0.467408
0.418527
0.380476
0.383294
0.421379
0.39443
0.382302
0.403014
0.420895
0.464437
0.441428
0.398492
0.378058
0.38686
0.381
0.382579
0.400941
0.431423
0.409383
0.439939
0.419725
0.397493
0.382015
0.379172
0.393787
0.397369
0.430414
0.422461
0.398308
0.455938
0.469463
0.474728
0.433824
0.394186
0.418455
0.451863
0.42263
0.420612
0.421734
0.411308
0.409168
0.389595
0.374591
0.367939
0.369142
0.371654
0.373764
0.379121
0.396931
0.42552
0.429908
0.465535
0.428358
0.430442
0.447281
0.517889
0.468696
0.450113
0.48501
0.392144
0.494632
0.560828
0.554212
0.513913
0.553525
0.565818
0.56026
0.509398
0.536839
0.581577
0.553549
0.591862
0.55914
0.60269
0.509462
0.461898
0.41476
0.423334
0.429326
0.431006
0.396218
0.390154
0.394053
0.402569
0.405534
0.399529
0.401474
0.38318
0.353346
0.374057
0.40275
0.398632
0.41102
0.411021
0.404363
0.378417
0.398691
0.385645
0.398807
0.393869
0.421548
0.428702
0.391057
0.407859
0.391008
0.384699
0.37923
0.37583
0.370442
0.372546
0.359043
0.343912
0.348102
0.351401
0.34801
0.340921
0.357332
0.36092
0.355175
0.348682
0.343175
0.34445
0.351976
0.354253
0.358605
0.37322
0.369019
0.378052
0.378666
0.380465
0.399906
0.379387
0.394678
0.390848
0.413806
0.380496
0.375909
0.441424
0.399895
0.388684
0.403782
0.370412
0.379169
0.393033
0.380478
0.379477
0.37708
0.416572
0.432618
0.407333
0.397624
0.387221
0.394539
0.376041
0.376342
0.367665
0.373748
0.378014
0.387806
0.391842
0.373878
0.362585
0.357802
0.351185
0.36235
0.391481
0.378615
0.363818
0.36224
0.355963
0.347922
0.342761
0.352066
0.363473
0.362708
0.365839
0.374757
0.386682
0.388039
0.40858
0.399662
0.386644
0.373314
0.359022
0.351899
0.356882
0.350745
0.357283
0.349993
0.345821
0.345295
0.349215
0.341677
0.353299
0.354834
0.352564
0.357026
0.369031
0.386073
0.404193
0.415586
0.438914
0.474696
0.408884
0.425757
0.451503
0.464477
0.479786
0.44414
0.422858
0.441163
0.488385
0.416865
0.441045
0.433351
0.481561
0.433441
0.408224
0.443299
0.446335
0.472257
0.458064
0.423954
0.407936
0.382746
0.399111
0.394236
0.403392
0.391817
0.3945
0.403034
0.403243
0.403355
0.397759
0.359226
0.396943
0.392467
0.385701
0.398741
0.392983
0.390629
0.403589
0.399734
0.448443
0.425346
0.362652
0.389084
0.415751
0.38914
0.399705
0.401905
0.407133
0.386461
0.401632
0.396213
0.402681
0.425959
0.357947
0.397457
0.393184
0.394816
0.391119
0.382032
0.37346
0.404362
0.410459
0.399713
0.433507
0.426015
0.405077
0.385169
0.40474
0.40487
0.404164
0.379919
0.373852
0.366508
0.396823
0.402395
0.407545
0.409781
0.387466
0.364058
0.356714
0.348416
0.348478
0.35532
0.363428
0.370201
0.398702
0.39818
0.396794
0.386968
0.392339
0.388574
0.423474
0.414466
0.419716
0.387055
0.390097
0.404321
0.398295
0.406509
0.410705
0.381758
0.377653
0.388649
0.385187
0.398914
0.378143
0.37278
0.364065
0.362643
0.372288
0.385127
0.430452
0.41562
0.388058
0.38002
0.387584
0.390112
0.400137
0.413501
0.396276
0.403048
0.422068
0.410703
0.405442
0.409071
0.413062
0.388939
0.396607
0.425002
0.400676
0.415331
0.407818
0.405601
0.427363
0.445538
0.453975
0.44506
0.436938
0.416064
0.43034
0.439747
0.487026
0.468626
0.413104
0.38962
0.4125
0.447455
0.41853
0.413398
0.448251
0.435493
0.425275
0.412944
0.452927
0.516505
0.470704
0.46838
0.463488
0.41244
0.422137
0.443035
0.427885
0.426262
0.448909
0.448405
0.409513
0.447482
0.433553
0.412777
0.432687
0.42701
0.422108
0.433507
0.472058
0.458903
0.457616
0.463499
0.430281
0.423281
0.386223
0.388707
0.387222
0.401681
0.392962
0.380847
0.386683
0.393829
0.373178
0.359469
0.356231
0.347976
0.343667
0.347062
0.353463
0.355934
0.351968
0.367134
0.377679
0.369082
0.428973
0.422529
0.383694
0.392304
0.398528
0.375079
0.390903
0.391088
0.413626
0.426719
0.451941
0.429963
0.412232
0.38936
0.417394
0.413402
0.420304
0.455402
0.403889
0.427079
0.432886
0.381932
0.371615
0.383112
0.382682
0.417305
0.393009
0.425738
0.404206
0.398012
0.435089
0.440356
0.44458
0.486049
0.427098
0.502898
0.500701
0.440757
0.414487
0.407338
0.389208
0.376942
0.376093
0.406171
0.424841
0.41474
0.42023
0.41447
0.402789
0.391885
0.370725
0.367023
0.374054
0.376756
0.377905
0.405116
0.399907
0.405438
0.437527
0.443346
0.412303
0.442147
0.392981
0.444967
0.526601
0.451681
0.458606
0.428123
0.402404
0.393629
0.430651
0.471002
0.391095
0.473718
0.485698
0.466254
0.456873
0.416505
0.459769
0.416103
0.391793
0.474486
0.464056
0.507171
0.449875
0.464383
0.489877
0.512202
0.525482
0.53483
0.490248
0.517102
0.52493
0.521171
0.537914
0.489044
0.486829
0.533369
0.472582
0.523208
0.487537
0.504532
0.490796
0.437645
0.479693
0.484462
0.467291
0.514055
0.514865
0.566401
0.557125
0.541617
0.59208
0.530597
0.527257
0.538808
0.525933
0.554482
0.523666
0.588132
0.59125
0.585273
0.590073
0.598085
0.544663
0.501373
0.481775
0.412247
0.479622
0.490803
0.445529
0.479346
0.479446
0.442874
0.398728
0.396226
0.396259
0.40476
0.467953
0.452332
0.4287
0.43002
0.413077
0.388149
0.37323
0.389899
0.395837
0.414386
0.479565
0.449419
0.474942
0.431742
0.419941
0.407202
0.427934
0.442621
0.425105
0.425286
0.413881
0.403235
0.369168
0.356394
0.369187
0.357851
0.360147
0.373886
0.378923
0.396255
0.406401
0.414631
0.46049
0.413103
0.457226
0.440781
0.462759
0.447083
0.447257
0.443465
0.437232
0.451521
0.437197
0.425644
0.428099
0.422066
0.438281
0.443665
0.407332
0.380891
0.378931
0.409212
0.408566
0.4077
0.389933
0.407033
0.403264
0.402091
0.396219
0.398686
0.408031
0.38258
0.370326
0.34927
0.363839
0.380702
0.367599
0.382001
0.387219
0.380513
0.413892
0.445716
0.400924
0.373508
0.400509
0.409867
0.40501
0.397897
0.417073
0.405611
0.387823
0.393259
0.4242
0.409789
0.41964
0.398445
0.363644
0.393141
0.383254
0.399936
0.408941
0.402904
0.400832
0.402854
0.390382
0.399446
0.377624
0.398504
0.412459
0.432486
0.418203
0.422171
0.43557
0.438598
0.441945
0.422802
0.439253
0.41932
0.409844
0.363621
0.429977
0.392775
0.424263
0.382348
0.372985
0.414416
0.412808
0.407967
0.414442
0.420636
0.383834
0.401433
0.446756
0.411124
0.432284
0.432019
0.408866
0.372325
0.385517
0.392843
0.383185
0.368729
0.399372
0.416674
0.409344
0.40075
0.386099
0.397933
0.411856
0.460019
0.510129
0.466697
0.43367
0.443014
0.425604
0.432479
0.416836
0.44
0.411901
0.412508
0.416006
0.4205
0.421015
0.45285
0.394912
0.470747
0.413868
0.477093
0.439822
0.405306
0.417126
0.408832
0.468458
0.447669
0.454075
0.4556
0.44401
0.415077
0.415192
0.408929
0.401297
0.389811
0.408597
0.371701
0.3627
0.364225
0.366377
0.365785
0.367624
0.362208
0.385522
0.367123
0.356067
0.355466
0.350958
0.360261
0.34435
0.342699
0.34786
0.345845
0.337931
0.340844
0.346338
0.344922
0.354537
0.348758
0.354226
0.351153
0.347779
0.364208
0.375665
0.380704
0.381433
0.387808
0.381497
0.377484
0.396071
0.405515
0.383984
0.380706
0.373237
0.391969
0.379349
0.366476
0.362634
0.403584
0.382109
0.38824
0.418976
0.407619
0.397789
0.380504
0.403026
0.403961
0.369149
0.360092
0.35484
0.346567
0.353448
0.350026
0.360521
0.353644
0.357635
0.359639
0.363114
0.356467
0.369718
0.38727
0.396771
0.413943
0.433761
0.429705
0.42695
0.467125
0.47983
0.503823
0.443954
0.471993
0.499766
0.480165
0.484548
0.513638
0.528226
0.49943
0.460388
0.439181
0.402583
0.393779
0.40168
0.412114
0.482929
0.435039
0.376904
0.369128
0.421251
0.440039
0.467696
0.41293
0.420027
0.423617
0.387221
0.381186
0.406409
0.42234
0.459103
0.457305
0.480647
0.467159
0.469493
0.463421
0.508283
0.54864
0.470698
0.413966
0.396824
0.428464
0.453445
0.468497
0.414975
0.374436
0.346001
0.360319
0.379219
0.370259
0.376205
0.373515
0.375932
0.37167
0.361016
0.371564
0.407668
0.440833
0.389613
0.41551
0.391938
0.388869
0.383505
0.410515
0.43958
0.505509
0.432743
0.452319
0.438829
0.414281
0.395747
0.375643
0.395747
0.383087
0.357944
0.383505
0.380433
0.409912
0.390474
0.386253
0.374914
0.374257
0.380469
0.407403
0.401595
0.395866
0.390737
0.397911
0.417635
0.415382
0.40497
0.41514
0.444076
0.416944
0.414391
0.410732
0.396649
0.393526
0.378655
0.414382
0.444879
0.410731
0.38358
0.423951
0.430177
0.422183
0.471426
0.475362
0.478856
0.493579
0.421161
0.469361
0.389038
0.376874
0.387261
0.436862
0.42282
0.439695
0.430251
0.453899
0.493281
0.494234
0.463451
0.437857
0.448383
0.46743
0.480598
0.481512
0.439976
0.431226
0.477806
0.518822
0.428541
0.417666
0.420887
0.424157
0.403108
0.393454
0.376252
0.382633
0.366818
0.371062
0.389133
0.403905
0.391701
0.373396
0.372291
0.370168
0.369412
0.372383
0.374293
0.370326
0.388587
0.387918
0.401449
0.412557
0.420596
0.449776
0.437583
0.39144
0.402574
0.400171
0.390868
0.41586
0.432331
0.377594
0.442058
0.439054
0.439577
0.441917
0.400446
0.413195
0.45839
0.42004
0.402244
0.363012
0.343752
0.354048
0.410561
0.421811
0.391352
0.46863
0.395483
0.436239
0.46657
0.438149
0.385695
0.394927
0.427823
0.434296
0.463119
0.505134
0.4612
0.411264
0.413722
0.42137
0.408725
0.421993
0.423519
0.439269
0.437044
0.435022
0.480773
0.451127
0.441223
0.413064
0.4433
0.45984
0.460691
0.489137
0.490485
0.515239
0.45699
0.467378
0.418263
0.43191
0.422193
0.433542
0.42475
0.42964
0.451024
0.44819
0.416236
0.441182
0.461186
0.449458
0.444411
0.443038
0.434977
0.433199
0.451421
0.483401
0.465159
0.467615
0.456887
0.470836
0.500652
0.462029
0.489699
0.500121
0.555218
0.551663
0.557888
0.575842
0.575088
0.477462
0.50318
0.57338
0.585278
0.576054
0.582019
0.525607
0.58035
0.539467
0.542771
0.504362
0.544558
0.521397
0.45923
0.457918
0.418904
0.41291
0.411582
0.37844
0.360712
0.385868
0.405403
0.372807
0.409442
0.452642
0.438356
0.373527
0.381514
0.42268
0.409185
0.435394
0.476432
0.396553
0.450453
0.441935
0.432495
0.427519
0.402099
0.373697
0.43557
0.436218
0.418632
0.431887
0.467788
0.425751
0.404061
0.465111
0.429263
0.416243
0.420883
0.427465
0.392635
0.397811
0.414908
0.417492
0.392293
0.383764
0.418377
0.399216
0.417747
0.423558
0.356051
0.348738
0.388816
0.459642
0.40988
0.488625
0.478173
0.410624
0.417718
0.419428
0.451571
0.401575
0.429126
0.44816
0.443972
0.443939
0.387968
0.414882
0.397134
0.384299
0.368075
0.366731
0.367314
0.361084
0.368478
0.360203
0.36717
0.359388
0.356507
0.352442
0.363524
0.354283
0.345773
0.35741
0.351978
0.346194
0.34999
0.361829
0.35739
0.36546
0.361341
0.374391
0.392553
0.391079
0.402203
0.383499
0.350963
0.383725
0.375296
0.357029
0.360622
0.364157
0.372029
0.383035
0.386761
0.386875
0.381418
0.362492
0.35975
0.352681
0.427815
0.428025
0.437493
0.38429
0.400619
0.401555
0.417904
0.424279
0.433415
0.475813
0.42247
0.401185
0.400337
0.415823
0.424988
0.408884
0.439884
0.437548
0.395981
0.389444
0.371466
0.358033
0.345668
0.348151
0.354762
0.35157
0.353254
0.349724
0.35866
0.367553
0.365869
0.371513
0.376602
0.364082
0.362029
0.363094
0.36836
0.369139
0.370573
0.362067
0.373895
0.379032
0.388021
0.400832
0.398563
0.398365
0.437959
0.44184
0.479751
0.490308
0.502424
0.464728
0.480129
0.475201
0.430342
0.493414
0.43827
0.458058
0.430329
0.508354
0.451951
0.450253
0.429416
0.381104
0.373642
0.383639
0.360968
0.351266
0.37408
0.391241
0.388229
0.369392
0.375084
0.372877
0.367419
0.365073
0.364264
0.350053
0.360795
0.367188
0.381127
0.447895
0.491778
0.448631
0.413354
0.372779
0.379685
0.390726
0.402562
0.407366
0.414592
0.406871
0.384598
0.392945
0.408387
0.50229
0.495812
0.502876
0.543563
0.495806
0.443803
0.501416
0.493777
0.434114
0.395511
0.444774
0.52411
0.570601
0.511182
0.543827
0.53384
0.497346
0.536428
0.513816
0.494503
0.506447
0.504937
0.486268
0.480143
0.549436
0.497882
0.490164
0.479071
0.469923
0.488755
0.528182
0.508111
0.512845
0.517044
0.51716
0.478879
0.527976
0.515675
0.492026
0.491701
0.437679
0.465711
0.456607
0.516237
0.437163
0.440738
0.481382
0.435126
0.445431
0.3969
0.416636
0.434534
0.423934
0.498949
0.502271
0.43708
0.41686
0.480555
0.447955
0.437338
0.49833
0.40434
0.40318
0.426163
0.449244
0.395882
0.44031
0.447971
0.439331
0.424858
0.39544
0.387417
0.378535
0.376488
0.36516
0.35807
0.360406
0.357225
0.354133
0.363439
0.36264
0.382358
0.396149
0.405202
0.401073
0.384236
0.370799
0.368473
0.363717
0.368007
0.360361
0.364887
0.376448
0.401649
0.39239
0.396576
0.423129
0.415281
0.389005
0.387084
0.382915
0.367339
0.378771
0.378499
0.364335
0.352836
0.348159
0.35885
0.374418
0.384812
0.363251
0.351695
0.347146
0.350699
0.355374
0.359193
0.374202
0.386119
0.390866
0.390447
0.417463
0.385302
0.398828
0.404922
0.414684
0.413138
0.395993
0.41868
0.409984
0.397505
0.388983
0.373284
0.400638
0.384617
0.376229
0.36203
0.363595
0.360323
0.353522
0.35145
0.351011
0.356551
0.359348
0.351673
0.338337
0.350923
0.349433
0.355288
0.360658
0.387949
0.386936
0.370092
0.383661
0.377653
0.372903
0.39713
0.407317
0.393208
0.390651
0.350801
0.36689
0.384455
0.379924
0.361924
0.355424
0.352497
0.37069
0.354867
0.350584
0.354957
0.365409
0.386642
0.362326
0.355623
0.373122
0.376328
0.388824
0.42762
0.403988
0.390655
0.392218
0.387248
0.382589
0.382592
0.382441
0.389495
0.398109
0.403231
0.382327
0.397827
0.416116
0.412665
0.420603
0.415634
0.424285
0.425787
0.441233
0.408143
0.460509
0.433131
0.439202
0.474996
0.395194
0.389267
0.414729
0.42501
0.391987
0.455859
0.417213
0.452683
0.472517
0.468743
0.406326
0.474066
0.505768
0.490707
0.481942
0.430454
0.463733
0.476707
0.49368
0.472371
0.513457
0.488095
0.497161
0.412471
0.477084
0.465583
0.406541
0.427385
0.420621
0.385971
0.394351
0.398128
0.448171
0.430306
0.441749
0.462055
0.392524
0.375321
0.370087
0.394928
0.457727
0.435163
0.484272
0.410916
0.417289
0.45292
0.510379
0.468768
0.436932
0.415431
0.381907
0.379712
0.381733
0.388669
0.412823
0.450286
0.42422
0.385714
0.42337
0.430219
0.442558
0.449517
0.446599
0.427607
0.417553
0.429816
0.448091
0.423218
0.423533
0.425391
0.399748
0.41472
0.433629
0.415569
0.433701
0.492456
0.4427
0.502902
0.456082
0.452151
0.488232
0.451228
0.432373
0.412981
0.381743
0.442607
0.462235
0.445712
0.469795
0.487482
0.469988
0.502919
0.502983
0.46508
0.419728
0.438837
0.432189
0.400848
0.448247
0.440092
0.428711
0.440917
0.454121
0.494879
0.487106
0.510981
0.492555
0.401874
0.394678
0.453036
0.437124
0.428098
0.432067
0.405852
0.413822
0.416147
0.374073
0.384469
0.382675
0.369757
0.370822
0.361564
0.401284
0.41936
0.431444
0.411043
0.424056
0.42677
0.440454
0.429796
0.415828
0.401562
0.394383
0.416581
0.384847
0.391382
0.373576
0.37151
0.373959
0.381073
0.384724
0.373493
0.360195
0.350007
0.35783
0.355252
0.356196
0.355732
0.352019
0.362223
0.364726
0.387889
0.380564
0.412388
0.385898
0.374975
0.36307
0.361113
0.366976
0.353559
0.364405
0.379374
0.368377
0.385688
0.36943
0.373441
0.382382
0.372895
0.367635
0.343337
0.349283
0.367394
0.381544
0.382838
0.400378
0.392432
0.385297
0.391015
0.398644
0.398443
0.376998
0.388729
0.397748
0.390111
0.399675
0.406111
0.363302
0.348571
0.377003
0.375655
0.387336
0.380468
0.394375
0.385633
0.39986
0.387492
0.415227
0.458327
0.430442
0.416248
0.432347
0.417623
0.410431
0.404462
0.404169
0.376875
0.360489
0.355571
0.381699
0.50414
0.381918
0.368195
0.409424
0.362653
0.360981
0.368172
0.374379
0.371663
0.365694
0.369933
0.359252
0.378675
0.353184
0.359632
0.359205
0.372792
0.387579
0.39581
0.402069
0.406567
0.381071
0.36466
0.358326
0.373865
0.384786
0.36322
0.373641
0.362926
0.378577
0.397552
0.393858
0.368872
0.389129
0.393413
0.389529
0.379845
0.398085
0.401678
0.445021
0.491819
0.401448
0.41031
0.465321
0.499588
0.462552
0.463172
0.476565
0.478605
0.424473
0.41982
0.41839
0.453633
0.44635
0.421878
0.511621
0.507828
0.478752
0.48243
0.491398
0.49689
0.451863
0.443454
0.508964
0.471988
0.440967
0.389782
0.364662
0.367739
0.461127
0.469818
0.485416
0.459963
0.443826
0.500887
0.469062
0.481273
0.451124
0.39443
0.387592
0.372636
0.374807
0.368667
0.36373
0.359338
0.352332
0.344365
0.348565
0.347902
0.3485
0.360097
0.369251
0.363145
0.372511
0.366269
0.401178
0.41102
0.380472
0.376144
0.377621
0.393979
0.407357
0.420276
0.422892
0.391217
0.367383
0.395587
0.400524
0.394113
0.403882
0.383003
0.380115
0.381728
0.395947
0.406899
0.393044
0.389634
0.404663
0.407646
0.40843
0.400468
0.396329
0.396537
0.392336
0.36851
0.396995
0.375439
0.372552
0.369951
0.380007
0.382437
0.380369
0.363672
0.355676
0.362427
0.353284
0.348844
0.348369
0.343448
0.353873
0.357759
0.348322
0.348333
0.348739
0.374907
0.392687
0.408524
0.387308
0.393327
0.385306
0.385272
0.37509
0.359267
0.354879
0.355697
0.358179
0.350948
0.340578
0.358118
0.394371
0.369332
0.377642
0.367917
0.350328
0.363511
0.361206
0.340384
0.349651
0.356361
0.361596
0.353512
0.372512
0.372223
0.370373
0.363287
0.361733
0.350604
0.344636
0.345566
0.34376
0.347674
0.336885
0.347347
0.356896
0.34891
0.346896
0.345069
0.342135
0.342875
0.353951
0.357433
0.359004
0.357935
0.362298
0.365074
0.366747
0.38009
0.406597
0.37522
0.373145
0.362369
0.35333
0.348237
0.35625
0.351826
0.36351
0.369088
0.382104
0.395403
0.393862
0.384813
0.417238
0.417233
0.412022
0.408371
0.431139
0.395203
0.430433
0.422748
0.402443
0.41554
0.409486
0.417748
0.424743
0.397149
0.379856
0.380248
0.395071
0.37714
0.38445
0.39409
0.408291
0.415042
0.404153
0.385199
0.362655
0.368202
0.37679
0.407238
0.402428
0.396202
0.391048
0.390791
0.407192
0.405487
0.388628
0.37511
0.399688
0.404363
0.389803
0.380764
0.411201
0.430693
0.412365
0.439056
0.460281
0.384875
0.400144
0.424501
0.413531
0.420628
0.439382
0.40732
0.408903
0.398868
0.432425
0.459629
0.425665
0.435614
0.46368
0.459695
0.465711
0.457354
0.451804
0.513648
0.473797
0.430338
0.445115
0.466713
0.471447
0.498048
0.45611
0.455608
0.436497
0.423302
0.438598
0.445349
0.502625
0.501892
0.472222
0.490699
0.439349
0.440944
0.456796
0.426294
0.422558
0.426842
0.430993
0.404556
0.393801
0.469649
0.467721
0.463643
0.468307
0.453997
0.446178
0.451504
0.406643
0.430893
0.421396
0.443888
0.437468
0.432776
0.439644
0.497256
0.474537
0.466469
0.4593
0.470739
0.495811
0.508881
0.497649
0.444507
0.436183
0.507571
0.473493
0.480664
0.447708
0.464795
0.502962
0.559997
0.511787
0.496136
0.462356
0.423385
0.418387
0.410859
0.404861
0.39893
0.407969
0.405787
0.420224
0.417674
0.408701
0.432953
0.443383
0.459459
0.463609
0.43656
0.418748
0.424603
0.452466
0.4632
0.474758
0.47744
0.490264
0.501022
0.507706
0.509521
0.506455
0.581624
0.587261
0.509239
0.423027
0.409241
0.42268
0.416071
0.409558
0.4218
0.416039
0.446494
0.423075
0.414742
0.437026
0.415489
0.410005
0.425118
0.405461
0.373703
0.38277
0.418809
0.394522
0.418237
0.410098
0.433695
0.443344
0.427137
0.417943
0.425073
0.411256
0.405424
0.423139
0.414251
0.396396
0.418755
0.457874
0.416413
0.445275
0.408939
0.447169
0.399915
0.421162
0.414845
0.400412
0.403977
0.443435
0.401809
0.444934
0.417965
0.418613
0.453725
0.433008
0.411491
0.386456
0.392357
0.390457
0.399273
0.373843
0.414536
0.406307
0.390577
0.390001
0.381761
0.379552
0.396942
0.390872
0.361884
0.340128
0.356235
0.411932
0.399896
0.387506
0.387751
0.404688
0.385515
0.372913
0.360177
0.351458
0.359433
0.357625
0.368542
0.379216
0.383413
0.390067
0.372278
0.391814
0.423788
0.432322
0.42363
0.396
0.398608
0.419834
0.36411
0.391966
0.385734
0.405361
0.393602
0.403783
0.401522
0.378031
0.388493
0.411064
0.42536
0.415101
0.422135
0.408248
0.436806
0.433626
0.393762
0.394394
0.409992
0.389352
0.380992
0.374805
0.384514
0.403882
0.402325
0.377785
0.403383
0.403989
0.380357
0.392471
0.42206
0.41913
0.393657
0.390009
0.401474
0.407707
0.431727
0.384365
0.422904
0.429054
0.409161
0.39759
0.436878
0.41231
0.392902
0.358257
0.353958
0.35707
0.358223
0.357678
0.360304
0.34423
0.337915
0.344726
0.344451
0.338865
0.33913
0.338412
0.337402
0.361575
0.342269
0.340995
0.342413
0.350758
0.352059
0.357509
0.36416
0.382991
0.397302
0.358227
0.362712
0.384534
0.37971
0.372063
0.364819
0.352418
0.350393
0.340332
0.351006
0.341335
0.334419
0.337067
0.3387
0.345422
0.350108
0.345842
0.344847
0.334474
0.34559
0.341012
0.34532
0.341376
0.342857
0.348333
0.362562
0.344196
0.349338
0.344193
0.351854
0.347068
0.354135
0.342855
0.347588
0.335061
0.334435
0.329871
0.339208
0.350851
0.341676
0.340856
0.347973
0.339127
0.339754
0.35041
0.345409
0.335835
0.354429
0.367467
0.365062
0.376972
0.378032
0.401259
0.390506
0.389139
0.370438
0.380504
0.37169
0.377764
0.367113
0.388332
0.389047
0.3836
0.360296
0.365377
0.374896
0.401534
0.372728
0.374094
0.381212
0.374629
0.362399
0.369153
0.388232
0.375307
0.381028
0.358803
0.381571
0.385514
0.395244
0.373252
0.357069
0.351352
0.354246
0.343593
0.347108
0.340033
0.348707
0.330549
0.346536
0.340456
0.343963
0.350547
0.350267
0.345412
0.346004
0.345549
0.345434
0.355009
0.349884
0.348355
0.341376
0.344405
0.335984
0.355186
0.336792
0.347013
0.336519
0.3461
0.348968
0.346479
0.349035
0.336505
0.339771
0.343757
0.352432
0.342496
0.349417
0.359945
0.361453
0.362455
0.371045
0.373234
0.362801
0.35381
0.357278
0.351679
0.358232
0.366491
0.367892
0.366698
0.360349
0.366967
0.388126
0.401014
0.403483
0.403558
0.444172
0.416542
0.378071
0.383391
0.380526
0.37562
0.391128
0.401092
0.393394
0.409546
0.414245
0.441629
0.462327
0.441818
0.420044
0.422714
0.43914
0.428854
0.447176
0.38521
0.441555
0.415446
0.399833
0.376133
0.361884
0.368664
0.373034
0.378332
0.389775
0.401304
0.387706
0.370583
0.361198
0.352032
0.355164
0.361304
0.365994
0.357144
0.357303
0.360131
0.364174
0.389109
0.390471
0.413249
0.398951
0.391911
0.378399
0.369181
0.376972
0.369607
0.373216
0.38548
0.381513
0.38857
0.407648
0.406637
0.426758
0.436367
0.461216
0.484055
0.439192
0.442838
0.476129
0.48266
0.476887
0.469835
0.450979
0.506768
0.538899
0.499572
0.493991
0.550671
0.475599
0.402283
0.417104
0.4161
0.363666
0.366838
0.433308
0.431902
0.437606
0.436083
0.433341
0.395452
0.37419
0.386199
0.43213
0.460682
0.478662
0.465573
0.470355
0.409743
0.490048
0.492192
0.403346
0.393312
0.390603
0.380615
0.369491
0.369379
0.368412
0.344895
0.359881
0.346116
0.349963
0.340031
0.342444
0.350661
0.356104
0.355576
0.363587
0.355621
0.354702
0.36549
0.373394
0.376188
0.383069
0.371302
0.393908
0.413394
0.393192
0.382254
0.401979
0.39443
0.380984
0.375702
0.378346
0.373075
0.387802
0.406086
0.421198
0.416509
0.442118
0.405858
0.412611
0.424579
0.371006
0.394268
0.376743
0.41203
0.398862
0.377681
0.368629
0.378365
0.372533
0.377177
0.373379
0.377012
0.383816
0.404303
0.383442
0.374114
0.364494
0.35531
0.343814
0.347113
0.336243
0.351685
0.351488
0.34627
0.343059
0.351693
0.341437
0.341816
0.34196
0.341354
0.354381
0.346401
0.348513
0.366879
0.382213
0.384699
0.38105
0.377097
0.370847
0.350864
0.342413
0.354865
0.337456
0.345402
0.355846
0.365852
0.354393
0.34828
0.355008
0.356119
0.358908
0.387345
0.404836
0.415037
0.443592
0.402447
0.377597
0.415129
0.406564
0.400346
0.401038
0.406457
0.410135
0.395599
0.379469
0.401352
0.395527
0.393973
0.381047
0.395394
0.404244
0.410723
0.433975
0.413288
0.411306
0.402601
0.408635
0.405773
0.401854
0.398785
0.412982
0.389124
0.384109
0.393722
0.395871
0.403598
0.381266
0.413843
0.391745
0.397435
0.396567
0.390564
0.372784
0.38583
0.384864
0.383102
0.399001
0.419785
0.422634
0.395916
0.385342
0.374162
0.37154
0.364722
0.388859
0.40346
0.423482
0.401999
0.41656
0.42493
0.481665
0.446023
0.447079
0.375955
0.410483
0.426888
0.399175
0.370246
0.35831
0.376388
0.42631
0.443997
0.388494
0.381308
0.421434
0.47402
0.479801
0.425541
0.457691
0.444228
0.45183
0.414316
0.397719
0.442963
0.386451
0.423488
0.388688
0.415723
0.406804
0.418109
0.462522
0.462219
0.446277
0.42398
0.466613
0.436199
0.452169
0.487037
0.430104
0.458494
0.452825
0.461407
0.393425
0.44762
0.445801
0.467011
0.482331
0.488632
0.463251
0.43074
0.4602
0.442897
0.411343
0.405186
0.379372
0.383369
0.384637
0.38434
0.373992
0.376376
0.377487
0.360191
0.381582
0.404212
0.413613
0.39356
0.374202
0.359227
0.352015
0.362312
0.356316
0.345108
0.347437
0.356357
0.361829
0.352986
0.363366
0.35948
0.363775
0.378259
0.383804
0.366962
0.358556
0.354454
0.360745
0.367296
0.374758
0.3783
0.405977
0.38881
0.426909
0.398222
0.375249
0.433278
0.445299
0.439152
0.413307
0.431865
0.447611
0.470009
0.426891
0.453138
0.475898
0.397406
0.416391
0.436528
0.481633
0.467318
0.510366
0.444029
0.388831
0.462878
0.495722
0.410693
0.464956
0.471337
0.435418
0.465958
0.478051
0.450885
0.454227
0.432412
0.436937
0.425208
0.436796
0.422195
0.416096
0.421194
0.412407
0.407918
0.411522
0.449042
0.480784
0.459268
0.540903
0.438373
0.491065
0.492504
0.535839
0.453426
0.472004
0.488135
0.448955
0.473243
0.464834
0.493282
0.458898
0.528285
0.465907
0.490924
0.481105
0.532484
0.523728
0.550523
0.568363
0.566437
0.574282
0.57576
0.483964
0.405615
0.413055
0.417807
0.415835
0.434199
0.42269
0.396984
0.431081
0.416789
0.453182
0.440895
0.437835
0.435815
0.406766
0.391911
0.386761
0.387023
0.400845
0.415945
0.434141
0.400848
0.46057
0.424798
0.409461
0.404427
0.409101
0.416503
0.405477
0.410677
0.427646
0.45173
0.425788
0.434197
0.441676
0.453561
0.434048
0.418623
0.420241
0.437915
0.426009
0.419921
0.432256
0.487661
0.444967
0.416126
0.418101
0.444481
0.409565
0.391437
0.405636
0.408504
0.419694
0.408764
0.404941
0.445537
0.397103
0.400162
0.372286
0.355888
0.373467
0.366354
0.360897
0.374208
0.37973
0.381866
0.36626
0.363977
0.378762
0.392132
0.372549
0.419066
0.393305
0.386543
0.406403
0.39585
0.414828
0.480099
0.491134
0.461927
0.469105
0.446972
0.474907
0.479481
0.476329
0.415052
0.432022
0.40799
0.421729
0.435932
0.460099
0.428778
0.403785
0.412163
0.421247
0.443286
0.438392
0.430203
0.413802
0.378641
0.378034
0.362144
0.355018
0.364007
0.388093
0.39455
0.403007
0.382338
0.398127
0.380575
0.394634
0.381094
0.362899
0.377957
0.378745
0.411193
0.398183
0.416857
0.410962
0.436301
0.380186
0.415384
0.442639
0.411092
0.396347
0.413211
0.389087
0.39028
0.369561
0.376573
0.357855
0.35874
0.371673
0.388779
0.404605
0.406328
0.40083
0.388465
0.36969
0.369276
0.382767
0.368513
0.443938
0.429431
0.40425
0.402206
0.440103
0.389889
0.396626
0.429108
0.429218
0.407319
0.410024
0.408317
0.399164
0.420384
0.41876
0.404837
0.400779
0.392525
0.383156
0.440895
0.426645
0.445007
0.434953
0.445128
0.396315
0.444651
0.434731
0.418204
0.4693
0.477713
0.469207
0.444938
0.397013
0.491517
0.457629
0.464621
0.486775
0.472173
0.38808
0.39311
0.443158
0.417449
0.45857
0.477416
0.423773
0.419603
0.456232
0.461897
0.472323
0.492672
0.473644
0.415025
0.388268
0.435371
0.413976
0.420021
0.386635
0.459505
0.419572
0.426423
0.395901
0.446331
0.423466
0.503611
0.503326
0.515037
0.473207
0.508681
0.493747
0.462281
0.505307
0.398561
0.457832
0.383273
0.36898
0.448182
0.373889
0.500159
0.541485
0.483061
0.466236
0.443046
0.495573
0.464771
0.421663
0.414031
0.426378
0.426323
0.434146
0.442905
0.45763
0.433392
0.386821
0.400378
0.430946
0.420971
0.481745
0.444399
0.446786
0.441199
0.411909
0.41712
0.393933
0.409104
0.452702
0.462876
0.432855
0.452823
0.395322
0.45937
0.414991
0.396632
0.386535
0.387376
0.380523
0.378256
0.408676
0.430321
0.475107
0.447214
0.465101
0.468076
0.453055
0.471256
0.480867
0.480998
0.458397
0.442888
0.480924
0.432971
0.399181
0.408677
0.435381
0.436709
0.44927
0.44639
0.433634
0.455605
0.419273
0.398131
0.387976
0.384996
0.386446
0.39774
0.374778
0.38223
0.379233
0.373914
0.39735
0.427784
0.388962
0.392518
0.381748
0.36916
0.374862
0.399336
0.417468
0.440374
0.442079
0.449046
0.431072
0.429195
0.395594
0.43086
0.467179
0.412787
0.449245
0.477501
0.47103
0.464849
0.414971
0.537585
0.560705
0.623768
0.588523
0.619367
0.581474
0.538804
0.57643
0.550909
0.534251
0.533538
0.557596
0.459581
0.498738
0.463854
0.481533
0.539616
0.531257
0.510491
0.471829
0.453999
0.441893
0.435488
0.410527
0.41403
0.404376
0.414968
0.415104
0.420912
0.40655
0.403291
0.418174
0.448867
0.476482
0.472478
0.433025
0.421754
0.41136
0.443516
0.426853
0.47184
0.478012
0.503314
0.501671
0.469008
0.458928
0.466477
0.475265
0.441549
0.43469
0.419008
0.414642
0.415805
0.406992
0.456749
0.438879
0.478635
0.46007
0.451125
0.473347
0.467435
0.483005
0.477856
0.428755
0.42199
0.459054
0.443203
0.416525
0.421467
0.482579
0.444998
0.434191
0.45753
0.435068
0.448277
0.447822
0.435394
0.427967
0.409428
0.436819
0.443839
0.448607
0.436488
0.439008
0.455912
0.434512
0.427335
0.435333
0.470056
0.459178
0.438185
0.432344
0.4431
0.425342
0.452997
0.440309
0.413271
0.41093
0.426363
0.403695
0.406781
0.430265
0.457109
0.471559
0.480126
0.49303
0.465177
0.495089
0.493907
0.510228
0.500421
0.462563
0.496378
0.521354
0.481124
0.50199
0.508441
0.533001
0.485304
0.430919
0.41584
0.405489
0.401234
0.424449
0.419784
0.440823
0.423693
0.416243
0.429063
0.402768
0.417294
0.380662
0.440024
0.442863
0.375613
0.382136
0.413948
0.454351
0.426717
0.424536
0.440946
0.427181
0.473309
0.503121
0.470612
0.458293
0.463233
0.464245
0.451025
0.435234
0.409326
0.401257
0.393674
0.387577
0.39819
0.403288
0.417533
0.384683
0.406426
0.391112
0.428644
0.459671
0.420043
0.427267
0.448813
0.441444
0.419212
0.435027
0.425881
0.448179
0.455823
0.490898
0.47308
0.492383
0.522071
0.503793
0.427474
0.460693
0.428411
0.383245
0.377862
0.369018
0.3659
0.374903
0.366544
0.362393
0.359057
0.359231
0.359705
0.358664
0.378553
0.365747
0.369265
0.366038
0.368582
0.359161
0.354169
0.367552
0.360943
0.37152
0.366503
0.377586
0.396102
0.394445
0.416478
0.432533
0.442346
0.489706
0.462833
0.489243
0.503845
0.499616
0.494166
0.508759
0.467721
0.47517
0.465478
0.448703
0.438789
0.411389
0.469269
0.460231
0.487114
0.510698
0.426929
0.391477
0.455509
0.430335
0.452217
0.395378
0.373385
0.423599
0.462888
0.432266
0.406282
0.41002
0.391426
0.46175
0.446124
0.441751
0.493301
0.447727
0.421267
0.369487
0.365735
0.36654
0.362864
0.378825
0.407646
0.410115
0.431831
0.432064
0.419894
0.428452
0.425005
0.43414
0.440552
0.426057
0.410639
0.40955
0.41554
0.425774
0.405263
0.47097
0.469044
0.506163
0.450332
0.41296
0.419149
0.425777
0.410724
0.417644
0.427162
0.441202
0.498825
0.494762
0.490773
0.478707
0.515819
0.561402
0.568997
0.504299
0.484918
0.482474
0.496252
0.48924
0.481781
0.494157
0.534587
0.522463
0.525258
0.599351
0.579363
0.596095
0.555623
0.514297
0.546071
0.495989
0.532663
0.465186
0.504314
0.545023
0.508032
0.529071
0.513696
0.45316
0.479862
0.504736
0.463509
0.40768
0.500324
0.524551
0.451177
0.481074
0.514335
0.519042
0.453002
0.449916
0.455347
0.464117
0.457
0.488415
0.441016
0.483546
0.544017
0.505368
0.491859
0.513503
0.469446
0.438383
0.465769
0.492143
0.42705
0.447843
0.478677
0.450093
0.408454
0.443478
0.41691
0.4352
0.431043
0.427017
0.394537
0.398046
0.407401
0.433438
0.40191
0.395177
0.39758
0.413926
0.408369
0.412301
0.400849
0.399538
0.418361
0.442275
0.441868
0.423704
0.453336
0.442711
0.460975
0.509006
0.486293
0.534733
0.520082
0.524186
0.493914
0.422876
0.487512
0.501551
0.483447
0.450038
0.429302
0.413535
0.472404
0.409226
0.461354
0.532459
0.422876
0.433092
0.379676
0.400857
0.46509
0.485564
0.451324
0.413284
0.492689
0.482834
0.499814
0.472262
0.455772
0.410476
0.391435
0.419167
0.443963
0.449233
0.403181
0.436709
0.471235
0.440045
0.457605
0.44134
0.392248
0.450983
0.45224
0.447612
0.43331
0.43624
0.426577
0.494357
0.468515
0.447104
0.410875
0.412561
0.46129
0.448425
0.475693
0.486079
0.464339
0.40768
0.432336
0.441891
0.454267
0.497443
0.528552
0.470282
0.495282
0.450823
0.496143
0.495105
0.490595
0.47112
0.398058
0.398569
0.429133
0.514573
0.513222
0.510683
0.462051
0.499829
0.484864
0.455062
0.478364
0.492477
0.515145
0.499568
0.458633
0.506314
0.521511
0.492814
0.472888
0.494506
0.421157
0.414372
0.435827
0.465474
0.420759
0.417495
0.498231
0.48086
0.386157
0.481173
0.472418
0.467986
0.47464
0.466377
0.502432
0.526202
0.493571
0.504355
0.446791
0.425254
0.42549
0.419647
0.379295
0.376253
0.37445
0.363232
0.355613
0.350697
0.355111
0.366842
0.364603
0.374942
0.370053
0.390714
0.375859
0.425961
0.398716
0.395624
0.402553
0.395898
0.454051
0.437158
0.453705
0.472616
0.466478
0.466663
0.475081
0.438817
0.408387
0.409346
0.443748
0.405311
0.412299
0.452168
0.410453
0.417679
0.366785
0.408737
0.463196
0.362507
0.405424
0.42203
0.454751
0.439393
0.367426
0.421087
0.481831
0.491089
0.445717
0.452526
0.43831
0.438073
0.4582
0.459282
0.401378
0.373183
0.413195
0.431875
0.464276
0.457303
0.43399
0.444846
0.427812
0.455984
0.452776
0.417614
0.380667
0.357598
0.403394
0.387104
0.378093
0.378997
0.368003
0.367864
0.374046
0.377638
0.372337
0.385047
0.424829
0.458188
0.472348
0.459572
0.461954
0.507344
0.503799
0.485707
0.502528
0.518012
0.493632
0.54005
0.500982
0.502077
0.537573
0.517299
0.492231
0.511493
0.497251
0.485792
0.532175
0.49527
0.498616
0.491216
0.537571
0.47778
0.51903
0.557826
0.541161
0.519119
0.52381
0.485864
0.523747
0.592236
0.585761
0.560509
0.575113
0.541231
0.519609
0.537979
0.414089
0.433362
0.423298
0.404583
0.367879
0.36225
0.357206
0.373327
0.380657
0.3898
0.409389
0.415353
0.419812
0.425999
0.401766
0.380375
0.370352
0.374133
0.383227
0.391636
0.393933
0.402485
0.405787
0.389919
0.407013
0.393232
0.425518
0.440274
0.416951
0.394251
0.389304
0.426941
0.4403
0.4417
0.395114
0.404384
0.426773
0.424181
0.444368
0.429492
0.422117
0.403439
0.404403
0.400611
0.445098
0.455866
0.46263
0.410267
0.433967
0.42932
0.463276
0.43594
0.423463
0.423298
0.396543
0.41207
0.373679
0.401642
0.424812
0.399479
0.445273
0.410715
0.393487
0.385815
0.471801
0.437051
0.429529
0.420861
0.409252
0.417311
0.410955
0.403803
0.383157
0.388894
0.396691
0.378936
0.400769
0.421763
0.401239
0.380752
0.371332
0.376686
0.371783
0.372489
0.36913
0.355729
0.348527
0.348363
0.340702
0.349003
0.347684
0.34412
0.348101
0.364095
0.363559
0.368324
0.389463
0.39732
0.419572
0.397369
0.386055
0.385899
0.346776
0.352052
0.356414
0.363211
0.34848
0.366646
0.376511
0.381979
0.403724
0.410114
0.398707
0.411682
0.425555
0.428982
0.415854
0.370479
0.477547
0.489543
0.419563
0.381386
0.368963
0.374777
0.36924
0.357586
0.368036
0.373019
0.372134
0.364875
0.353632
0.352562
0.361038
0.347168
0.369564
0.378689
0.377979
0.377602
0.383182
0.365504
0.354752
0.358226
0.371979
0.355463
0.357661
0.361731
0.377477
0.424346
0.404756
0.408222
0.434948
0.434234
0.434538
0.457805
0.463051
0.420463
0.413646
0.439875
0.447571
0.419329
0.464178
0.45368
0.500426
0.496351
0.374374
0.428272
0.445418
0.441537
0.43108
0.432579
0.432012
0.417874
0.41109
0.404177
0.388435
0.37776
0.378365
0.377786
0.367952
0.36339
0.363363
0.365303
0.385791
0.389755
0.374846
0.377174
0.390179
0.384043
0.379268
0.383663
0.385246
0.396483
0.397729
0.357408
0.417815
0.426129
0.432832
0.428354
0.435347
0.438587
0.422943
0.4438
0.437746
0.415752
0.427669
0.410983
0.366262
0.358449
0.351703
0.360108
0.382389
0.397805
0.41552
0.38405
0.387859
0.429982
0.397931
0.433692
0.418065
0.386181
0.387151
0.387675
0.371723
0.36482
0.347274
0.348026
0.340426
0.350666
0.349116
0.349551
0.340435
0.342784
0.338817
0.348622
0.360297
0.354911
0.340262
0.347642
0.365661
0.360725
0.342508
0.35226
0.359569
0.372024
0.381627
0.403408
0.38798
0.380655
0.366508
0.351033
0.348643
0.350813
0.349274
0.362712
0.377945
0.376377
0.3576
0.360872
0.381718
0.41971
0.425909
0.453895
0.374697
0.399936
0.453636
0.418451
0.409131
0.401607
0.422084
0.459028
0.448115
0.465003
0.423802
0.411739
0.394084
0.422264
0.430253
0.47935
0.482756
0.430226
0.495485
0.524894
0.518025
0.458107
0.48142
0.600624
0.591931
0.613
0.586781
0.571646
0.584607
0.583471
0.537338
0.528109
0.530323
0.547877
0.581692
0.5443
0.548856
0.549663
0.535222
0.536677
0.542788
0.507084
0.531774
0.497221
0.515899
0.492123
0.474362
0.454834
0.511079
0.525348
0.538081
0.517797
0.520627
0.465672
0.463433
0.426708
0.435394
0.492273
0.51359
0.534462
0.520421
0.525593
0.521133
0.515855
0.43578
0.450985
0.430665
0.487072
0.5378
0.536421
0.460612
0.488298
0.53986
0.518473
0.511776
0.436218
0.479068
0.518111
0.46336
0.448697
0.512741
0.510253
0.492637
0.512414
0.53922
0.517519
0.524835
0.536603
0.551188
0.546582
0.548221
0.526169
0.521779
0.487787
0.415742
0.408706
0.404752
0.403504
0.401413
0.398524
0.427793
0.409354
0.4001
0.413134
0.42266
0.416895
0.416165
0.414638
0.407266
0.414699
0.372118
0.40155
0.41816
0.423627
0.435201
0.41196
0.466788
0.443667
0.500198
0.50365
0.439121
0.460067
0.464794
0.444828
0.423144
0.453627
0.434193
0.413316
0.440682
0.42694
0.456071
0.460034
0.518273
0.50591
0.500949
0.43831
0.442283
0.461787
0.426464
0.503194
0.490416
0.506223
0.535957
0.502249
0.47087
0.414428
0.413553
0.448342
0.413491
0.417339
0.487077
0.53111
0.513839
0.524991
0.501535
0.513762
0.429254
0.47003
0.461491
0.513449
0.522264
0.454769
0.504643
0.464254
0.485804
0.531184
0.540266
0.440778
0.432679
0.422962
0.472844
0.506598
0.40197
0.402391
0.426328
0.509848
0.531317
0.536098
0.5187
0.525905
0.4578
0.489261
0.51153
0.486316
0.507436
0.519028
0.511382
0.461597
0.494176
0.535923
0.523943
0.536865
0.50189
0.532853
0.535865
0.490018
0.547372
0.519468
0.493821
0.483824
0.470321
0.442474
0.418458
0.444517
0.447378
0.452461
0.451366
0.43765
0.465756
0.502894
0.517272
0.492106
0.459836
0.500555
0.550332
0.545181
0.457476
0.486029
0.430918
0.439211
0.436411
0.4531
0.434644
0.445958
0.470502
0.479768
0.522979
0.422964
0.46679
0.48749
0.46859
0.450141
0.431648
0.454594
0.457353
0.447393
0.445761
0.461464
0.489096
0.443636
0.465677
0.466357
0.474526
0.409014
0.445881
0.452536
0.428865
0.430943
0.439158
0.422735
0.386558
0.383449
0.398391
0.369342
0.363961
0.366526
0.378214
0.372917
0.37726
0.379242
0.396845
0.391691
0.400731
0.394521
0.377545
0.405015
0.400813
0.417938
0.387827
0.380863
0.378701
0.386103
0.404351
0.381068
0.380733
0.3946
0.392039
0.408803
0.383606
0.400873
0.376486
0.365469
0.366865
0.384345
0.380382
0.384996
0.390592
0.388139
0.413044
0.405832
0.413217
0.395507
0.394444
0.429286
0.4909
0.453547
0.417337
0.422497
0.424462
0.415786
0.43169
0.446286
0.443415
0.406836
0.432397
0.400152
0.434575
0.419156
0.410255
0.424085
0.400458
0.391564
0.422161
0.429685
0.438017
0.464887
0.436883
0.439806
0.445701
0.416247
0.466656
0.475214
0.47073
0.481183
0.437987
0.425764
0.395916
0.435346
0.474001
0.49218
0.466396
0.501374
0.487798
0.494038
0.472619
0.459058
0.490964
0.44509
0.443385
0.45166
0.461666
0.445574
0.462226
0.459158
0.448014
0.49561
0.504208
0.483068
0.444069
0.49339
0.471728
0.454534
0.452011
0.477205
0.449433
0.460736
0.448933
0.411352
0.399923
0.392781
0.393015
0.413013
0.447277
0.453509
0.429546
0.44248
0.424246
0.429399
0.423105
0.407585
0.4246
0.429353
0.451932
0.462924
0.459904
0.471182
0.472539
0.465131
0.457931
0.405311
0.460012
0.412205
0.502612
0.491759
0.455895
0.459338
0.440233
0.460491
0.451678
0.478555
0.467591
0.474184
0.49061
0.488987
0.43636
0.466864
0.467116
0.462237
0.507066
0.503251
0.47638
0.467819
0.456965
0.479077
0.470806
0.446375
0.42907
0.401129
0.400672
0.404514
0.422911
0.434596
0.439722
0.414563
0.392893
0.400426
0.383042
0.37648
0.371949
0.382366
0.395743
0.414847
0.445955
0.480612
0.47536
0.485516
0.503275
0.496595
0.473743
0.447071
0.466315
0.483845
0.443461
0.46285
0.46753
0.440793
0.428838
0.436056
0.423603
0.422007
0.462961
0.491731
0.503862
0.54735
0.526876
0.588765
0.579262
0.550354
0.561931
0.599234
0.570639
0.557134
0.525099
0.39415
0.391523
0.375427
0.39671
0.434038
0.359206
0.365098
0.371624
0.376888
0.382548
0.373174
0.362108
0.361758
0.348423
0.35481
0.354627
0.372259
0.411172
0.399728
0.381921
0.360515
0.350587
0.355321
0.35412
0.34417
0.352711
0.343902
0.35197
0.34584
0.355356
0.360095
0.350152
0.342869
0.341742
0.353619
0.350355
0.345359
0.353943
0.348407
0.338964
0.344769
0.350233
0.37487
0.344106
0.344465
0.353853
0.360844
0.360051
0.375515
0.393427
0.403819
0.3943
0.381315
0.379658
0.375534
0.357471
0.36295
0.362186
0.36275
0.363919
0.378148
0.38831
0.402078
0.399208
0.389506
0.375244
0.36856
0.368152
0.360944
0.385581
0.420149
0.445768
0.434211
0.448849
0.433165
0.460247
0.403712
0.451103
0.440534
0.432134
0.42519
0.428852
0.442161
0.440623
0.440768
0.417856
0.403832
0.406746
0.417682
0.459251
0.459628
0.469298
0.444718
0.415623
0.403531
0.438202
0.426585
0.408548
0.420202
0.434329
0.457544
0.411861
0.424974
0.435906
0.434248
0.402452
0.401892
0.416632
0.434378
0.457317
0.484543
0.500904
0.490874
0.497991
0.497178
0.491837
0.521405
0.532789
0.502368
0.497311
0.570832
0.519336
0.502044
0.536141
0.505854
0.557357
0.460002
0.547749
0.508913
0.449489
0.421069
0.41065
0.390919
0.475866
0.45336
0.458043
0.500935
0.460361
0.501784
0.478502
0.472976
0.535799
0.541758
0.563887
0.501191
0.510024
0.479098
0.497161
0.493778
0.528922
0.481333
0.441836
0.439446
0.472467
0.461025
0.537817
0.496211
0.511227
0.489976
0.498089
0.479813
0.469753
0.483623
0.484889
0.430413
0.453993
0.438899
0.447789
0.474538
0.455999
0.453206
0.461059
0.496494
0.448452
0.418938
0.379636
0.419024
0.457298
0.494872
0.480262
0.491999
0.406494
0.504506
0.505808
0.478152
0.476914
0.463265
0.469793
0.458955
0.445575
0.443671
0.461975
0.451686
0.427376
0.43592
0.442954
0.42816
0.403694
0.406595
0.418339
0.454548
0.486793
0.485
0.397092
0.455903
0.510811
0.482587
0.490586
0.533993
0.552201
0.541374
0.527249
0.525763
0.462488
0.504242
0.50331
0.527599
0.550997
0.417143
0.446124
0.448259
0.448627
0.433846
0.476435
0.521413
0.476649
0.494604
0.513493
0.522298
0.50292
0.508957
0.537107
0.449957
0.486551
0.50009
0.517485
0.524182
0.517248
0.493405
0.477379
0.441461
0.543349
0.519579
0.541968
0.523133
0.484888
0.500622
0.466402
0.444248
0.445315
0.48529
0.549664
0.512474
0.499477
0.492966
0.514483
0.529877
0.551097
0.570502
0.518831
0.507386
0.46562
0.494371
0.463866
0.458082
0.41522
0.418873
0.435247
0.444876
0.385349
0.374323
0.37455
0.373852
0.370855
0.381222
0.377367
0.382186
0.399023
0.388603
0.402302
0.417616
0.412104
0.391286
0.385754
0.396049
0.383235
0.389394
0.400989
0.394897
0.437667
0.449433
0.473435
0.459783
0.402489
0.392673
0.385849
0.395413
0.389654
0.398165
0.382362
0.38974
0.390603
0.407248
0.418973
0.403138
0.411089
0.414517
0.401781
0.376455
0.373746
0.383712
0.37889
0.400454
0.398335
0.401604
0.396942
0.396433
0.435238
0.417123
0.406765
0.422745
0.43029
0.412124
0.409792
0.408097
0.440974
0.433953
0.427903
0.430601
0.425001
0.416494
0.399505
0.384504
0.379807
0.369253
0.355545
0.38717
0.411821
0.398577
0.378391
0.367464
0.371518
0.397476
0.397165
0.440013
0.426073
0.424442
0.416526
0.383107
0.412073
0.379503
0.372847
0.358639
0.376378
0.362996
0.356058
0.358616
0.363587
0.364209
0.37166
0.361448
0.361021
0.375855
0.355016
0.356288
0.366812
0.362159
0.362563
0.384265
0.387621
0.399218
0.403428
0.393509
0.385953
0.3619
0.359338
0.361899
0.344287
0.359986
0.366604
0.352907
0.36252
0.351867
0.358981
0.360381
0.363763
0.364209
0.373982
0.369798
0.367563
0.364363
0.350513
0.359125
0.372279
0.385155
0.386653
0.399946
0.381243
0.394631
0.392542
0.393175
0.407185
0.414512
0.447055
0.46335
0.489953
0.505504
0.460813
0.415053
0.421899
0.422963
0.429261
0.382263
0.396166
0.391471
0.383936
0.381711
0.369159
0.383119
0.402049
0.393497
0.399582
0.40707
0.430074
0.396019
0.393816
0.383793
0.399669
0.387446
0.39753
0.428403
0.412426
0.437642
0.461226
0.453322
0.403899
0.444472
0.459984
0.475944
0.501544
0.497743
0.432394
0.403145
0.406542
0.400726
0.400685
0.399447
0.39737
0.397827
0.39091
0.407629
0.409584
0.420108
0.437696
0.446786
0.466846
0.452946
0.407124
0.429514
0.417128
0.428635
0.416081
0.400146
0.406415
0.389299
0.389302
0.387365
0.384977
0.414856
0.388863
0.379408
0.379251
0.390124
0.449923
0.374465
0.369774
0.386606
0.385408
0.397144
0.397676
0.402521
0.396034
0.383537
0.382926
0.383312
0.447762
0.403131
0.381581
0.380647
0.379049
0.383134
0.368479
0.379119
0.389144
0.386549
0.409336
0.442353
0.470486
0.485857
0.446862
0.3882
0.406543
0.423286
0.422244
0.391523
0.445395
0.452885
0.451791
0.439683
0.456787
0.409307
0.399144
0.422662
0.382674
0.380242
0.401259
0.39638
0.417423
0.407037
0.39141
0.382359
0.387669
0.396425
0.387729
0.384653
0.380691
0.386857
0.397554
0.398249
0.3886
0.399093
0.382468
0.369286
0.371561
0.364032
0.36729
0.365186
0.367216
0.378482
0.369664
0.371431
0.375645
0.370367
0.352515
0.367298
0.362578
0.354457
0.359716
0.365538
0.360378
0.362169
0.365884
0.355767
0.361428
0.35228
0.364597
0.374373
0.365225
0.36731
0.37232
0.375374
0.366831
0.354219
0.356069
0.354157
0.365722
0.359087
0.362014
0.359489
0.356785
0.358923
0.354627
0.353674
0.356361
0.357894
0.358898
0.354294
0.368347
0.356924
0.362735
0.360674
0.364013
0.357444
0.362654
0.357971
0.373758
0.355674
0.369747
0.358667
0.350426
0.368553
0.352387
0.359806
0.359884
0.364816
0.363184
0.374276
0.381957
0.355452
0.376125
0.377106
0.389652
0.367418
0.366727
0.369056
0.363733
0.357266
0.360828
0.35139
0.366144
0.376649
0.400509
0.403732
0.412769
0.425015
0.414654
0.399746
0.38175
0.417929
0.398623
0.39689
0.413572
0.400046
0.401395
0.418197
0.421092
0.405496
0.384386
0.378564
0.382144
0.356623
0.373694
0.37858
0.380117
0.370277
0.384889
0.380877
0.405882
0.457623
0.417037
0.409756
0.378133
0.355995
0.37268
0.382177
0.39289
0.402489
0.41266
0.391327
0.402155
0.394882
0.393331
0.391076
0.378832
0.395378
0.392433
0.381733
0.398304
0.393486
0.370442
0.368847
0.368716
0.378253
0.357189
0.356034
0.358802
0.376464
0.393867
0.446731
0.395064
0.368531
0.358669
0.370603
0.365593
0.378102
0.381519
0.370353
0.398691
0.406836
0.408968
0.431868
0.425573
0.451921
0.457067
0.428352
0.407738
0.403563
0.41349
0.385458
0.367431
0.361501
0.361416
0.368646
0.367686
0.371991
0.379234
0.390607
0.387152
0.436319
0.392987
0.386122
0.367623
0.362472
0.363265
0.368964
0.370031
0.356992
0.363133
0.355396
0.36257
0.35673
0.358967
0.355487
0.348758
0.353953
0.359738
0.378913
0.385165
0.39222
0.385295
0.462288
0.479272
0.425805
0.408078
0.386864
0.397072
0.392742
0.387338
0.395507
0.389501
0.381551
0.399979
0.409128
0.415702
0.428004
0.395619
0.39889
0.397079
0.409163
0.416766
0.426875
0.413738
0.41161
0.419928
0.418092
0.405067
0.404801
0.423389
0.395027
0.40747
0.398816
0.389684
0.382076
0.370977
0.385647
0.391874
0.391909
0.378823
0.396717
0.401911
0.392404
0.401451
0.389832
0.397194
0.380394
0.379022
0.381418
0.390504
0.373833
0.365592
0.371429
0.366862
0.385687
0.371133
0.35874
0.364872
0.366049
0.364779
0.374781
0.37356
0.379897
0.384532
0.391776
0.367227
0.366436
0.363704
0.375737
0.367577
0.382669
0.385736
0.3913
0.386965
0.385952
0.397946
0.401272
0.453353
0.433852
0.42407
0.449821
0.424506
0.443665
0.40806
0.4064
0.433284
0.407912
0.387209
0.389054
0.463463
0.477554
0.465108
0.560385
0.559985
0.503655
0.548898
0.478013
0.40213
0.388598
0.392491
0.396363
0.506847
0.466366
0.49185
0.466171
0.427177
0.366908
0.359016
0.358115
0.354903
0.360599
0.362874
0.361722
0.356337
0.361348
0.422073
0.365448
0.410173
0.436919
0.40875
0.406186
0.393019
0.387897
0.426441
0.415001
0.400571
0.451974
0.423143
0.392204
0.419638
0.424345
0.389201
0.412334
0.412828
0.433939
0.379748
0.389006
0.374862
0.390939
0.398093
0.386464
0.389739
0.389594
0.377213
0.387257
0.408182
0.383202
0.379572
0.379413
0.368809
0.373524
0.388381
0.379555
0.410686
0.381822
0.378567
0.409919
0.38325
0.382172
0.406465
0.381286
0.379306
0.378627
0.418463
0.377097
0.397482
0.399649
0.381788
0.403362
0.407371
0.401533
0.40333
0.388907
0.411031
0.375164
0.385083
0.378411
0.373912
0.425076
0.411163
0.377495
0.409612
0.421147
0.370992
0.37949
0.386626
0.401633
