0.500883
0.551205
0.574357
0.587508
0.577973
0.543442
0.477216
0.471459
0.456487
0.515729
0.549214
0.464639
0.490674
0.451288
0.446852
0.462722
0.511572
0.473096
0.466461
0.501628
0.506534
0.517716
0.449348
0.455478
0.431101
0.447842
0.491869
0.489067
0.499908
0.49073
0.504379
0.500789
0.489291
0.507071
0.467784
0.463481
0.485463
0.423036
0.500982
0.490456
0.492381
0.473115
0.471503
0.474536
0.457583
0.479955
0.476701
0.484693
0.478391
0.495625
0.484232
0.449888
0.466749
0.457765
0.47782
0.480667
0.491256
0.453863
0.484737
0.475893
0.468485
0.46649
0.452065
0.439596
0.451963
0.414765
0.431685
0.491055
0.49157
0.465301
0.484502
0.449594
0.450664
0.443563
0.460504
0.433029
0.448761
0.489411
0.437481
0.405332
0.456909
0.488785
0.468132
0.469657
0.436947
0.441153
0.434563
0.470357
0.427519
0.48298
0.41529
0.424337
0.381131
0.3712
0.417453
0.383627
0.414089
0.414176
0.413321
0.441213
0.493532
0.444871
0.503524
0.468348
0.414662
0.39435
0.409295
0.405676
0.405224
0.408226
0.410761
0.425405
0.404208
0.379256
0.381931
0.400261
0.40616
0.423852
0.387491
0.403234
0.400712
0.409064
0.402809
0.416559
0.376648
0.380943
0.374693
0.398402
0.417482
0.398147
0.373842
0.368252
0.353813
0.377581
0.378431
0.364916
0.350129
0.345706
0.352356
0.350146
0.352776
0.364487
0.374231
0.375284
0.390061
0.379434
0.383331
0.392011
0.389493
0.367118
0.355024
0.355304
0.356901
0.346837
0.363983
0.373096
0.367385
0.358685
0.371816
0.374479
0.382633
0.403067
0.398727
0.368422
0.378993
0.39869
0.395193
0.374321
0.373975
0.38883
0.400123
0.394139
0.388322
0.389946
0.414749
0.394291
0.394453
0.390418
0.421889
0.411295
0.423224
0.392848
0.370013
0.374515
0.373567
0.357071
0.344576
0.359987
0.371757
0.371373
0.382812
0.389688
0.371283
0.386585
0.351619
0.346716
0.342963
0.350805
0.354359
0.34602
0.341363
0.347614
0.355098
0.363422
0.379144
0.388703
0.399952
0.446709
0.469121
0.465269
0.428013
0.399566
0.43735
0.42917
0.442051
0.404863
0.397312
0.425303
0.383171
0.421716
0.408892
0.432538
0.434409
0.408869
0.387598
0.374489
0.397507
0.426673
0.408257
0.425366
0.410904
0.423556
0.417854
0.433847
0.435842
0.470419
0.451549
0.414486
0.41539
0.431041
0.478072
0.459849
0.490709
0.470364
0.471708
0.499713
0.49208
0.422325
0.42949
0.374296
0.390658
0.382872
0.472307
0.423424
0.46529
0.427155
0.431127
0.40089
0.378483
0.373056
0.378711
0.411798
0.427632
0.422377
0.397907
0.407624
0.419567
0.411331
0.40932
0.397658
0.377895
0.37522
0.38119
0.378626
0.408143
0.379124
0.386458
0.384086
0.398952
0.392293
0.379436
0.422879
0.438066
0.376121
0.402286
0.409709
0.405226
0.390501
0.408677
0.410055
0.399754
0.421432
0.414938
0.442967
0.419516
0.425507
0.405658
0.420437
0.400801
0.405004
0.38721
0.384764
0.364723
0.369078
0.358583
0.361514
0.345989
0.342771
0.340109
0.339286
0.336244
0.336314
0.341726
0.34381
0.343909
0.37329
0.370973
0.362519
0.351014
0.33916
0.338859
0.345189
0.344881
0.353382
0.357305
0.371716
0.362381
0.35163
0.362577
0.396316
0.411601
0.46103
0.499582
0.481993
0.441028
0.464385
0.472902
0.461328
0.467874
0.472815
0.475783
0.447371
0.447344
0.386965
0.443504
0.424034
0.398771
0.432142
0.396563
0.429449
0.407208
0.434744
0.412505
0.436931
0.405666
0.420406
0.410007
0.402233
0.370476
0.373221
0.357315
0.369661
0.390219
0.363115
0.386582
0.385614
0.36819
0.392295
0.398358
0.406111
0.383759
0.397108
0.413653
0.396021
0.453005
0.429952
0.43122
0.38293
0.425872
0.459586
0.470893
0.405258
0.444166
0.529683
0.466802
0.443131
0.427852
0.45618
0.436234
0.423705
0.418925
0.419079
0.419909
0.398787
0.404884
0.430073
0.454623
0.427492
0.424356
0.419998
0.420277
0.37361
0.38957
0.366033
0.362788
0.379675
0.405549
0.399625
0.391522
0.389816
0.415913
0.402024
0.399306
0.394195
0.418766
0.429506
0.450064
0.420044
0.408885
0.430057
0.418025
0.378934
0.399924
0.432694
0.446643
0.45391
0.476964
0.422127
0.468448
0.485909
0.430058
0.377318
0.378961
0.41245
0.400953
0.397815
0.425089
0.400051
0.421169
0.453729
0.437239
0.45726
0.48282
0.477511
0.439287
0.462879
0.409805
0.405697
0.359841
0.353581
0.363362
0.396562
0.39472
0.449443
0.429262
0.40079
0.378377
0.404512
0.388808
0.384992
0.407798
0.447677
0.463474
0.39684
0.393323
0.366288
0.372881
0.413511
0.471241
0.419407
0.40285
0.489542
0.420172
0.443952
0.486323
0.488821
0.434191
0.409821
0.449299
0.447485
0.423159
0.439861
0.420913
0.445866
0.387798
0.406923
0.402448
0.401366
0.399242
0.375763
0.36011
0.35574
0.366965
0.394091
0.398327
0.397595
0.412827
0.424651
0.410719
0.394886
0.387406
0.365215
0.348927
0.377745
0.431162
0.430084
0.492836
0.390305
0.414699
0.388297
0.4549
0.404851
0.443321
0.426075
0.469294
0.441725
0.395977
0.411338
0.384767
0.366369
0.357528
0.358275
0.356683
0.349057
0.355862
0.365771
0.374205
0.397963
0.402294
0.408264
0.398417
0.390633
0.381648
0.357563
0.354337
0.354674
0.368719
0.382858
0.371664
0.403913
0.438593
0.405127
0.41603
0.42394
0.409131
0.37276
0.380489
0.400881
0.424557
0.438732
0.4273
0.399723
0.385442
0.372319
0.403108
0.393226
0.400924
0.417978
0.425063
0.441522
0.454838
0.437216
0.457862
0.387105
0.441287
0.424358
0.445989
0.463767
0.423036
0.395452
0.366166
0.366043
0.348383
0.351102
0.346593
0.354706
0.390808
0.374891
0.398389
0.375206
0.35491
0.358962
0.350369
0.351673
0.354147
0.361477
0.391903
0.413286
0.469078
0.476193
0.421065
0.419085
0.437736
0.404517
0.419376
0.442521
0.474073
0.446561
0.420055
0.440511
0.414271
0.416457
0.410722
0.439466
0.448352
0.436235
0.41899
0.400571
0.383724
0.358639
0.357643
0.397714
0.425233
0.433969
0.439923
0.414492
0.385565
0.382466
0.396865
0.426359
0.474072
0.432629
0.435362
0.427096
0.425412
0.451619
0.411787
0.384321
0.373841
0.359876
0.361249
0.361843
0.367432
0.387548
0.414313
0.414292
0.459917
0.435543
0.407932
0.511197
0.494849
0.423295
0.428657
0.377966
0.351064
0.363727
0.384358
0.389495
0.363397
0.369108
0.38102
0.438532
0.45871
0.462714
0.474555
0.442837
0.409027
0.445836
0.458405
0.440254
0.397999
0.412775
0.388923
0.408462
0.432668
0.417455
0.386974
0.404052
0.422113
0.386032
0.374661
0.377074
0.37543
0.370169
0.362173
0.358881
0.343689
0.347924
0.355275
0.345679
0.360205
0.36708
0.365263
0.375582
0.379599
0.362934
0.355633
0.351366
0.355796
0.371904
0.387475
0.360759
0.39378
0.407103
0.381001
0.377156
0.385058
0.394074
0.393676
0.407323
0.385791
0.375993
0.359543
0.353467
0.349389
0.343189
0.352088
0.380778
0.363743
0.375743
0.398782
0.388148
0.429483
0.371075
0.39601
0.38651
0.38017
0.362157
0.372085
0.349443
0.356673
0.362767
0.362228
0.366911
0.360678
0.36949
0.354033
0.359268
0.364134
0.381401
0.399064
0.39007
0.393975
0.387272
0.402025
0.413849
0.399535
0.405026
0.42317
0.404665
0.40705
0.404232
0.40443
0.392541
0.389285
0.418104
0.385909
0.396467
0.392666
0.390543
0.383254
0.379116
0.369498
0.366902
0.363561
0.356891
0.374876
0.365711
0.372906
0.375747
0.363462
0.341274
0.342065
0.343993
0.345898
0.363351
0.37394
0.350322
0.358141
0.355926
0.35037
0.367489
0.37404
0.395486
0.386054
0.399419
0.373573
0.350816
0.339743
0.341375
0.3414
0.336923
0.35336
0.383769
0.381686
0.385859
0.40046
0.398388
0.378858
0.355161
0.373859
0.398763
0.39833
0.411301
0.411462
0.409522
0.431326
0.397589
0.395131
0.410702
0.40114
0.367112
0.381326
0.43623
0.404098
0.397517
0.406519
0.426306
0.386482
0.365976
0.362268
0.374716
0.369951
0.356463
0.355989
0.3439
0.355875
0.361554
0.363716
0.354932
0.375642
0.388183
0.393535
0.425663
0.455435
0.413108
0.455454
0.490734
0.451775
0.495843
0.471066
0.399591
0.38228
0.38675
0.388176
0.400845
0.407675
0.387958
0.417497
0.405988
0.399885
0.372759
0.367937
0.376383
0.40367
0.40258
0.404743
0.37406
0.382984
0.404962
0.412949
0.419997
0.443555
0.490582
0.428409
0.48918
0.471379
0.437729
0.425571
0.445956
0.453932
0.470846
0.465456
0.451977
0.4362
0.47623
0.488687
0.465288
0.506889
0.496175
0.50543
0.553914
0.487408
0.507451
0.373607
0.363933
0.363322
0.369443
0.372946
0.391469
0.38836
0.396017
0.40563
0.432146
0.405031
0.378833
0.371054
0.373015
0.383955
0.392253
0.437791
0.439996
0.452023
0.475614
0.485046
0.463691
0.43968
0.410306
0.460953
0.530584
0.504271
0.453634
0.484654
0.434768
0.403673
0.427729
0.399614
0.379941
0.386887
0.370891
0.372621
0.364906
0.393536
0.378108
0.362414
0.368872
0.363154
0.364167
0.385589
0.396034
0.409989
0.375752
0.378457
0.395269
0.382171
0.381019
0.382439
0.404099
0.37043
0.377981
0.367051
0.361286
0.373605
0.387935
0.397218
0.408072
0.432408
0.434268
0.411748
0.390129
0.389919
0.364613
0.358313
0.365564
0.386413
0.41397
0.425511
0.456129
0.447911
0.430601
0.412497
0.402228
0.419799
0.415177
0.387636
0.432994
0.454801
0.434831
0.413986
0.414937
0.434639
0.448763
0.440456
0.430432
0.476438
0.457928
0.444662
0.468294
0.497117
0.487256
0.491363
0.551189
0.417466
0.434105
0.489367
0.510245
0.452925
0.450151
0.441285
0.422495
0.413416
0.427271
0.394589
0.404771
0.433749
0.401282
0.450772
0.438024
0.3865
0.410465
0.38801
0.384361
0.392126
0.410216
0.404649
0.398115
0.388174
0.397109
0.415518
0.398617
0.397912
0.406079
0.421274
0.393171
0.392553
0.381263
0.384086
0.397392
0.408562
0.382383
0.370143
0.40082
0.417007
0.44511
0.443278
0.417741
0.408958
0.375555
0.368481
0.388074
0.415613
0.357893
0.355636
0.360206
0.36051
0.366022
0.359113
0.346709
0.349813
0.345678
0.353154
0.358542
0.365088
0.355021
0.33704
0.342906
0.341736
0.342297
0.350578
0.338511
0.346747
0.354615
0.357579
0.36232
0.36861
0.351524
0.348378
0.355624
0.372305
0.359101
0.346442
0.344127
0.346516
0.354772
0.352483
0.359697
0.374349
0.384158
0.37005
0.386537
0.396401
0.376564
0.382874
0.402009
0.367558
0.359616
0.349482
0.343154
0.352773
0.353414
0.359302
0.365017
0.362347
0.374464
0.378682
0.393363
0.379709
0.384364
0.392547
0.354803
0.36175
0.372382
0.386653
0.386995
0.38892
0.40434
0.395834
0.399971
0.361427
0.363953
0.385484
0.373196
0.367631
0.370374
0.369167
0.362536
0.389701
0.411295
0.395873
0.415838
0.378617
0.384775
0.390235
0.404502
0.441634
0.462264
0.421045
0.42586
0.448389
0.417154
0.461114
0.468571
0.499456
0.484944
0.455855
0.490678
0.484354
0.452493
0.424925
0.384086
0.392682
0.388628
0.387083
0.388475
0.418295
0.444187
0.436467
0.444597
0.409239
0.410177
0.395934
0.407789
0.393692
0.41543
0.425247
0.433076
0.418579
0.42442
0.413824
0.431742
0.416572
0.388465
0.389518
0.404552
0.386729
0.364405
0.351292
0.346376
0.353076
0.370297
0.349262
0.365589
0.354035
0.361076
0.384239
0.400967
0.387549
0.389063
0.413964
0.380123
0.365073
0.365533
0.387329
0.370795
0.378567
0.364415
0.378709
0.39749
0.403858
0.395139
0.38959
0.388424
0.364923
0.39091
0.384388
0.40008
0.403341
0.383
0.383787
0.36502
0.347263
0.350676
0.342277
0.349969
0.348974
0.338203
0.351447
0.347402
0.344731
0.358701
0.364935
0.369989
0.360851
0.360644
0.384883
0.403439
0.415675
0.393831
0.39623
0.398577
0.39655
0.368492
0.355804
0.357251
0.357161
0.3513
0.354552
0.352577
0.380131
0.409934
0.393771
0.362944
0.382072
0.395066
0.399422
0.373734
0.377856
0.36907
0.396984
0.379753
0.395177
0.434144
0.441229
0.501983
0.422846
0.417868
0.427265
0.435689
0.433488
0.412855
0.422734
0.386353
0.395091
0.372449
0.381852
0.369776
0.367048
0.372141
0.365162
0.381919
0.397667
0.404508
0.468629
0.454175
0.452445
0.47795
0.459052
0.449314
0.423751
0.436904
0.415573
0.562847
0.544141
0.522795
0.492098
0.476638
0.533137
0.49008
0.456425
0.435449
0.45845
0.505669
0.490041
0.517358
0.515732
0.534561
0.480713
0.466883
0.423552
0.395252
0.396076
0.368835
0.372915
0.393547
0.393786
0.392276
0.392648
0.389199
0.403625
0.41764
0.401921
0.404718
0.415575
0.380175
0.369991
0.361934
0.36756
0.360523
0.382361
0.376402
0.376148
0.385287
0.382445
0.366263
0.388913
0.409984
0.431587
0.423989
0.443586
0.403898
0.393035
0.372155
0.354189
0.356518
0.349249
0.342057
0.348488
0.355169
0.357318
0.349596
0.351827
0.345014
0.349927
0.347168
0.346409
0.342235
0.346179
0.347443
0.361086
0.366446
0.379277
0.415536
0.424607
0.419071
0.395058
0.421721
0.429145
0.432962
0.41142
0.400638
0.40946
0.375238
0.359047
0.356198
0.359414
0.360884
0.354863
0.347281
0.358176
0.363455
0.375951
0.387328
0.382024
0.411373
0.41523
0.393885
0.409093
0.41468
0.408081
0.396445
0.385717
0.405488
0.432397
0.404773
0.36597
0.359793
0.343775
0.348362
0.344019
0.351986
0.35566
0.352939
0.355997
0.35254
0.349377
0.338064
0.3435
0.348914
0.344903
0.344127
0.347397
0.354841
0.376571
0.369201
0.37182
0.351939
0.357553
0.351101
0.396471
0.384753
0.367525
0.361548
0.381956
0.371938
0.374656
0.369376
0.389784
0.395108
0.405838
0.406423
0.416101
0.408893
0.388991
0.398318
0.366394
0.356072
0.371286
0.355647
0.375596
0.391116
0.39943
0.415836
0.413089
0.389981
0.382342
0.378172
0.37299
0.368515
0.374235
0.393032
0.393602
0.39471
0.405124
0.383801
0.375507
0.359302
0.352435
0.352202
0.351888
0.357452
0.341311
0.34546
0.361652
0.374436
0.374464
0.374358
0.362073
0.353498
0.353914
0.358682
0.356912
0.379058
0.400103
0.381064
0.389466
0.369098
0.363303
0.369067
0.359451
0.385371
0.378281
0.366333
0.35015
0.359893
0.370885
0.366118
0.36719
0.363356
0.364939
0.384008
0.405703
0.389625
0.381331
0.395953
0.400015
0.371827
0.356261
0.362748
0.39341
0.38769
0.368263
0.365428
0.362712
0.349267
0.339883
0.342153
0.346572
0.342119
0.34754
0.364219
0.390345
0.385319
0.368318
0.360536
0.374259
0.379036
0.384601
0.36777
0.383211
0.391379
0.364955
0.360763
0.356475
0.354909
0.35013
0.349874
0.36417
0.374081
0.395624
0.41691
0.368057
0.359817
0.350332
0.347403
0.343881
0.362337
0.344276
0.344401
0.348029
0.344583
0.343253
0.349119
0.341846
0.335563
0.350996
0.349028
0.357422
0.3589
0.384138
0.416271
0.418983
0.413754
0.394589
0.383816
0.370051
0.36476
0.367275
0.385106
0.378725
0.372638
0.372245
0.392267
0.404099
0.386313
0.373402
0.388424
0.407123
0.373283
0.376894
0.356153
0.386746
0.355095
0.402701
0.406747
0.420883
0.391618
0.422547
0.413133
0.387397
0.381853
0.374242
0.370987
0.359593
0.360939
0.354993
0.357645
0.372108
0.398209
0.39051
0.371781
0.355394
0.342198
0.347291
0.337229
0.348649
0.367319
0.37506
0.353705
0.369022
0.408907
0.378887
0.355822
0.352501
0.34913
0.356303
0.368644
0.396067
0.401509
0.390817
0.389242
0.353521
0.343983
0.358742
0.356893
0.379664
0.398854
0.372389
0.366666
0.3594
0.360443
0.357339
0.374128
0.362146
0.382152
0.354528
0.351506
0.34998
0.361997
0.353365
0.362885
0.373958
0.37985
0.391161
0.386134
0.424158
0.438028
0.431605
0.434124
0.430711
0.403113
0.418238
0.414901
0.395279
0.386694
0.424504
0.38025
0.395685
0.430568
0.518008
0.539605
0.532044
0.489798
0.455514
0.439584
0.447708
0.416087
0.389286
0.410407
0.425712
0.421583
0.45804
0.406096
0.410489
0.391218
0.383052
0.396476
0.407751
0.429359
0.451012
0.403776
0.376209
0.358555
0.352024
0.373804
0.398739
0.43404
0.425444
0.389665
0.395875
0.408236
0.441982
0.419666
0.362118
0.359415
0.349414
0.34862
0.348585
0.351317
0.36086
0.354014
0.351601
0.35624
0.352953
0.350308
0.353667
0.349242
0.347413
0.352185
0.349406
0.343788
0.346002
0.345625
0.348909
0.34664
0.347913
0.353089
0.360383
0.392555
0.449417
0.431867
0.400377
0.39334
0.392978
0.40927
0.400865
0.381763
0.391748
0.396114
0.390997
0.402694
0.415457
0.398846
0.380081
0.36872
0.374866
0.395194
0.373645
0.374029
0.379202
0.41372
0.400831
0.371418
0.362118
0.361785
0.352634
0.370715
0.365059
0.356072
0.345511
0.364237
0.381497
0.384254
0.387545
0.413865
0.398665
0.396094
0.420167
0.407652
0.410809
0.38589
0.378374
0.3868
0.373758
0.371659
0.377611
0.381656
0.394812
0.411403
0.395472
0.391377
0.359336
0.37139
0.376801
0.373884
0.370609
0.389354
0.401744
0.396917
0.376807
0.399181
0.398659
0.419697
0.38987
0.411946
0.40816
0.395674
0.415777
0.403129
0.411716
0.396804
0.38394
0.401865
0.421693
0.415491
0.395332
0.382619
0.417213
0.402252
0.406005
0.421436
0.397039
0.396014
0.386345
0.388321
0.380823
0.362748
0.362971
0.353669
0.343444
0.344267
0.342748
0.356181
0.368107
0.360908
0.366341
0.375058
0.362828
0.354872
0.366919
0.370027
0.385784
0.362555
0.347425
0.351122
0.372281
0.371797
0.36799
0.366923
0.37771
0.392112
0.383217
0.390782
0.380507
0.363392
0.370413
0.379627
0.35976
0.350902
0.360634
0.348309
0.35267
0.36051
0.365766
0.369756
0.365071
0.348681
0.349343
0.339179
0.343158
0.344478
0.352459
0.378381
0.375187
0.372993
0.364482
0.390492
0.378043
0.36374
0.372081
0.381247
0.381467
0.399917
0.41439
0.392572
0.37627
0.378117
0.389147
0.389655
0.376848
0.405808
0.366887
0.354529
0.358442
0.380269
0.393849
0.370155
0.359743
0.354225
0.346783
0.362486
0.388201
0.395122
0.375305
0.371132
0.396476
0.395034
0.367279
0.370093
0.407586
0.40967
0.384583
0.38128
0.372138
0.367638
0.356103
0.360511
0.368434
0.393845
0.382477
0.460755
0.433557
0.460634
0.455911
0.454027
0.446883
0.469552
0.440906
0.416092
0.398918
0.430321
0.411165
0.452324
0.443474
0.464207
0.47917
0.433941
0.398742
0.444147
0.46642
0.450162
0.422464
0.38895
0.384612
0.374526
0.364147
0.384469
0.409639
0.401528
0.386692
0.394108
0.366349
0.395573
0.448127
0.451575
0.495862
0.441427
0.453261
0.436176
0.394834
0.375324
0.391958
0.409646
0.447164
0.440564
0.396704
0.387241
0.383237
0.408457
0.435445
0.420483
0.400051
0.398989
0.410356
0.443049
0.423779
0.386755
0.357647
0.356675
0.365082
0.373067
0.380205
0.359797
0.356733
0.357416
0.36204
0.372292
0.381686
0.379867
0.394327
0.448584
0.443884
0.425938
0.418165
0.455235
0.424817
0.430245
0.437224
0.466601
0.488352
0.452853
0.440899
0.443271
0.432779
0.427117
0.45828
0.514471
0.466639
0.485108
0.491436
0.461532
0.505007
0.4839
0.474968
0.448031
0.432348
0.43174
0.457599
0.399733
0.424314
0.453947
0.462821
0.424245
0.430581
0.428837
0.419451
0.421374
0.432644
0.448677
0.431218
0.40997
0.373394
0.368924
0.3764
0.425629
0.418988
0.415738
0.406303
0.396564
0.400824
0.434269
0.420647
0.429969
0.442891
0.431836
0.419324
0.429551
0.407406
0.418789
0.41818
0.398179
0.370743
0.387467
0.413281
0.396316
0.391574
0.42959
0.393168
0.371742
0.369049
0.369728
0.395173
0.416783
0.401281
0.390619
0.427846
0.401704
0.415759
0.399881
0.410714
0.393666
0.434611
0.438364
0.471943
0.462999
0.5012
0.463781
0.411153
0.48242
0.527212
0.495141
0.43731
0.476636
0.430537
0.451033
0.487644
0.465466
0.427556
0.40732
0.415713
0.431399
0.435466
0.468014
0.445067
0.493668
0.46809
0.434449
0.491862
0.477997
0.509917
0.437686
0.361807
0.417412
0.40505
0.38602
0.404702
0.379095
0.359501
0.35351
0.359625
0.364602
0.358621
0.376612
0.374254
0.391323
0.424717
0.420909
0.403093
0.376688
0.357858
0.358715
0.350992
0.364328
0.381644
0.385499
0.373245
0.372735
0.3481
0.350918
0.373366
0.385006
0.363279
0.348586
0.338702
0.344208
0.349624
0.346406
0.335948
0.347765
0.350662
0.350271
0.363408
0.361499
0.379247
0.389138
0.373665
0.36732
0.360135
0.378747
0.432986
0.378994
0.36123
0.372908
0.38209
0.375472
0.36424
0.355797
0.368151
0.362011
0.370736
0.374237
0.382228
0.372517
0.353075
0.357369
0.374566
0.381617
0.37838
0.374929
0.38431
0.379122
0.387611
0.399
0.383445
0.386408
0.389054
0.40285
0.389682
0.386697
0.424955
0.42324
0.39843
0.379732
0.364311
0.353901
0.34598
0.356943
0.344896
0.344373
0.345114
0.351383
0.351637
0.364685
0.382365
0.356389
0.352478
0.36768
0.394492
0.392202
0.375386
0.358947
0.367387
0.346794
0.340108
0.340826
0.34291
0.350504
0.366569
0.380921
0.398656
0.401293
0.39801
0.433414
0.406348
0.430379
0.412136
0.403236
0.408384
0.404123
0.412794
0.419914
0.406657
0.402153
0.365959
0.360485
0.388653
0.379345
0.359794
0.357097
0.369189
0.376416
0.368067
0.385275
0.383221
0.383955
0.401831
0.374372
0.35385
0.348629
0.358891
0.37864
0.360132
0.373284
0.364336
0.35829
0.357515
0.365211
0.387149
0.391089
0.373851
0.360386
0.371095
0.361348
0.352523
0.364385
0.360514
0.381694
0.388089
0.384897
0.392857
0.380667
0.374291
0.382291
0.375498
0.394609
0.405091
0.399351
0.377724
0.382992
0.394903
0.404351
0.397188
0.406958
0.413546
0.40443
0.399506
0.364791
0.352228
0.348986
0.35149
0.365045
0.387715
0.394093
0.397399
0.405291
0.37599
0.379274
0.37154
0.372147
0.370731
0.371233
0.389092
0.420923
0.410731
0.411127
0.447252
0.435158
0.430186
0.426971
0.396918
0.384141
0.376241
0.359161
0.37658
0.414233
0.421275
0.388869
0.381758
0.411306
0.412249
0.448643
0.438709
0.455725
0.429132
0.431246
0.43657
0.407601
0.427834
0.412372
0.391731
0.382381
0.414325
0.422372
0.393701
0.374574
0.386166
0.429267
0.452166
0.448648
0.463614
0.485562
0.462007
0.438954
0.448165
0.463677
0.526877
0.563279
0.560683
0.547841
0.528384
0.463186
0.397081
0.476435
0.484576
0.505034
0.488111
0.473632
0.4597
0.381025
0.3829
0.381747
0.349125
0.348559
0.348634
0.368198
0.368332
0.356936
0.357389
0.372351
0.361658
0.354605
0.360466
0.349494
0.353249
0.35381
0.365757
0.385159
0.368826
0.372611
0.36842
0.358619
0.364602
0.359961
0.370426
0.383386
0.391864
0.394425
0.41171
0.404306
0.417574
0.394759
0.392182
0.417439
0.406558
0.42056
0.418901
0.419557
0.406138
0.40253
0.406984
0.410418
0.412118
0.418417
0.441693
0.453383
0.393483
0.406221
0.412579
0.381072
0.407216
0.395817
0.389341
0.405574
0.41879
0.41832
0.411139
0.40432
0.379258
0.39991
0.384763
0.41613
0.399457
0.381031
0.394786
0.397636
0.409013
0.395027
0.411057
0.423718
0.503682
0.471896
0.448303
0.441226
0.388658
0.390089
0.460699
0.442277
0.391295
0.374262
0.368889
0.385751
0.43251
0.432199
0.422011
0.381882
0.368574
0.369054
0.360363
0.36888
0.389123
0.431281
0.443328
0.44772
0.447255
0.384572
0.406095
0.440646
0.405599
0.416044
0.42926
0.45037
0.438085
0.451359
0.434615
0.431685
0.434243
0.423676
0.388239
0.44153
0.439062
0.445021
0.431807
0.458922
0.503469
0.506358
0.487407
0.486785
0.445274
0.410719
0.400752
0.376857
0.359532
0.352874
0.359149
0.361936
0.370208
0.353827
0.348541
0.369264
0.341408
0.352373
0.3471
0.340607
0.348427
0.345158
0.345315
0.364234
0.382182
0.368476
0.376651
0.355082
0.353032
0.359589
0.379595
0.378664
0.389622
0.38319
0.387821
0.38414
0.360419
0.362362
0.37213
0.367512
0.381676
0.388441
0.38532
0.395914
0.389623
0.468133
0.474658
0.47398
0.435754
0.498634
0.524291
0.508206
0.488438
0.479473
0.395427
0.374992
0.385131
0.407691
0.420494
0.446555
0.403873
0.401734
0.375889
0.40294
0.390659
0.367112
0.348718
0.355632
0.371626
0.356254
0.381076
0.386277
0.3877
0.367386
0.357848
0.358264
0.357548
0.354452
0.350897
0.370909
0.395125
0.383324
0.378755
0.361106
0.343532
0.347562
0.344947
0.350847
0.367433
0.373347
0.361595
0.370391
0.369541
0.369138
0.374967
0.360673
0.359776
0.348344
0.348715
0.362363
0.385512
0.404684
0.460511
0.47669
0.423038
0.444767
0.437131
0.409658
0.412238
0.449174
0.472227
0.411658
0.387806
0.392393
0.415579
0.392283
0.417632
0.414175
0.36978
0.365503
0.384575
0.411709
0.423431
0.426992
0.448155
0.442046
0.447903
0.417829
0.416165
0.400697
0.425235
0.430366
0.403914
0.38334
0.37015
0.357323
0.358575
0.359016
0.363561
0.380998
0.422806
0.429635
0.458319
0.460802
0.436926
0.524494
0.48058
0.415917
0.453165
0.422466
0.417452
0.423418
0.454071
0.490138
0.481886
0.431341
0.43793
0.512031
0.50529
0.482217
0.458716
0.454615
0.47183
0.485771
0.462742
0.397074
0.394102
0.387637
0.379437
0.379206
0.374803
0.382088
0.419071
0.447951
0.44774
0.426657
0.422299
0.414479
0.453713
0.463054
0.453711
0.449595
0.413468
0.374359
0.359328
0.345827
0.362693
0.370137
0.369898
0.358946
0.373671
0.411291
0.386078
0.394069
0.411307
0.415844
0.428823
0.431133
0.434282
0.468388
0.48849
0.483041
0.469385
0.429243
0.374996
0.383181
0.413507
0.408386
0.427006
0.417791
0.433478
0.452551
0.435886
0.406276
0.429687
0.42341
0.428757
0.404711
0.382561
0.374258
0.386043
0.379125
0.419108
0.400877
0.372503
0.371804
0.382587
0.38777
0.384748
0.397565
0.450305
0.46788
0.444594
0.404897
0.35223
0.392333
0.403723
0.448281
0.459819
0.441234
0.44224
0.411382
0.430314
0.402081
0.40492
0.4267
0.435379
0.411318
0.366698
0.365555
0.358778
0.355759
0.380559
0.393466
0.394003
0.398985
0.405164
0.417866
0.397846
0.392636
0.404676
0.418118
0.38774
0.40679
0.38127
0.390939
0.384281
0.372452
0.357912
0.39632
0.413101
0.401104
0.378575
0.37128
0.37963
0.39109
0.359521
0.372809
0.378154
0.396157
0.399944
0.412184
0.397558
0.397167
0.379844
0.369535
0.370029
0.39979
0.41445
0.38867
0.379988
0.383347
0.382133
0.385094
0.418721
0.389604
0.401582
0.371114
0.36019
0.34837
0.348742
0.365001
0.340563
0.348586
0.351873
0.357416
0.37115
0.404939
0.419345
0.401839
0.379963
0.366193
0.34294
0.345431
0.351303
0.354556
0.352295
0.378395
0.395724
0.381208
0.367703
0.351518
0.359152
0.360046
0.349293
0.373925
0.373882
0.381697
0.365019
0.372766
0.380625
0.362292
0.379692
0.403367
0.406649
0.415239
0.41784
0.387475
0.416702
0.387291
0.413338
0.436488
0.405843
0.390064
0.355353
0.389033
0.41791
0.440343
0.422238
0.400981
0.433676
0.426426
0.376111
0.352785
0.397288
0.36556
0.362294
0.36881
0.373371
0.368265
0.377272
0.37614
0.368022
0.369991
0.371713
0.346621
0.342795
0.340938
0.350012
0.347604
0.337257
0.341124
0.345018
0.344855
0.350539
0.360241
0.364831
0.395039
0.386636
0.382445
0.408737
0.393856
0.37962
0.391181
0.405503
0.385024
0.377971
0.382508
0.370539
0.421867
0.427322
0.430776
0.41173
0.436477
0.410817
0.433484
0.385871
0.404208
0.395356
0.447031
0.41493
0.381956
0.382784
0.418016
0.423856
0.408621
0.380534
0.39523
0.427262
0.425846
0.472789
0.415908
0.430911
0.424111
0.413948
0.404849
0.372867
0.368094
0.375433
0.409182
0.440304
0.435373
0.471939
0.469124
0.449583
0.492266
0.549019
0.544919
0.54921
0.544604
0.574048
0.579456
0.48288
0.416885
0.427259
0.39325
0.401388
0.402511
0.388966
0.365493
0.401308
0.411915
0.390274
0.391929
0.396634
0.426547
0.398517
0.391273
0.377548
0.374016
0.353649
0.347319
0.345599
0.357885
0.355499
0.340754
0.3529
0.363609
0.370349
0.384169
0.388422
0.383361
0.406645
0.383384
0.411356
0.398661
0.373583
0.385595
0.382026
0.425155
0.401662
0.391258
0.37654
0.370657
0.383284
0.38273
0.359841
0.356376
0.385432
0.365055
0.35149
0.347618
0.362614
0.366518
0.38433
0.405074
0.383679
0.361931
0.351231
0.355099
0.349035
0.343428
0.351384
0.352991
0.369905
0.40316
0.4333
0.437348
0.438967
0.470892
0.437828
0.463392
0.428186
0.457626
0.420975
0.442228
0.469454
0.400991
0.396747
0.392571
0.425074
0.403736
0.393645
0.404893
0.370562
0.391107
0.409056
0.391542
0.355483
0.348839
0.362001
0.389737
0.395932
0.389842
0.409236
0.417205
0.387438
0.401147
0.409378
0.379431
0.387698
0.389956
0.368669
0.366608
0.398795
0.409915
0.382784
0.39068
0.408092
0.407974
0.411548
0.408691
0.396248
0.413059
0.412927
0.408192
0.44743
0.442405
0.427348
0.451841
0.457077
0.39715
0.441079
0.407443
0.451442
0.421169
0.492549
0.451035
0.442697
0.427605
0.428986
0.437928
0.441916
0.424584
0.429395
0.431714
0.465894
0.460858
0.414758
0.38454
0.397629
0.385633
0.387374
0.364572
0.351668
0.346874
0.354344
0.36051
0.37413
0.427511
0.387732
0.387192
0.389771
0.414406
0.446517
0.406235
0.413672
0.427006
0.421855
0.418263
0.372458
0.386013
0.413141
0.411391
0.415659
0.453967
0.454015
0.49609
0.426435
0.392907
0.37771
0.417158
0.417286
0.408201
0.381003
0.370875
0.377148
0.402258
0.421468
0.426216
0.4183
0.473244
0.472837
0.410256
0.400214
0.455348
0.452825
0.461312
0.44386
0.431054
0.438916
0.487669
0.454878
0.507971
0.529927
0.504088
0.520909
0.527775
0.491999
0.494228
0.503241
0.493779
0.460717
0.47381
0.52428
0.559956
0.564003
0.530404
0.531157
0.539195
0.592904
0.586606
0.576046
0.48984
0.444587
0.467938
0.479433
0.417023
0.395247
0.440273
0.441056
0.418824
0.379987
0.394394
0.447522
0.465618
0.425307
0.417276
0.433755
0.419832
0.386488
0.363047
0.358605
0.375947
0.399545
0.435667
0.440009
0.44503
0.45342
0.44284
0.441793
0.426059
0.429838
0.437227
0.383135
0.401919
0.403387
0.401907
0.399392
0.401049
0.362982
0.366322
0.375682
0.3821
0.41742
0.405265
0.39008
0.40772
0.41441
0.391035
0.415756
0.406777
0.380312
0.388726
0.408052
0.400637
0.398847
0.384834
0.410752
0.423942
0.428706
0.441638
0.431609
0.412729
0.395712
0.409422
0.378076
0.411647
0.41199
0.404752
0.414694
0.426664
0.423742
0.381606
0.388516
0.383325
0.411402
0.393919
0.451394
0.476792
0.436708
0.428153
0.43068
0.412763
0.429085
0.430545
0.445358
0.45436
0.435144
0.405443
0.389026
0.363833
0.36514
0.365981
0.376442
0.355834
0.356038
0.343237
0.345799
0.340893
0.345741
0.351269
0.350234
0.355907
0.37962
0.382683
0.382079
0.395681
0.385658
0.380827
0.376152
0.377876
0.385871
0.411706
0.39347
0.397786
0.379124
0.353942
0.35206
0.354587
0.355733
0.361757
0.36451
0.394101
0.426269
0.430861
0.46433
0.481237
0.476192
0.486151
0.511179
0.496387
0.435774
0.395248
0.418733
0.446823
0.37528
0.438884
0.434345
0.418723
0.383087
0.41972
0.460982
0.472211
0.466625
0.5285
0.431985
0.452783
0.372939
0.358579
0.376718
0.373474
0.372401
0.370333
0.429922
0.398805
0.386264
0.402964
0.477764
0.43849
0.416008
0.3856
0.368329
0.384729
0.396786
0.382057
0.378051
0.40392
0.393239
0.404696
0.418739
0.418833
0.421804
0.409411
0.386893
0.412589
0.412651
0.42195
0.418682
0.483809
0.48406
0.438771
0.378519
0.418089
0.429868
0.442343
0.495857
0.451637
0.455398
0.482723
0.43593
0.485811
0.437708
0.42879
0.408398
0.382448
0.370949
0.386592
0.394555
0.369218
0.370788
0.37439
0.380986
0.399006
0.416917
0.439715
0.398286
0.395939
0.424246
0.408969
0.440713
0.419383
0.437141
0.411618
0.361183
0.369342
0.410856
0.433225
0.437652
0.43078
0.395992
0.443514
0.488601
0.426044
0.415608
0.417804
0.437634
0.434417
0.465861
0.426005
0.452917
0.474482
0.501935
0.461339
0.425543
0.427625
0.425641
0.448272
0.429312
0.4548
0.443884
0.433765
0.466142
0.464546
0.467072
0.482232
0.488955
0.551438
0.559383
0.526968
0.533717
0.583364
0.553646
0.556752
0.523169
0.518432
0.454523
0.412758
0.373171
0.393018
0.385309
0.454365
0.375638
0.419722
0.436124
0.436468
0.436257
0.424969
0.38741
0.434634
0.433189
0.431903
0.444581
0.423639
0.418382
0.398626
0.412503
0.386501
0.409258
0.41986
0.351923
0.430319
0.449922
0.442502
0.419322
0.427404
0.436664
0.445418
0.403181
0.391651
0.36769
0.366291
0.3622
0.363841
0.356558
0.357384
0.350495
0.351808
0.353591
0.360098
0.365791
0.389924
0.402099
0.361214
0.369283
0.361335
0.375506
0.388632
0.372762
0.361213
0.409603
0.424263
0.390966
0.419595
0.439702
0.43317
0.400669
0.418252
0.431756
0.411442
0.374999
0.351175
0.351893
0.353228
0.355757
0.365015
0.373985
0.363507
0.365609
0.369752
0.368097
0.382788
0.397773
0.416553
0.459149
0.4957
0.472264
0.465349
0.45978
0.435579
0.489676
0.450386
0.387839
0.373525
0.364697
0.387169
0.372244
0.359623
0.359413
0.38351
0.481182
0.418109
0.376404
0.401346
0.411583
0.389704
0.412343
0.495526
0.532971
0.461626
0.500858
0.409417
0.481071
0.545031
0.536914
0.50864
0.529751
0.496356
0.495935
0.509489
0.484435
0.480664
0.512437
0.512491
0.513671
0.507855
0.499307
0.459835
0.461858
0.461018
0.469018
0.438658
0.407162
0.436977
0.496754
0.430184
0.462804
0.46759
0.404007
0.437552
0.415843
0.442569
0.416373
0.383114
0.372934
0.361027
0.355777
0.359385
0.387161
0.401565
0.385292
0.365198
0.365592
0.367226
0.39369
0.403399
0.416186
0.380613
0.373828
0.375683
0.353897
0.369838
0.357772
0.347455
0.358354
0.381733
0.392446
0.399972
0.401922
0.414163
0.406409
0.405248
0.381033
0.39292
0.369289
0.362475
0.353141
0.354018
0.35566
0.343348
0.353331
0.370217
0.380479
0.379365
0.383894
0.400438
0.379001
0.369077
0.37664
0.353848
0.363657
0.351506
0.36876
0.36752
0.372855
0.386813
0.407875
0.392306
0.387405
0.381059
0.398674
0.392172
0.412467
0.413305
0.419137
0.430325
0.437111
0.43573
0.435621
0.400791
0.408282
0.435935
0.461021
0.43865
0.486853
0.485407
0.443594
0.487971
0.483279
0.498421
0.456135
0.447571
0.423726
0.390828
0.413336
0.436571
0.445989
0.376187
0.397715
0.448653
0.434516
0.444375
0.486112
0.418668
0.382715
0.3864
0.437359
0.401304
0.427158
0.445961
0.437101
0.423531
0.435841
0.424535
0.406799
0.423969
0.460905
0.473529
0.455153
0.470058
0.422391
0.41001
0.45354
0.477049
0.48479
0.489917
0.428364
0.42011
0.440897
0.435776
0.464054
0.495762
0.475975
0.40689
0.443713
0.419927
0.410189
0.379567
0.376432
0.366774
0.409546
0.42062
0.425563
0.436763
0.408904
0.408664
0.386943
0.375409
0.375426
0.382191
0.358279
0.355577
0.354956
0.356198
0.370297
0.39527
0.385024
0.366735
0.362072
0.364096
0.376485
0.374825
0.377261
0.364491
0.350373
0.376707
0.392032
0.390603
0.395637
0.385736
0.393957
0.399944
0.375616
0.365982
0.379443
0.391316
0.392787
0.403396
0.437329
0.429674
0.410877
0.404404
0.368513
0.368959
0.40774
0.386183
0.364724
0.373426
0.368418
0.367021
0.356716
0.366634
0.388151
0.406033
0.376734
0.364264
0.375323
0.367829
0.385335
0.384136
0.388108
0.385865
0.397548
0.444712
0.425821
0.450257
0.473418
0.482243
0.443094
0.418988
0.451168
0.456708
0.498538
0.488417
0.482159
0.463064
0.473252
0.392416
0.388968
0.474716
0.464278
0.481497
0.469099
0.412723
0.379065
0.370691
0.362386
0.349057
0.346273
0.355181
0.366394
0.369906
0.405801
0.378887
0.384623
0.4152
0.407795
0.381539
0.39654
0.394767
0.38119
0.397317
0.393782
0.401985
0.40948
0.397715
0.383455
0.386518
0.36933
0.382004
0.378008
0.358671
0.352792
0.346427
0.353533
0.349933
0.353856
0.392091
0.390965
0.391605
0.376633
0.357257
0.355232
0.344806
0.3786
0.375093
0.355736
0.362527
0.345539
0.359805
0.363502
0.371147
0.36298
0.347544
0.34411
0.342974
0.349105
0.350031
0.343639
0.346301
0.358971
0.360421
0.364674
0.388462
0.379523
0.361721
0.353003
0.35425
0.371483
0.39424
0.39572
0.416945
0.410673
0.416522
0.420359
0.412241
0.416598
0.402591
0.381061
0.386165
0.390304
0.412008
0.39381
0.365315
0.391573
0.400349
0.391151
0.40013
0.38699
0.400903
0.388233
0.415458
0.420397
0.430915
0.407629
0.415421
0.426233
0.411405
0.42814
0.431364
0.457084
0.458483
0.466451
0.48818
0.435646
0.469778
0.477785
0.44128
0.43856
0.463424
0.490041
0.475523
0.439673
0.434029
0.430293
0.402584
0.45134
0.465714
0.459599
0.444232
0.421549
0.432988
0.434887
0.46841
0.478066
0.461697
0.495309
0.481155
0.452965
0.482936
0.466034
0.494898
0.526979
0.480018
0.418686
0.408106
0.403171
0.413347
0.412577
0.437067
0.460248
0.430869
0.433326
0.470299
0.478973
0.504753
0.508991
0.582321
0.464855
0.419535
0.407347
0.423681
0.424879
0.434927
0.408597
0.410359
0.38151
0.408757
0.410268
0.440898
0.422031
0.418893
0.414828
0.405348
0.43957
0.427266
0.430134
0.409251
0.409582
0.423523
0.416833
0.424317
0.443092
0.402424
0.390776
0.392744
0.401535
0.393599
0.382538
0.39233
0.360662
0.369038
0.397539
0.391836
0.389364
0.36006
0.359301
0.364364
0.383383
0.381874
0.412772
0.424121
0.396089
0.391638
0.390574
0.400791
0.400615
0.384427
0.418424
0.420229
0.420002
0.418655
0.400196
0.385715
0.380112
0.39992
0.393933
0.389457
0.409686
0.406222
0.395379
0.409061
0.400825
0.425487
0.418594
0.401238
0.355516
0.357947
0.358613
0.341994
0.342776
0.341577
0.337943
0.350252
0.341821
0.351095
0.360479
0.389067
0.360582
0.383764
0.367901
0.35294
0.346327
0.339877
0.335806
0.345403
0.347794
0.340301
0.343199
0.341462
0.355668
0.346995
0.348172
0.347977
0.347572
0.335621
0.333635
0.3483
0.3423
0.340542
0.347975
0.34353
0.362944
0.372378
0.398646
0.383592
0.37644
0.373954
0.385257
0.376142
0.364924
0.395445
0.371694
0.373556
0.371334
0.376865
0.372673
0.38255
0.381535
0.353612
0.346582
0.345319
0.338187
0.344059
0.347934
0.347206
0.344581
0.351334
0.348844
0.342887
0.346341
0.341451
0.341486
0.347963
0.342812
0.342188
0.347598
0.352817
0.363195
0.371724
0.358877
0.355797
0.358689
0.369672
0.362452
0.392991
0.400828
0.429639
0.386312
0.380076
0.389635
0.401649
0.419146
0.451423
0.429284
0.430432
0.433104
0.417919
0.402397
0.367398
0.372101
0.386364
0.393395
0.364886
0.353611
0.363166
0.35684
0.363358
0.389283
0.406304
0.385413
0.372247
0.372278
0.381948
0.398503
0.415952
0.443124
0.468643
0.4521
0.480653
0.461845
0.523082
0.496088
0.51198
0.39992
0.404099
0.444617
0.426827
0.383249
0.411414
0.470304
0.470553
0.448554
0.448818
0.391163
0.376038
0.369166
0.352789
0.348538
0.342165
0.351681
0.359936
0.355343
0.367912
0.379714
0.375779
0.409397
0.39326
0.388392
0.378024
0.377145
0.405715
0.426887
0.415965
0.409671
0.385109
0.399505
0.385023
0.370864
0.376482
0.373333
0.395836
0.377935
0.360263
0.345171
0.344465
0.348757
0.347528
0.341697
0.341559
0.350539
0.356653
0.381353
0.381699
0.362395
0.347554
0.34092
0.35856
0.354283
0.355672
0.366701
0.408817
0.4211
0.392841
0.408347
0.405635
0.408557
0.384044
0.399553
0.38417
0.404021
0.422472
0.411635
0.406044
0.402404
0.406352
0.386243
0.395953
0.392748
0.403043
0.395825
0.384138
0.380788
0.386379
0.427601
0.392442
0.374534
0.372441
0.408584
0.409336
0.431863
0.461636
0.400188
0.423791
0.377467
0.369191
0.440611
0.383428
0.451403
0.451546
0.449369
0.434117
0.418974
0.406976
0.40066
0.40885
0.458895
0.43757
0.454371
0.454181
0.46491
0.449429
0.4194
0.455928
0.476307
0.470214
0.443278
0.424378
0.391799
0.384164
0.379604
0.375866
0.371307
0.408688
0.386005
0.355988
0.358131
0.348481
0.357224
0.358036
0.361286
0.379219
0.365989
0.356477
0.369643
0.388027
0.407228
0.392514
0.426668
0.435601
0.427861
0.468192
0.447305
0.413743
0.439809
0.468739
0.472474
0.434792
0.447756
0.470961
0.45219
0.461969
0.443626
0.430918
0.429484
0.418118
0.412479
0.427768
0.468922
0.492894
0.485994
0.495909
0.473263
0.466208
0.480791
0.478111
0.492919
0.472107
0.548468
0.561164
0.577529
0.46666
0.414756
0.422022
0.422487
0.440032
0.40054
0.388431
0.428131
0.415997
0.431547
0.406153
0.412937
0.408708
0.4369
0.443454
0.424834
0.426181
0.463445
0.427649
0.417715
0.405103
0.413773
0.420931
0.401618
0.365986
0.369996
0.36664
0.379925
0.366273
0.38176
0.393499
0.39499
0.399787
0.420637
0.482926
0.470484
0.453149
0.47929
0.429808
0.416536
0.446861
0.406543
0.413803
0.448442
0.409785
0.375173
0.357279
0.382698
0.401805
0.386017
0.387603
0.36849
0.384718
0.40622
0.413694
0.406921
0.429068
0.403935
0.40306
0.380506
0.368551
0.362423
0.395072
0.408165
0.380569
0.374947
0.395521
0.423213
0.405355
0.410261
0.421438
0.412255
0.407083
0.415794
0.40592
0.390642
0.42307
0.43555
0.438241
0.422183
0.425583
0.46751
0.46779
0.431936
0.459012
0.483056
0.413385
0.419246
0.452285
0.448337
0.438944
0.472064
0.474319
0.398277
0.422549
0.409162
0.431944
0.409219
0.44729
0.506006
0.494544
0.494591
0.46915
0.429678
0.375035
0.409472
0.531337
0.460868
0.477872
0.435088
0.418372
0.436407
0.447035
0.408701
0.41516
0.448801
0.425131
0.402381
0.439373
0.450213
0.4248
0.409056
0.389282
0.376447
0.414166
0.461309
0.466365
0.464728
0.469662
0.459008
0.467856
0.40717
0.431635
0.441392
0.442663
0.42957
0.391458
0.387293
0.385538
0.380759
0.385998
0.408016
0.387239
0.371945
0.407981
0.441518
0.442942
0.409367
0.445121
0.431537
0.472327
0.440478
0.546509
0.607537
0.600271
0.554821
0.545733
0.535907
0.482355
0.471778
0.535865
0.492513
0.447972
0.425603
0.40899
0.413672
0.418111
0.406673
0.45154
0.465208
0.420238
0.4362
0.455974
0.496923
0.472862
0.468723
0.45459
0.42495
0.414505
0.432286
0.457389
0.469042
0.458265
0.448013
0.421862
0.449438
0.442702
0.446887
0.427759
0.430239
0.437421
0.448786
0.432878
0.46654
0.434768
0.433276
0.449844
0.413283
0.411399
0.420574
0.457565
0.482804
0.481041
0.500358
0.491876
0.497533
0.519786
0.459515
0.406453
0.428281
0.41653
0.407502
0.400487
0.399914
0.44087
0.433449
0.448337
0.487032
0.459741
0.460205
0.424055
0.399053
0.390313
0.414479
0.395859
0.400338
0.445797
0.437352
0.424589
0.429936
0.45887
0.476805
0.503238
0.47979
0.448632
0.386895
0.369207
0.373568
0.357935
0.360603
0.362289
0.369792
0.369665
0.35905
0.363599
0.366775
0.378859
0.39766
0.429627
0.473277
0.467651
0.509017
0.501788
0.477297
0.454994
0.42639
0.462356
0.49386
0.41628
0.437666
0.41699
0.406208
0.443632
0.406938
0.425246
0.450968
0.470704
0.389097
0.364779
0.374528
0.409613
0.43314
0.423395
0.429704
0.433324
0.410036
0.420784
0.437384
0.487333
0.434933
0.423104
0.41385
0.430225
0.494831
0.483886
0.528965
0.549035
0.483319
0.490163
0.489537
0.527312
0.552811
0.586631
0.534177
0.519115
0.498303
0.525184
0.521884
0.483824
0.486058
0.451092
0.491773
0.466051
0.518879
0.468136
0.456811
0.46966
0.452077
0.523735
0.49758
0.494727
0.451182
0.463319
0.45447
0.435301
0.436717
0.431255
0.419485
0.395833
0.427903
0.396631
0.400333
0.412582
0.402639
0.435411
0.430117
0.458106
0.50279
0.524239
0.479237
0.493561
0.443944
0.437175
0.468133
0.444085
0.394906
0.471532
0.433284
0.490918
0.490613
0.4395
0.402676
0.437878
0.408871
0.473539
0.441225
0.421602
0.45206
0.441008
0.43832
0.470124
0.427456
0.43807
0.477657
0.427051
0.43416
0.498428
0.489158
0.479333
0.472957
0.461043
0.401976
0.504632
0.498078
0.484335
0.466731
0.489938
0.505614
0.479878
0.502341
0.480292
0.436685
0.418771
0.493527
0.432685
0.463565
0.475803
0.503057
0.512679
0.4528
0.420649
0.391863
0.3733
0.357743
0.354561
0.364493
0.373854
0.384591
0.412069
0.398934
0.423603
0.443596
0.470579
0.46536
0.43893
0.413408
0.418214
0.429971
0.399158
0.432496
0.377121
0.42269
0.430944
0.432234
0.474129
0.435725
0.454237
0.4421
0.383234
0.437087
0.451828
0.446124
0.443644
0.427349
0.366896
0.394496
0.378887
0.367149
0.376835
0.378444
0.441245
0.467104
0.480066
0.49701
0.509991
0.513196
0.492711
0.53755
0.502095
0.505057
0.510937
0.489503
0.51858
0.498351
0.538899
0.501219
0.562831
0.571747
0.558581
0.528445
0.423474
0.412025
0.364861
0.365927
0.384213
0.413717
0.423708
0.390843
0.372184
0.387366
0.398271
0.397761
0.399828
0.433668
0.406689
0.407043
0.439895
0.401762
0.422041
0.440612
0.411669
0.403145
0.449548
0.436692
0.431294
0.449794
0.422107
0.389544
0.410699
0.432623
0.385702
0.451938
0.432022
0.411531
0.412873
0.385974
0.388069
0.403902
0.399152
0.375102
0.370458
0.367417
0.350978
0.345573
0.349147
0.349504
0.364102
0.385571
0.409831
0.388618
0.35985
0.359083
0.354807
0.373586
0.394768
0.408027
0.420144
0.414665
0.435145
0.442997
0.376248
0.370712
0.36262
0.371141
0.359544
0.355625
0.360098
0.378391
0.38193
0.358915
0.36603
0.355824
0.369475
0.414602
0.421619
0.434328
0.458659
0.419704
0.441916
0.440165
0.479013
0.439817
0.429654
0.440447
0.437312
0.412774
0.3978
0.379417
0.37601
0.360623
0.373159
0.385277
0.379555
0.385855
0.380758
0.397596
0.375595
0.429785
0.431501
0.439998
0.433406
0.422567
0.410381
0.359675
0.360632
0.393122
0.393816
0.417454
0.414738
0.400325
0.386197
0.364835
0.34765
0.346147
0.349247
0.3415
0.345265
0.356431
0.34394
0.362336
0.349789
0.366317
0.392945
0.382976
0.359293
0.349536
0.355867
0.377295
0.359482
0.398854
0.440181
0.387419
0.438195
0.404161
0.439903
0.454676
0.419571
0.410955
0.44974
0.458243
0.50645
0.488222
0.531387
0.607006
0.577035
0.583138
0.538879
0.532845
0.563898
0.547882
0.535878
0.53582
0.525819
0.505708
0.476507
0.488864
0.53162
0.518574
0.461497
0.432033
0.503687
0.527687
0.526148
0.489696
0.443837
0.483359
0.525553
0.485561
0.525591
0.467838
0.501534
0.456812
0.506982
0.504379
0.529491
0.525417
0.544819
0.542684
0.528363
0.439976
0.406293
0.402487
0.414014
0.404968
0.41854
0.41581
0.409917
0.391035
0.42053
0.423044
0.456077
0.498032
0.455213
0.453733
0.439166
0.423174
0.437005
0.451057
0.505192
0.484932
0.454176
0.442723
0.504517
0.521841
0.461829
0.413506
0.430065
0.483388
0.523344
0.505251
0.465927
0.472196
0.511075
0.487355
0.479685
0.524072
0.432046
0.477384
0.413217
0.450497
0.533204
0.52771
0.476221
0.506231
0.498159
0.505229
0.489745
0.529568
0.519226
0.532823
0.516607
0.509006
0.471466
0.430669
0.445528
0.449256
0.45655
0.50976
0.475325
0.530991
0.496329
0.459338
0.43837
0.442237
0.46126
0.500665
0.442408
0.48091
0.440802
0.455509
0.444496
0.472286
0.452736
0.47816
0.42619
0.448211
0.435209
0.412652
0.388726
0.373673
0.367012
0.376757
0.381941
0.395791
0.392419
0.396544
0.408462
0.380129
0.389866
0.385644
0.388689
0.395303
0.396523
0.367108
0.379192
0.387701
0.38778
0.416466
0.396238
0.438688
0.455046
0.420441
0.421359
0.438786
0.42178
0.420921
0.418266
0.419577
0.39374
0.427121
0.455161
0.443482
0.432444
0.475208
0.473509
0.414648
0.482055
0.479176
0.496064
0.467087
0.473796
0.444347
0.45051
0.46854
0.452025
0.497821
0.46192
0.483181
0.452276
0.46195
0.459301
0.408752
0.389946
0.428141
0.444582
0.433572
0.427912
0.41409
0.434033
0.462549
0.46602
0.472543
0.426744
0.438446
0.503717
0.442332
0.457486
0.466014
0.470209
0.488203
0.451296
0.46384
0.506772
0.470221
0.468874
0.464424
0.422116
0.399913
0.421491
0.434299
0.39985
0.388303
0.373067
0.392581
0.445023
0.478759
0.492026
0.484132
0.459804
0.461434
0.4646
0.433066
0.430403
0.442435
0.500061
0.537509
0.583701
0.555709
0.585897
0.540358
0.388056
0.404384
0.362323
0.3754
0.377622
0.361433
0.351319
0.364226
0.405383
0.372622
0.35235
0.350187
0.347608
0.348456
0.357828
0.346923
0.34813
0.347334
0.351367
0.342718
0.360017
0.347248
0.354843
0.366585
0.397428
0.390751
0.376965
0.36163
0.362251
0.370376
0.3942
0.395588
0.373208
0.365831
0.394447
0.438312
0.439668
0.438749
0.441249
0.426033
0.434352
0.44443
0.419464
0.40684
0.448463
0.461228
0.426732
0.424328
0.417134
0.425247
0.438291
0.429192
0.416267
0.409178
0.452181
0.487924
0.496456
0.495985
0.526507
0.500571
0.546362
0.517267
0.532295
0.502372
0.478989
0.412456
0.462355
0.479854
0.485102
0.487579
0.559049
0.500217
0.502997
0.459686
0.454177
0.496939
0.511368
0.488817
0.476328
0.476507
0.441345
0.448924
0.46043
0.467938
0.463448
0.38396
0.449853
0.487654
0.44483
0.514006
0.477648
0.466559
0.453579
0.450833
0.437392
0.44346
0.423021
0.408021
0.448194
0.474042
0.452159
0.493537
0.52225
0.538664
0.51913
0.488003
0.518076
0.483919
0.449314
0.435122
0.491654
0.500866
0.501911
0.503884
0.526234
0.468114
0.508173
0.523468
0.485552
0.50008
0.527115
0.501616
0.477307
0.447635
0.517763
0.506055
0.503053
0.54081
0.543765
0.471035
0.439638
0.381975
0.376109
0.373579
0.380008
0.393325
0.402462
0.406781
0.392292
0.385457
0.397217
0.437068
0.466984
0.406562
0.390977
0.391818
0.388145
0.395026
0.414521
0.410508
0.396079
0.377612
0.387879
0.398697
0.392912
0.426226
0.41053
0.426381
0.413729
0.427669
0.430741
0.428111
0.397875
0.380151
0.361466
0.406495
0.385503
0.369357
0.401579
0.4316
0.421244
0.39795
0.376194
0.367656
0.359681
0.361569
0.367518
0.361159
0.366086
0.361307
0.362341
0.384735
0.399608
0.391506
0.36365
0.352522
0.361725
0.35953
0.355866
0.361249
0.367442
0.368413
0.360608
0.359484
0.387214
0.391486
0.39109
0.396854
0.425529
0.474905
0.485346
0.425529
0.433894
0.38806
0.392635
0.377707
0.383639
0.398911
0.410267
0.406367
0.387407
0.392407
0.415829
0.433779
0.452567
0.426283
0.47656
0.477529
0.404826
0.400245
0.398807
0.393199
0.425462
0.460381
0.418777
0.431858
0.407728
0.395497
0.388392
0.398993
0.385222
0.384779
0.390472
0.385867
0.407023
0.388759
0.381775
0.425279
0.385156
0.382851
0.371228
0.387332
0.401089
0.465549
0.457212
0.400069
0.418085
0.424033
0.450545
0.446533
0.402867
0.381477
0.399504
0.41391
0.386931
0.390977
0.383823
0.386481
0.39723
0.393658
0.376115
0.369602
0.365734
0.371327
0.370547
0.373814
0.35953
0.360942
0.362196
0.361441
0.360879
0.358448
0.366505
0.365557
0.372397
0.365538
0.356313
0.357514
0.362612
0.35829
0.356133
0.357262
0.359396
0.363567
0.359476
0.363847
0.364402
0.359246
0.356095
0.360848
0.365194
0.375729
0.372491
0.379502
0.367934
0.363207
0.358087
0.362234
0.391943
0.417016
0.416084
0.389549
0.404886
0.40462
0.415072
0.406994
0.379196
0.368711
0.376705
0.374296
0.384061
0.441941
0.406667
0.363229
0.38069
0.398833
0.404024
0.396196
0.391318
0.387658
0.387032
0.394957
0.369439
0.373338
0.356926
0.366844
0.423199
0.375772
0.364341
0.372065
0.375885
0.403568
0.419012
0.436243
0.443508
0.406576
0.397167
0.361704
0.366369
0.36974
0.387021
0.413654
0.389266
0.365326
0.365901
0.363905
0.358995
0.359714
0.357457
0.350596
0.367768
0.389563
0.416314
0.461525
0.400903
0.393379
0.391077
0.386801
0.397629
0.418919
0.401959
0.398275
0.42413
0.41347
0.420437
0.401993
0.410013
0.40234
0.385562
0.378827
0.391672
0.387127
0.397383
0.396297
0.387129
0.383658
0.36992
0.369768
0.378743
0.360964
0.36658
0.373727
0.38278
0.379041
0.364949
0.371915
0.385068
0.388599
0.393588
0.430487
0.429492
0.437406
0.413668
0.428735
0.379393
0.457033
0.529173
0.531116
0.451936
0.393104
0.448015
0.359927
0.372031
0.401506
0.414518
0.390067
0.420575
0.417404
0.419957
0.400041
0.422473
0.380902
0.389393
0.389254
0.384197
0.395016
0.382724
0.374577
0.384497
0.392503
0.38069
0.39337
0.396487
0.39316
0.395747
