0.523343
0.483917
0.474482
0.484168
0.478111
0.470569
0.456522
0.45342
0.432731
0.436448
0.403159
0.40085
0.380667
0.365439
0.366657
0.382483
0.391964
0.382131
0.364772
0.380753
0.422356
0.412371
0.4512
0.434644
0.411399
0.395689
0.396935
0.413322
0.379947
0.348037
0.352125
0.449188
0.432665
0.409688
0.381506
0.423742
0.444217
0.416962
0.391574
0.413604
0.436867
0.43274
0.404597
0.41172
0.419909
0.44055
0.385668
0.395672
0.433433
0.371492
0.381362
0.398646
0.403881
0.433942
0.378021
0.369749
0.431149
0.40713
0.421296
0.410215
0.418724
0.387546
0.447078
0.405938
0.36113
0.364813
0.389096
0.365044
0.38067
0.367413
0.402561
0.394859
0.367379
0.353584
0.364314
0.380845
0.402137
0.392944
0.364864
0.442848
0.392413
0.409821
0.455695
0.49252
0.386691
0.415185
0.459145
0.383918
0.381829
0.381629
0.39556
0.423237
0.440916
0.47957
0.423333
0.396585
0.399105
0.405058
0.367964
0.349281
0.3578
0.371113
0.373455
0.382091
0.383339
0.42967
0.443847
0.412741
0.415608
0.361312
0.384254
0.386164
0.362967
0.368952
0.372537
0.382645
0.426487
0.384506
0.440704
0.490833
0.474125
0.39258
0.379085
0.400403
0.350644
0.368165
0.400983
0.389757
0.356668
0.350744
0.369368
0.39258
0.385072
0.383917
0.357979
0.369965
0.368603
0.381023
0.366463
0.363277
0.368446
0.368877
0.344975
0.384904
0.382001
0.388708
0.376171
0.363996
0.369041
0.374287
0.361672
0.395411
0.408893
0.463288
0.41436
0.396271
0.359734
0.349252
0.386997
0.392374
0.377237
0.390818
0.38329
0.394845
0.402236
0.403178
0.361736
0.366312
0.374566
0.361627
0.356292
0.380494
0.379632
0.372456
0.385248
0.407225
0.435499
0.427307
0.398999
0.427724
0.409518
0.36931
0.413007
0.445244
0.47785
0.433777
0.409638
0.419629
0.403618
0.397298
0.434008
0.463276
0.444799
0.425917
0.38008
0.364086
0.360852
0.375803
0.370358
0.387679
0.375034
0.365333
0.358651
0.41099
0.379611
0.374019
0.368813
0.374282
0.391874
0.379378
0.386306
0.404897
0.420493
0.407948
0.447415
0.506496
0.399023
0.358823
0.370678
0.406439
0.417162
0.403989
0.397206
0.430248
0.40474
0.414167
0.431502
0.461489
0.357414
0.357147
0.374761
0.414775
0.449504
0.385926
0.365973
0.365147
0.36296
0.435115
0.397226
0.426407
0.382361
0.449452
0.467488
0.420259
0.434532
0.390298
0.418887
0.42746
0.409127
0.403736
0.40789
0.400221
0.38662
0.388218
0.387897
0.36198
0.372474
0.368406
0.388202
0.405012
0.38813
0.360946
0.360253
0.394615
0.414758
0.413121
0.409683
0.524514
0.399524
0.374921
0.380439
0.384022
0.36971
0.387012
0.430835
0.398508
0.381634
0.396429
0.396062
0.425169
0.440476
0.421788
0.374482
0.410699
0.426615
0.414892
0.446451
0.501197
0.54746
0.428215
0.40742
0.430857
0.391699
0.400271
0.410959
0.416572
0.41523
0.353164
0.383731
0.373515
0.459162
0.437675
0.3996
0.406406
0.402047
0.435428
0.435358
0.393572
0.412867
0.435572
0.447914
0.488032
0.484751
0.423814
0.408944
0.409433
0.364784
0.391882
0.386443
0.404022
0.404996
0.489214
0.50248
0.453494
0.404368
0.384411
0.368603
0.388411
0.369741
0.374684
0.409178
0.448727
0.432903
0.426194
0.439058
0.448428
0.422419
0.394792
0.371041
0.380995
0.38982
0.389635
0.461384
0.437697
0.370217
0.397358
0.367444
0.371345
0.355169
0.359893
0.39792
0.39249
0.409777
0.452949
0.448844
0.456506
0.451745
0.477283
0.41352
0.420588
0.406435
0.376164
0.404104
0.399663
0.383399
0.358274
0.344661
0.343389
0.378004
0.367298
0.344872
0.353284
0.393714
0.405545
0.373898
0.464084
0.426902
0.363891
0.397213
0.375221
0.355662
0.382474
0.400914
0.391092
0.412175
0.432925
0.439481
0.369249
0.395991
0.452064
0.452058
0.495193
0.419779
0.429414
0.397152
0.423778
0.408158
0.398954
0.390927
0.417966
0.446007
0.448688
0.447662
0.430891
0.438214
0.408949
0.424057
0.52937
0.438028
0.449962
0.439181
0.451223
0.442351
0.425971
0.399265
0.422421
0.442063
0.416813
0.442129
0.524479
0.489686
0.467951
0.415039
0.474848
0.441025
0.447306
0.467497
0.470891
0.444823
0.407004
0.420128
0.438033
0.420444
0.523901
0.398392
0.415719
0.368113
0.387528
0.381958
0.403587
0.41924
0.397878
0.398887
0.351525
0.378546
0.446131
0.549433
0.491727
0.503111
0.440751
0.474854
0.481401
0.497688
0.472765
0.453514
0.391944
0.387276
0.42295
0.450458
0.441161
0.451099
0.459572
0.435643
0.504275
0.377715
0.350545
0.374608
0.419952
0.427439
0.504291
0.477231
0.473592
0.454487
0.478499
0.490751
0.505162
0.427381
0.404565
0.404717
0.401893
0.373066
0.369876
0.40753
0.399374
0.428879
0.399497
0.425645
0.389351
0.364467
0.361369
0.360759
0.379902
0.392368
0.394791
0.377925
0.399647
0.36935
0.406236
0.401824
0.379575
0.391639
0.444793
0.408674
0.40348
0.38782
0.39564
