0.532922
0.483083
0.468802
0.493465
0.471924
0.476063
0.467276
0.45808
0.455182
0.431278
0.4336
0.412931
0.399311
0.387891
0.359983
0.376443
0.366568
0.387172
0.401584
0.371439
0.362654
0.379342
0.427896
0.407113
0.408713
0
0
0
0.415713
0.428556
0.460268
0.427075
0.400402
0.397116
0.394769
0.412404
0.397058
0.344884
0.351638
0.395386
0.463856
0.418549
0.396361
0.38587
0.427481
0.447118
0.422095
0.387489
0.414917
0.41218
0.440506
0.420036
0.415269
0.406096
0.414667
0.448314
0.405638
0.392985
0.403648
0.420144
0.371618
0.374957
0.408111
0.4046
0.439953
0.368635
0.36935
0.430116
0.411966
0.436499
0.405979
0.419381
0.426481
0.391492
0.415588
0.419602
0.425119
0.388317
0.359484
0.37208
0.38183
0.375174
0.36969
0.37395
0.404165
0.392681
0.365345
0.353727
0.366388
0.376105
0.40652
0.395358
0.359618
0.434387
0.406578
0.38767
0.444497
0.466247
0.494967
0.38333
0.408231
0.469312
0.39287
0.379159
0.379981
0.399977
0.408338
0.422873
0.464866
0.459966
0.415045
0.397636
0.397803
0.402929
0.367967
0.349201
0.353105
0.368462
0.359141
0.37591
0.367306
0.382399
0.374264
0.408581
0.456657
0.41552
0.417188
0.412659
0.358917
0.384857
0.384587
0.373092
0.353963
0.388318
0.369267
0.391579
0.430171
0.379915
0.451911
0.498517
0.486821
0.389886
0.389246
0.388696
0.376575
0.348944
0.394204
0.385434
0.377506
0.406349
0.387069
0.34958
0.358286
0.370719
0.395948
0.383778
0.384437
0.35723
0.367585
0.374196
0.372464
0.378684
0.35531
0.37709
0.368579
0.352084
0.352907
0.389081
0.385109
0.393281
0.370771
0.36109
0.368995
0.375432
0.362804
0.383463
0.412684
0.39802
0.469868
0.411042
0.39998
0.386432
0.353515
0.347688
0.397582
0.393204
0.381914
0.364414
0.378362
0.390264
0.382216
0.395476
0.401036
0.406461
0.370487
0.362127
0.367327
0.373278
0.355146
0.366998
0.386891
0.374283
0.375696
0.377949
0.436438
0.435788
0.408896
0.418514
0.414941
0.411232
0.366996
0.411887
0.44358
0.482518
0.460763
0.434654
0.40962
0.416082
0.411145
0.394013
0.408853
0.469823
0.444275
0.465465
0.379467
0.385452
0.371436
0.364293
0.346701
0.379272
0.367786
0.373604
0.390269
0.371689
0.364459
0.356507
0.408257
0.39203
0.376033
0.361548
0.369335
0.386044
0.398612
0.374302
0.388224
0.404291
0.421149
0.409816
0.439509
0.450231
0.505864
0.417055
0.359966
0.365586
0.396696
0.412565
0.409515
0.403905
0.419836
0.410152
0.391397
0.436103
0.407816
0.434173
0.469789
0.401404
0.352279
0.363645
0.376998
0.432307
0.443988
0.387234
0.367577
0.362831
0.366272
0.413445
0.41625
0.413496
0.403337
0.406987
0.450817
0.462485
0.424323
0.424053
0.413143
0.38823
0.439944
0.425188
0.39291
0.406062
0.424428
0.427921
0.381224
0.398036
0.383283
0.387007
0.391563
0.359957
0.374682
0.366446
0.374865
0.408468
0.404327
0.371669
0.349623
0.375164
0.397675
0.412908
0.414977
0.405277
0.506662
0.521238
0.401634
0.383691
0.363953
0.395577
0.371523
0.367218
0.40018
0.432685
0.398382
0.397198
0
0
0
0.393458
0.397291
0.387421
0.387814
0.413903
0.437279
0.437429
0.394197
0.394212
0.410011
0.420791
0.4182
0.463299
0.498628
0.55326
0.543036
0.429976
0.411787
0.428669
0.397367
0.399037
0.402924
0.409953
0.40336
0.433284
0.431312
0.389523
0.353225
0.38768
0.373233
0.459337
0.43016
0.415369
0.411222
0.393519
0.427215
0.443911
0.403297
0.405757
0.412341
0.437101
0.45084
0.488031
0.533046
0.502662
0.415047
0.417915
0.422286
0.370881
0.369038
0.403186
0.380752
0.399281
0.428879
0.376728
0.396935
0.49022
0.50249
0.463512
0.426154
0.371882
0.379793
0.38949
0.362335
0.374444
0.384604
0.419445
0.467828
0.422825
0.42553
0.433215
0.450144
0.438748
0.403182
0.370419
0.369459
0.386499
0.406873
0.3701
0.380666
0.436192
0.456652
0.398563
0.389118
0.391511
0.363529
0.368644
0.354254
0.360472
0.400883
0.392249
0.407178
0.447305
0.451674
0.448424
0.477289
0.433198
0.506581
0.142857
0
0
0.420154
0.414788
0.42031
0.393205
0.384444
0.403615
0.398
0.387118
0.355019
0.347664
0.345052
0.368841
0.377298
0.34722
0.345364
0.37622
0.412716
0.375275
0.396659
0.482194
0.142857
0
0
0.400267
0.430581
0.359505
0.399075
0.379403
0.353507
0.370023
0.402257
0.395122
0.407694
0.416853
0.435767
0.423647
0.367923
0.397214
0.451589
0.446876
0.501888
0.464672
0.142857
0
0
0.418514
0.418232
0.4331
0.396677
0.4198
0.417815
0.392182
0.390007
0.409535
0.44315
0.437343
0.449331
0.444496
0.430139
0.438989
0.408751
0.425683
0.482622
0.54108
0.431262
0.452615
0.4502
0.439571
0.462112
0.441867
0.369774
0.362132
0.438463
0.417259
0.419206
0.383237
0.467958
0.424033
0.416918
0.473977
0.534855
0.493878
0.471667
0.414482
0.470027
0.451819
0.436146
0.458745
0.478043
0.462881
0.412231
0.426338
0.425062
0.427512
0.430372
0.511025
0.541443
0.39436
0.4106
0.427139
0.411548
0.385909
0.366881
0.400936
0.36526
0.433837
0.399755
0.40485
0.395706
0.351289
0.371768
0.431176
0.507145
0.556093
0.495956
0.497206
0.50994
0.409071
0
0.434397
0.454598
0.477283
0.471471
0.510764
0.477172
0.472691
0.454846
0.39317
0.389346
0.418027
0.43093
0.438966
0.470625
0.439567
0.449633
0.471442
0.413249
0.468525
0.534163
0.142857
0.393492
0.387643
0.366701
0.349808
0.378087
0.419356
0.429837
0.479232
0.492455
0.142857
0
0.42299
0.481346
0.477814
0.460898
0.444073
0.493616
0.502431
0.510169
0.444059
0.403104
0.397033
0.41591
0.395169
0.366182
0.369747
0.400634
0.404844
0.432253
0.418332
0.3942
0.39297
0.406572
0.411946
0.379599
0.363714
0.358935
0.361326
0.372868
0.399123
0.393105
0.38444
0.40072
0.376658
0.384373
0.405014
0.395701
0.374871
0.399586
0.446039
0.36337
0.39687
0.401744
0.38648
0.393665
0.395062
0
0
0
0
0
0.375913
