0.538157
0.527774
0.492453
0.4739
0.485766
0.450755
0.493304
0.493624
0.472777
0.47107
0.482695
0.469295
0.476229
0.458323
0.455946
0.460214
0.451461
0.458902
0.442384
0.420173
0.403811
0.463389
0.415119
0.410743
0.396207
0.402414
0.388008
0.387773
0.364491
0.355474
0.379778
0.373107
0.360496
0.37264
0.388892
0.385451
0.397316
0.405852
0.380755
0.362123
0.37546
0.349313
0.350428
0.408257
0.438554
0.417238
0.416919
0.397306
0.408713
0
0
0
0
0
0
0
0.405592
0.419776
0.41525
0.441047
0.436192
0.484345
0.415871
0.438279
0.391789
0.409015
0.409568
0.384663
0.389252
0.400286
0.406726
0.418081
0.413176
0.380941
0.350146
0.339622
0.360019
0.343256
0.360505
0.430266
0.463608
0.464114
0.416904
0.420194
0.416578
0.376144
0.37818
0.39356
0.422218
0.43264
0.45973
0.434506
0.413116
0.431256
0.381573
0.393404
0.404761
0.425073
0.407652
0.445981
0.434883
0.405642
0.43395
0.455818
0.374721
0.412513
0.399806
0.407671
0.421592
0.464181
0.432447
0.421765
0.389503
0.378553
0.407418
0.383679
0.423617
0.440403
0.399884
0.35506
0.388176
0.380172
0.369742
0.419956
0.396265
0.404305
0.404894
0.443043
0.436863
0.372999
0.36427
0.368309
0.37039
0.442509
0.416697
0.416418
0.401471
0.452663
0.420417
0.430359
0.381599
0.41747
0.421406
0.433849
0.419997
0.364818
0.418167
0.454258
0.376918
0.388865
0.450338
0.441055
0.409184
0.404238
0.372395
0.35161
0.367359
0.358894
0.385817
0.385121
0.378539
0.357241
0.393106
0.378744
0.360636
0.362403
0.385497
0.399052
0.409278
0.397889
0.387472
0.365846
0.364843
0.351146
0.356307
0.388064
0.344711
0.370061
0.382148
0.40333
0.409709
0.396698
0.394019
0.362873
0.356364
0.408822
0.459952
0.408564
0.404592
0.382305
0.393036
0.439712
0.449319
0.457988
0.474719
0.513866
0.474057
0.368263
0.398186
0.386369
0.430092
0.45188
0.486744
0.410039
0.375701
0.369467
0.38885
0.38372
0.376242
0.400209
0.399744
0.384194
0.432483
0.414813
0.430933
0.450628
0.479105
0.478737
0.441195
0.411314
0.418776
0.395697
0.399576
0.403374
0.392812
0.405884
0.399972
0.378862
0.357071
0.354319
0.344082
0.349609
0.356601
0.368401
0.371295
0.354736
0.363545
0.382403
0.369416
0.355839
0.378774
0.372805
0.391993
0.378452
0.370076
0.396322
0.420839
0.432976
0.480339
0.433489
0.39755
0.428403
0.405973
0.425039
0.400278
0.357331
0.360503
0.39637
0.373343
0.384105
0.385068
0.392663
0.353522
0.346981
0.360945
0.392199
0.384437
0.35394
0.384594
0.384923
0.398235
0.444703
0.415639
0.377044
0.382786
0.464971
0.438807
0.509549
0.487353
0.481782
0.492182
0.386911
0.39286
0.409876
0.368617
0.379582
0.397811
0.403308
0.349841
0.351925
0.346053
0.371674
0.416915
0.41096
0.359908
0.361265
0.401322
0.402809
0.406554
0.404582
0.369198
0.351932
0.347229
0.347204
0.36983
0.370214
0.371188
0.388802
0.403008
0.364657
0.402899
0.374556
0.394317
0.362577
0.351884
0.368268
0.366902
0.376323
0.372069
0.362991
0.381938
0.382818
0.37455
0.350701
0.359919
0.373365
0.380816
0.355506
0.381652
0.354054
0.350114
0.343896
0.361918
0.405238
0.372924
0.385658
0.384561
0.375811
0.410751
0.375973
0.365568
0.366853
0.355326
0.374511
0.363413
0.379444
0.37142
0.36261
0.362998
0.36145
0.405475
0.423496
0.401871
0.402958
0.515
0.425872
0.425049
0.397035
0.405242
0.394719
0.410272
0.362592
0.354018
0.35301
0.348277
0.3471
0.394409
0.400756
0.392346
0.394062
0.378337
0.385491
0.360147
0.375423
0.36082
0.395905
0.402564
0.377964
0.395256
0.369176
0.391731
0.399221
0.398024
0.404048
0.404529
0.408392
0.387502
0.353472
0.358769
0.365484
0.361868
0.372699
0.382146
0.364328
0.357517
0.352774
0.359207
0.374789
0.387204
0.386578
0.375334
0.373232
0.369945
0.381447
0.390897
0.365
0.413939
0.458936
0.417157
0.454456
0.43711
0.380682
0.394228
0.4428
0.412201
0.41768
0.406237
0.416219
0.368075
0.365918
0.382414
0.441359
0.446516
0.440643
0.47926
0.485776
0.467266
0.429336
0.439961
0.431127
0.387673
0.412393
0.41977
0.424979
0.397311
0.404792
0.383234
0.405576
0.41213
0.470375
0.46927
0.458289
0.430262
0.462677
0.468253
0.394719
0.364215
0.379637
0.391267
0.36862
0.376696
0.364565
0.364238
0.346527
0.346874
0.374239
0.384305
0.371525
0.364047
0.36785
0.379359
0.386981
0.393558
0.394689
0.348688
0.356971
0.371348
0.364456
0.348556
0.400116
0.416398
0.408939
0.375121
0.365884
0.386182
0.360578
0.362518
0.37649
0.362181
0.38606
0.386028
0.391436
0.405789
0.357656
0.390948
0.373944
0.402504
0.427515
0.381066
0.402116
0.440572
0.420426
0.399205
0.421598
0.45755
0.462802
0.547098
0.467664
0.469331
0.36478
0.360294
0.359637
0.366267
0.364906
0.388605
0.404787
0.417565
0.407564
0.421959
0.397071
0.41244
0.39537
0.396018
0.443654
0.423037
0.397057
0.412611
0.370523
0.445868
0.39325
0.383144
0.421056
0.444297
0.424048
0.447607
0.494436
0.438824
0.363985
0.357598
0.34696
0.363353
0.363937
0.384617
0.369378
0.392827
0.471787
0.492337
0.39564
0.407052
0.367416
0.376845
0.35831
0.376605
0.349057
0.368804
0.36374
0.378292
0.448597
0.431992
0.400508
0.388195
0.439052
0.41661
0.390065
0.367175
0.4468
0.461155
0.439678
0.470322
0.454648
0.46355
0.385095
0.417989
0.430177
0.453108
0.374776
0.373068
0.403392
0.454979
0.425013
0.422399
0.428053
0.396141
0.389678
0.392033
0.42009
0.432739
0.410176
0.472714
0.417973
0.365756
0.396692
0.405562
0.39051
0.387545
0.379022
0.385547
0.388467
0.391681
0.391445
0.367309
0.352605
0.394086
0.355279
0.373053
0.360397
0.370012
0.379717
0.408618
0.408319
0.401432
0.407222
0.37062
0.372718
0.354983
0.344263
0.357398
0.392928
0.388021
0.407329
0.416011
0.409806
0.403094
0.42686
0.412831
0.397723
0.465997
0.549022
0.538101
0.40896
0.394307
0.400225
0.367157
0.350351
0.377554
0.394026
0.397128
0.379858
0.363187
0.37312
0.361316
0.35863
0.44173
0.44141
0.423651
0.394921
0.40182
0.397198
0
0
0
0
0
0
0
0.401037
0.386531
0.407965
0.386724
0.373019
0.401823
0.386193
0.389435
0.40753
0.420276
0.434307
0.440132
0.442763
0.432095
0.421587
0.366808
0.379488
0.408936
0.413094
0.406928
0.441383
0.400198
0.400494
0.435906
0.448646
0.477952
0.512251
0.48555
0.54404
0.561845
0.549979
0.444757
0.415491
0.433691
0.39032
0.418664
0.438674
0.407078
0.387458
0.393038
0.405036
0.396678
0.40917
0.418284
0.401623
0.40601
0.399332
0.392905
0.445802
0.425596
0.436639
0.413911
0.36611
0.347106
0.359345
0.38656
0.388798
0.366846
0.379621
0.467125
0.451549
0.425431
0.434888
0.459801
0.371114
0.396296
0.426148
0.381459
0.405578
0.411664
0.442766
0.425688
0.462133
0.427828
0.378766
0.398959
0.412554
0.403984
0.420699
0.436178
0.438024
0.46426
0.437419
0.453698
0.523208
0.510161
0.554316
0.452383
0.40022
0.429873
0.429266
0.406565
0.409248
0.435323
0.384148
0.357614
0.365399
0.372676
0.391008
0.415362
0.405176
0.356329
0.368002
0.43056
0.464162
0.393597
0.380162
0.36895
0.398758
0.395112
0.485687
0.494752
0.503615
0.501355
0.476857
0.450166
0.438653
0.413655
0.369069
0.374694
0.394451
0.365205
0.375234
0.403746
0.368765
0.355944
0.385843
0.363045
0.378574
0.390633
0.41352
0.42537
0.461838
0.473818
0.422306
0.423342
0.424327
0.426732
0.423831
0.442598
0.444663
0.455589
0.45967
0.418436
0.394933
0.411431
0.368232
0.372606
0.369005
0.369912
0.391038
0.38196
0.416588
0.396069
0.376846
0.366438
0.381219
0.380113
0.416353
0.456031
0.476069
0.437236
0.440746
0.35638
0.378645
0.399591
0.394336
0.388685
0.364142
0.36286
0.373697
0.363677
0.359937
0.348572
0.3521
0.368843
0.387543
0.414223
0.395118
0.38938
0.393784
0.420571
0.431115
0.463872
0.462396
0.440953
0.44561
0.451238
0.478612
0.476045
0.414445
0.451951
0.511611
0.142857
0
0
0
0
0
0
0.420154
0.410282
0.419295
0.423271
0.417349
0.40609
0.380321
0.382598
0.38629
0.398611
0.40862
0.396635
0.399366
0.412965
0.36127
0.343109
0.366929
0.351969
0.343358
0.348552
0.341551
0.354556
0.383126
0.376817
0.377779
0.347255
0.347184
0.343342
0.347345
0.361618
0.390821
0.393018
0.432415
0.387957
0.362593
0.384589
0.408729
0.466147
0.496942
0.142857
0
0
0
0
0
0
0.400267
0.422595
0.438566
0.355542
0.363468
0.389313
0.408837
0.383067
0.375739
0.345376
0.361639
0.354643
0.385403
0.399506
0.405006
0.398632
0.391613
0.391504
0.423883
0.398323
0.435382
0.420195
0.451339
0.453777
0.393518
0.377696
0.358151
0.373305
0.421123
0.449326
0.453851
0.43625
0.457502
0.478301
0.525475
0.504408
0.142857
0
0
0
0
0
0
0.418514
0.418102
0.418357
0.431241
0.434734
0.413765
0.37959
0.38456
0.45504
0.430427
0.405203
0.385468
0.398894
0.393782
0.386232
0.410636
0.408433
0.426586
0.459714
0.43476
0.439925
0.447579
0.451083
0.464534
0.424458
0.430899
0.429377
0.424863
0.453114
0.42781
0.389693
0.409253
0.441969
0.439768
0.572168
0.509992
0.430487
0.432043
0.468596
0.436635
0.457679
0.442721
0.437204
0.441937
0.432595
0.491628
0.46265
0.420218
0.369774
0
0
0.362132
0.417626
0.4593
0.398744
0.435774
0.469738
0.368672
0.36501
0.401463
0.485525
0.45039
0.423064
0.425001
0.406537
0.427299
0.438161
0.509792
0.526848
0.542813
0.502274
0.485638
0.472943
0.470391
0.420938
0.408026
0.458869
0.481186
0.436197
0.46619
0.430742
0.44155
0.453022
0.464467
0.469562
0.486878
0.469368
0.456395
0.459105
0.365357
0.405646
0.44703
0.408863
0.441261
0.436246
0.418452
0.378576
0.482168
0.509739
0.51231
0.541325
0.541559
0.391281
0.397439
0.406225
0.414974
0.430056
0.424221
0.389073
0.42176
0.400546
0.371272
0.357555
0.376208
0.399452
0.40242
0.363409
0.367111
0.420465
0.447208
0.424188
0.375322
0.385501
0.423835
0.388315
0.403096
0.351732
0.350846
0.371758
0.371779
0.422352
0.439978
0.483488
0.568857
0.543384
0.503994
0.487918
0.492768
0.501644
0.50054
0.51934
0.408183
0.410224
0
0
0.367713
0.436434
0.443832
0.465363
0.474346
0.480218
0.493681
0.449261
0.507914
0.513613
0.485965
0.468378
0.47696
0.468413
0.453089
0.456596
0.402002
0.384338
0.392401
0.386291
0.399624
0.436431
0.413307
0.448553
0.435627
0.443343
0.474953
0.466261
0.458236
0.420898
0.444309
0.454956
0.467499
0.475385
0.416383
0.410116
0.47398
0.463071
0.561472
0.142857
0
0
0.393492
0.404877
0.385562
0.365841
0.367561
0.349715
0.3499
0.378942
0.377232
0.402326
0.436385
0.43301
0.426663
0.445151
0.513291
0.51011
0.142857
0
0
0
0
0.42299
0.453897
0.507675
0.485417
0.470211
0.445156
0.476639
0.449908
0.438238
0.513802
0.47343
0.501787
0.503084
0.4956
0.525636
0.482823
0.411032
0.392232
0.413976
0.396167
0.397899
0.406709
0.42511
0.386146
0.404192
0.368011
0.364352
0.378383
0.36111
0.372916
0.428074
0.412732
0.396956
0.416707
0.449071
0.401581
0.434474
0.39303
0.396862
0.379005
0.398005
0.383168
0.429976
0.428303
0.395588
0.389745
0.369534
0.363037
0.364392
0.36139
0.35648
0.361625
0.361026
0.372129
0.373608
0.405879
0.392368
0.397864
0.388346
0.388329
0.380439
0.375442
0.425796
0.373571
0.379744
0.356903
0.411842
0.399555
0.410473
0.399335
0.392067
0.378167
0.371534
0.377266
0.422269
0.435546
0.456531
0.166667
0.36337
0.386212
0.411273
0.410064
0.396751
0.383111
0.389848
0.393851
0.393482
0.395062
0
0
0
0
0
0
0
0
0
0
0
0.401769
0.353181
