0.423799
0.50463
0.59515
0.541266
0.593448
0.569676
0.585222
0.534905
0.478938
0.475166
0.454656
0.494818
0.556752
0.473398
0.47886
0.47456
0.458752
0.435032
0.507248
0.493902
0.445018
0.51669
0.481584
0.520744
0.464794
0.464279
0.462982
0.45267
0.431506
0.446064
0.492352
0.48939
0.504116
0.478231
0.503345
0.516078
0.489254
0.490802
0.48569
0.486288
0.456282
0.488522
0.420264
0.487278
0.511538
0.492724
0.459924
0.476684
0.47156
0.454454
0.48441
0.474396
0.48596
0.477224
0.49148
0.494134
0.45138
0.457706
0.458736
0.486209
0.473384
0.483768
0.474218
0.480958
0.468818
0.470952
0.470536
0.455486
0.454234
0.440404
0.441662
0.426508
0.447604
0.484638
0.479314
0.481066
0.47997
0.43868
0.445868
0.455482
0.446504
0.436576
0.447356
0.501026
0.425836
0.415022
0.45204
0.488642
0.469446
0.46936
0.43782
0.440096
0.430894
0.476744
0.42636
0.461952
0.459482
0.411828
0.394382
0.37322
0.387696
0.407258
0.393158
0.411786
0.419156
0.4264
0.443814
0.500926
0.450776
0.495026
0.446942
0.416728
0.392918
0.405086
0.413916
0.403898
0.41076
0.409532
0.424472
0.405046
0.379926
0.37925
0.402106
0.40552
0.41423
0.402192
0.39148
0.403672
0.407392
0.407328
0.41803
0.387178
0.36944
0.38562
0.379766
0.421476
0.40292
0.379246
0.375314
0.35991
0.357924
0.383694
0.377256
0.35946
0.34412
0.351024
0.353326
0.348198
0.352098
0.372724
0.370468
0.37736
0.389308
0.37961
0.382142
0.390436
0.392398
0.37096
0.354516
0.357218
0.35721
0.346454
0.358314
0.37736
0.363138
0.359186
0.36775
0.380438
0.364378
0.391446
0.402258
0.395966
0.367548
0.380832
0.397852
0.396142
0.374268
0.373954
0.386884
0.396004
0.398872
0.384064
0.400136
0.39934
0.404166
0.39059
0.394332
0.413616
0.419524
0.411198
0.410894
0.383862
0.367278
0.374768
0.366974
0.350216
0.351374
0.362442
0.372164
0.374418
0.383886
0.387558
0.37549
0.379314
0.35105
0.346534
0.342484
0.355992
0.348534
0.354352
0.345926
0.33991
0.34722
0.355406
0.363672
0.379006
0.388006
0.396838
0.417116
0.460316
0.47536
0.469128
0.387346
0.411878
0.449058
0.418438
0.449968
0.388894
0.41923
0.409654
0.388106
0.421134
0.408894
0.434
0.43246
0.407862
0.39005
0.37602
0.391142
0.421458
0.412126
0.404215
0.409263
0
0
0
0
0
0
0
0
0
0
0
0
0
0
0
0
0
0
0
0
0
0
0
0
0
0
0
0
0
0
0
0
0
0
0
0
0
0
0
0.392178
0.39853
0.413423
0.419866
0.407058
0.404952
0.443888
0.417507
0.403198
0.423748
0.422891
0.409732
0.415218
0.415889
0.433568
0.443812
0.454898
0.45455
0.435178
0.412076
0.407738
0.47004
0.45592
0.467522
0.517338
0.445448
0.48603
0.505382
0.47384
0.411098
0.43032
0.371822
0.392274
0.379692
0.47228
0.423544
0.464364
0.451516
0.408482
0.41551
0.387614
0.376544
0.370788
0.398556
0.412488
0.423382
0.426444
0.384202
0.417832
0.427282
0.404588
0.408626
0.389508
0.382162
0.374078
0.380302
0.378968
0.407804
0.381378
0.385332
0.384988
0.395876
0.398682
0.371728
0.41409
0.435292
0.391164
0.389154
0.413616
0.397908
0.40523
0.4048
0.412076
0.397664
0.42805
0.38956
0.441192
0.433932
0.414404
0.42787
0.405156
0.415322
0.403124
0.395644
0.391094
0.385442
0.36467
0.36785
0.359474
0.360786
0.34829
0.341498
0.340684
0.339814
0.338162
0.333256
0.342342
0.344534
0.345068
0.35922
0.372828
0.367944
0.355032
0.34316
0.341384
0.340538
0.348576
0.34262
0.357282
0.352764
0.380836
0.355778
0.355862
0.36403
0.405152
0.40982
0.47585
0.496476
0.48478
0.43537
0.464292
0.473502
0.460092
0.471152
0.466798
0.47951
0.442925
0.457355
0.424594
0.390538
0.457108
0.409606
0.402672
0.432642
0.397892
0.429628
0.405396
0.435408
0.412306
0.43731
0.405874
0.418588
0.40881
0.409204
0.37422
0.373624
0.359974
0.363698
0.387196
0.371434
0.371968
0.396236
0.364066
0.386578
0.39275
0.403688
0.398936
0.385846
0.40348
0.409352
0.41986
0.455538
0.426188
0.429658
0.389642
0.408824
0.469664
0.465406
0.416402
0.423098
0.508872
0.502118
0.448156
0.431428
0.444562
0.44533
0.440728
0.410478
0.417224
0.419532
0.412276
0.402434
0.41411
0.433942
0.441971
0.427392
0.426288
0.42776
0.418044
0.370636
0.39105
0.36571
0.362418
0.37982
0.405552
0.399018
0.391612
0.391018
0.417538
0.399762
0.406962
0.379006
0.420532
0.417128
0.43725
0.444184
0.409754
0.41705
0.423766
0.414978
0.380476
0.382713
0.439891
0.43205
0.448998
0.443024
0.490428
0.415394
0.469138
0.478618
0.456658
0.389642
0.380732
0.384905
0.416176
0.395322
0.408586
0.419758
0.399412
0.431054
0.446336
0.446938
0.446008
0.507284
0.469938
0.433182
0.462496
0.406184
0.404674
0.359216
0.353296
0.362942
0.393476
0.398216
0.43608
0.444229
0.40828
0.378932
0.395774
0.392174
0.386354
0.398532
0.426196
0.43983
0.45033
0.405495
0.376862
0.365726
0.378714
0.431812
0.45474
0.427844
0.414846
0.485252
0.415646
0.439312
0.491298
0.489392
0.428918
0.41595
0.445504
0.448636
0.423224
0.440152
0.4164
0.452334
0.389302
0.410582
0.392317
0.40468
0.404398
0.37619
0.369938
0.350076
0.3624
0.382296
0.402514
0.395476
0.408596
0.410734
0.43017
0.387946
0.399638
0.384202
0.354622
0.354564
0.392452
0.432552
0.442556
0.47909
0.39638
0.402522
0.397536
0.448544
0.415596
0.44261
0.426378
0.46888
0.439228
0.39655
0.410616
0.38708
0.365946
0.35701
0.360182
0.355918
0.34825
0.353938
0.365612
0.365668
0.39512
0.400188
0.414288
0.397284
0.397264
0.387688
0.362304
0.356318
0.354852
0.359722
0.37332
0.377608
0.383206
0.41688
0.43334
0.393458
0.428774
0.427326
0.393922
0.372986
0.381062
0.407218
0.426132
0.437126
0.424818
0.399032
0.388252
0.372294
0.39993
0.39495
0.399412
0.412946
0.417228
0.447832
0.44193
0.43187
0.474442
0.419138
0.381602
0.473886
0.412666
0.458612
0.45755
0.39959
0.395618
0.363056
0.358536
0.348196
0.35139
0.34705
0.356758
0.391264
0.374888
0.39862
0.376948
0.354584
0.358396
0.352996
0.348002
0.358126
0.356808
0.387626
0.401386
0.457494
0.479326
0.443406
0.410236
0.422078
0.423
0.426076
0.414546
0.40599
0.410753
0
0.366282
0.427526
0.398027
0
0
0
0
0
0.401471
0.476876
0.406476
0.476598
0.497724
0.404431
0.419904
0.432304
0.434644
0.396032
0.4192
0.42656
0.450632
0.441364
0.423598
0.409638
0.393614
0.366716
0.356164
0.37401
0.417486
0.427902
0.438042
0.431554
0.407376
0.38247
0.383208
0.396424
0.42173
0.477472
0.434452
0.440309
0.4356
0.421459
0.44292
0.431174
0.413054
0.434498
0.446996
0.417268
0.388164
0.37617
0.364294
0.356834
0.364906
0.361882
0.376012
0.410638
0.406858
0.439054
0.458264
0.405634
0.463466
0.508244
0.455148
0.438792
0.407992
0.370262
0.35339
0.364572
0.388372
0.389142
0.360256
0.3691
0.383998
0.441826
0.457102
0.464878
0.476584
0.44386
0.409264
0.437308
0.454026
0.463152
0.44843
0.402352
0.404172
0.410678
0.389708
0.407776
0.433584
0.416192
0.389462
0.40032
0.424844
0.39037
0.37582
0.373304
0.376366
0.380496
0.355986
0.36103
0.348326
0.34507
0.352978
0.35064
0.354282
0.365438
0.360746
0.380028
0.376298
0.369298
0.358708
0.354094
0.351156
0.36121
0.378542
0.378068
0.363934
0.40677
0.40596
0.37981
0.37756
0.384704
0.394692
0.388832
0.409746
0.390636
0.372958
0.36765
0.351702
0.356264
0.342764
0.34418
0.37387
0.369126
0.371976
0.387536
0.3884
0.408668
0.408948
0.375796
0.397102
0.384042
0.377794
0.358982
0.370006
0.353158
0.355468
0.363524
0.361024
0.367938
0.362402
0.368466
0.353762
0.359442
0.362538
0.37877
0.39823
0.39604
0.391902
0.394622
0.38767
0.419352
0.395556
0.398058
0.426138
0.410326
0.404362
0.407996
0.397568
0.410014
0.3822
0.395712
0.405808
0.39571
0.39918
0.387168
0.391654
0.380374
0.378982
0.370658
0.362798
0.363066
0.359276
0.37343
0.366406
0.373876
0.375396
0.36535
0.343188
0.339218
0.346202
0.345054
0.354796
0.370456
0.360662
0.353926
0.363396
0.350068
0.353482
0.376472
0.385268
0.3927
0.39144
0.394436
0.354812
0.349698
0.334966
0.343838
0.34024
0.338544
0.360484
0.382596
0.386042
0.382636
0.404204
0.399526
0.377714
0.355374
0.37392
0.398154
0.397324
0.412696
0.41177
0.396704
0.44049
0.403772
0.39234
0.410052
0.401886
0.376792
0.372926
0.425162
0.418912
0.389692
0.405566
0.420898
0.40785
0.372138
0.363638
0.366052
0.373956
0.36555
0.35645
0.352352
0.339908
0.366474
0.35886
0.361614
0.354958
0.378176
0.389198
0.3951
0.426294
0.455334
0.412974
0.45291
0.492034
0.452388
0.489452
0.48559
0.400024
0.382878
0.385648
0.388676
0.396366
0.409468
0.392448
0.407864
0.416814
0.39844
0.374654
0.374204
0.370504
0.393722
0.406282
0.410324
0.38095
0.374308
0.39331
0.404404
0.41919
0.435702
0.454586
0.484678
0.442558
0.473488
0.473875
0.42854
0.429116
0.444354
0.456896
0.470228
0.465904
0.452556
0.43669
0.476394
0.488932
0.4627
0.50736
0.497192
0.492304
0.55046
0.500014
0.52852
0.466233
0.374748
0.36437
0.364412
0.367406
0.370828
0.383956
0.395164
0.392904
0.3965
0.422404
0.426476
0.38744
0.373194
0.372464
0.37227
0.391176
0.400632
0.438182
0.43923
0.481238
0.481156
0.476096
0.446154
0.446762
0.409224
0.48025
0.518408
0.494544
0.467466
0.473042
0.437404
0.402426
0.427944
0.400264
0.382152
0.38252
0.375242
0.372584
0.36207
0.386084
0.388952
0.366908
0.364514
0.36551
0.361452
0.375422
0.38364
0.415178
0.392908
0.377096
0.386456
0.388702
0.37906
0.382184
0.382192
0.406036
0.368552
0.37879
0.367158
0.360672
0.374092
0.387878
0.397152
0.40789
0.43403
0.43125
0.416592
0.385766
0.395748
0.369358
0.358334
0.363332
0.377552
0.414228
0.407516
0.439212
0.456752
0.435586
0.439342
0.391522
0.41423
0.416922
0.410792
0.392194
0.439926
0.453366
0.429834
0.418462
0.418768
0.434234
0.44449
0.444486
0.42974
0.477924
0.456494
0.446188
0.464934
0.49178
0.49411
0.498508
0.533456
0.447036
0.417464
0.464164
0.53156
0.456562
0.458282
0.440576
0.424644
0.42591
0.411534
0.417812
0.396424
0.414546
0.416252
0.420164
0.454332
0.4184
0.394628
0.406352
0.384468
0.38514
0.395282
0.409044
0.404546
0.398062
0.387688
0.39841
0.415792
0.397924
0.397716
0.405818
0.401562
0.425596
0.385228
0.390418
0.378954
0.3887
0.405836
0.400148
0.376522
0.373318
0.405916
0.417934
0.45573
0.431674
0.420262
0.405386
0.374744
0.367794
0.383582
0.437398
0.353714
0.357318
0.362292
0.358582
0.36423
0.361092
0.353274
0.348178
0.347604
0.345404
0.358062
0.36061
0.359912
0.355178
0.33429
0.341172
0.342484
0.347284
0.34405
0.341212
0.347418
0.354248
0.361116
0.360168
0.369668
0.351314
0.348416
0.35344
0.367184
0.37534
0
0
0
0
0
0
0
0.371295
0.378096
0.361552
0.345894
0.344798
0.343342
0.356222
0.35397
0.353814
0.374284
0.37943
0.375894
0.377256
0.391578
0.390166
0.377122
0.399464
0.385472
0.365074
0.351758
0.345312
0.34543
0.351496
0.355288
0.359904
0.36707
0.363794
0.377044
0.377068
0.397512
0.378452
0.385816
0.39142
0.354428
0.363242
0.369118
0.38588
0.388946
0.388852
0.405388
0.390894
0.402572
0.37234
0.356632
0.385534
0.375176
0.371376
0.368724
0.371038
0.360082
0.379162
0.397142
0.417062
0.396334
0.406656
0.364412
0.393448
0.396998
0.402938
0.444498
0.466308
0.420208
0.432
0.436002
0.421926
0.45474
0.476282
0.496504
0.49127
0.440644
0.49699
0.477798
0.47966
0.439548
0.385744
0.384694
0.39473
0.389596
0.381756
0.39514
0.426522
0.439858
0.441116
0.443096
0.410528
0.40741
0.396136
0.40881
0.391084
0.408104
0.425722
0.438848
0.424466
0.418288
0.417934
0.425656
0.415646
0.40963
0.374696
0.411364
0.390052
0.375326
0.354736
0.349442
0.348972
0.358178
0.36501
0.349142
0.36974
0.355846
0.362778
0.389698
0.403262
0.387442
0.396034
0.405412
0.3737
0.365516
0.365766
0.391818
0.369914
0.37773
0.364832
0.377976
0.39599
0.403994
0.397926
0.389916
0.386856
0.37316
0.377482
0.391986
0.389804
0.415096
0.382178
0.384248
0.371726
0.356574
0.352824
0.34221
0.344274
0.351722
0.346502
0.340522
0.351462
0.344694
0.346116
0.364526
0.362726
0.37167
0.359682
0.36117
0.384104
0.405052
0.416164
0.394502
0.395046
0.397758
0.40211
0.371086
0.356184
0.353266
0.358702
0.352102
0.350624
0.355
0.36917
0.40186
0.406956
0.366866
0.378116
0.385996
0.409382
0.378624
0.370566
0.380046
0.37749
0.392598
0.385834
0.406842
0.42841
0.470868
0.49556
0.398046
0.422514
0.436524
0.428234
0.43688
0.41002
0.420102
0.382954
0.395886
0.370712
0.38199
0.369972
0.366662
0.37205
0.36555
0.379008
0.398744
0.398578
0.459314
0.458304
0.47231
0.443328
0.490158
0.443776
0.413292
0.466492
0.424653
0.444336
0.410238
0.554474
0.539192
0.545922
0.50094
0.481234
0.506798
0.538319
0.465434
0.453128
0.426832
0.46522
0.508698
0.490218
0.517938
0.510978
0.53656
0.509997
0.45009
0.458626
0.40664
0.398782
0.386816
0.366858
0.375454
0.39582
0.395924
0.390958
0.393868
0.387728
0.403232
0.416486
0.403374
0.402636
0.423648
0.37692
0.375392
0.361082
0.3647
0.364988
0.375438
0.377842
0.373284
0.382662
0.388674
0.369818
0.375724
0.402864
0.419724
0.420916
0.441092
0.431712
0.392942
0.395458
0.355334
0.35521
0.357406
0.344598
0.343854
0.348136
0.359128
0.35424
0.347935
0.354154
0.343047
0.350199
0.347698
0.344644
0.344532
0.343418
0.346428
0.35999
0.366158
0.3755
0.410294
0.427054
0.416776
0.39768
0.421922
0.421312
0.428704
0.422204
0.407348
0.406406
0.390136
0.368662
0.354488
0.35906
0.359874
0.357456
0.352912
0.348382
0.363838
0.362584
0.37861
0.393144
0.380292
0.416008
0.436748
0
0
0
0
0
0.402809
0.400016
0.417256
0.389488
0.410174
0.415832
0.40784
0.401064
0.383308
0.40225
0.428444
0.414262
0.374302
0.362344
0.347671
0.34525
0.34919
0.345938
0.350994
0.356726
0.35681
0.354082
0.34823
0.348326
0.33981
0.345694
0.346782
0.345898
0.344518
0.34639
0.352428
0.376586
0.368736
0.371842
0.3757
0.357456
0.353502
0.354624
0.362556
0.402409
0.389246
0.369132
0.362482
0.37302
0.37823
0.373072
0.370238
0.375743
0.393608
0.39635
0.407284
0.410546
0.4203
0.400168
0.391156
0.392866
0.368538
0.355442
0.370142
0.356974
0.372188
0.390954
0.392978
0.426416
0.408642
0.3955
0.378188
0.384132
0.373126
0.371132
0.366202
0.376704
0.405422
0.39086
0.406138
0.39246
0.384752
0.36918
0.355054
0.354118
0.34978
0.35261
0.357584
0.341568
0.344994
0.362662
0.373484
0.375858
0.374392
0.364362
0.353244
0.352932
0.35886
0.354486
0.366856
0.401372
0.390224
0.386564
0.379872
0.360256
0.364694
0.368414
0.369764
0.386236
0.372376
0.363554
0.350654
0.359302
0.371894
0.36544
0.367664
0.363776
0.36094
0.384906
0.399408
0.400656
0.373342
0.398084
0.400316
0.385338
0.357006
0.354282
0.37908
0.404154
0.367804
0.367426
0.362832
0.36306
0.341708
0.340808
0.345098
0.345542
0.342004
0.349602
0.367122
0.395324
0.37841
0.380526
0.363374
0.365888
0.378622
0.383664
0.367638
0.387416
0.377588
0.387768
0.36077
0.359994
0.355296
0.354822
0.346646
0.35142
0.36841
0.375806
0.396136
0.416486
0.36742
0.361896
0.35264
0.351002
0.33731
0.372742
0.343544
0.340852
0.34687
0.346558
0.345712
0.345646
0.342738
0.345438
0.339944
0.35152
0.344886
0.360404
0.362158
0.39062
0.415404
0.42126
0.411394
0.394742
0.383386
0.369418
0.365922
0.36528
0.38399
0.380008
0.375192
0.372658
0.383296
0.399112
0.398026
0.376048
0.375358
0.399416
0.39703
0.37495
0.372618
0.357646
0.386796
0.355664
0.406332
0.40574
0.421044
0.39207
0.422808
0.412092
0.38946
0.380622
0.373746
0.373948
0.362086
0.359754
0.357216
0.356466
0.36629
0.38811
0.386792
0.38863
0.363158
0.350364
0.345316
0.341222
0.337914
0.35649
0.37591
0.365092
0.352648
0.378506
0.41011
0.376538
0.35475
0.35194
0.349538
0.354464
0.366154
0.394278
0.403884
0.382722
0.401596
0.363086
0.34593
0.353376
0.353422
0.365872
0.39291
0.391514
0.362342
0.364958
0.35843
0.362002
0.365314
0.369092
0.36736
0.378662
0.350584
0.349294
0.352488
0.362068
0.352428
0.366662
0.373602
0.383414
0.39309
0.39546
0.417196
0.43821
0.430666
0.434714
0.43061
0.40412
0.417366
0.418034
0.396932
0.38532
0.421326
0.387744
0.386732
0.415288
0.432455
0.499771
0.534654
0.563682
0.515568
0.4594
0.448394
0.447304
0.434522
0.405542
0.393598
0.420818
0.417182
0.433512
0.449548
0.404178
0.408088
0.391056
0.381824
0.396634
0.407568
0.423934
0.45559
0.40908
0.380046
0.357556
0.355946
0.362634
0.391268
0.427982
0.435762
0.391924
0.397262
0.39717
0.434232
0.430768
0.399886
0.361088
0.352514
0.35112
0.348348
0.350146
0.351506
0.355246
0.359376
0.353814
0.352718
0.35669
0.352846
0.354778
0.348016
0.349714
0.348864
0.352914
0.345346
0.344544
0.345174
0.348022
0.348332
0.34599
0.347976
0.350906
0.36045
0.38698
0.44108
0.432628
0.416106
0.381632
0.408564
0.378972
0.418502
0.399368
0.386214
0.390548
0.391698
0.393898
0.40271
0.415128
0.405078
0.377702
0.369692
0.372094
0.393008
0.37723
0.376374
0.372978
0.389644
0.425518
0.383238
0.36474
0.36431
0.355856
0.359098
0.366197
0
0
0
0
0
0.387409
0.374018
0.367436
0.35502
0.349796
0.353138
0.378706
0.38267
0.386716
0.408958
0.405928
0.395248
0.41018
0.417814
0.404868
0.401866
0.378088
0.379854
0.38676
0.370018
0.371438
0.381746
0.379264
0.406646
0.40725
0.395136
0.38798
0.358382
0.372446
0.374792
0.377142
0.363114
0.389222
0.401538
0.39156
0.386966
0.389366
0.40169
0.409308
0.425706
0.374854
0.384544
0.389464
0.388804
0.409256
0.411804
0.390794
0.422598
0.398872
0.416422
0.396864
0.38548
0.38949
0.41667
0.423378
0.40191
0.391194
0.399526
0.41241
0.39592
0.419606
0.414494
0.394642
0.385274
0.389812
0.39188
0.3759
0.364858
0.361138
0.354098
0.344038
0.343228
0.342702
0.355784
0.365872
0.363264
0.366218
0.367162
0.369152
0.358824
0.360868
0.37141
0.371558
0.382846
0.348796
0.349337
0.355802
0.386988
0.364738
0.366268
0.368408
0.377088
0.393252
0.38779
0.391006
0.374292
0.364384
0.369904
0.379002
0.366794
0.348082
0.35811
0.355098
0.346758
0.354412
0.363752
0.367564
0.36626
0.368808
0.343194
0.350236
0.33537
0.344954
0.344568
0.353008
0.379318
0.374182
0.374314
0.3644
0.390606
0.380166
0.36446
0.369974
0.375918
0.383056
0.401288
0.405786
0.396406
0.38659
0.372678
0.390582
0.386632
0.38468
0.391708
0.388412
0.355972
0.355894
0.36937
0.38533
0.386728
0.365388
0.35934
0.353746
0.346878
0.363874
0.389658
0.39557
0.375016
0.372396
0.392692
0.396708
0.37042
0.366488
0.397846
0.421168
0.385024
0.383958
0.37216
0.371178
0.357304
0.362382
0.361972
0.379448
0.390618
0.416588
0.442898
0.44014
0.457696
0.475192
0.45066
0.450852
0.460274
0.436818
0.405042
0.404836
0.430814
0.408272
0.45449
0.442864
0.458184
0.483208
0.43357
0.404386
0.429626
0.475444
0.44949
0.426602
0.396808
0.389428
0.37732
0.362454
0.377394
0.402616
0.406342
0.390354
0.395446
0.376378
0.374248
0.410482
0.455782
0.46058
0.512908
0.429678
0.447218
0.417928
0.389758
0.376424
0.392748
0.412046
0.448092
0.43955
0.395962
0.387126
0.382596
0.406186
0.433498
0.421622
0.40443
0.400604
0.406924
0.425796
0.443338
0.393416
0.366642
0.349462
0.368204
0.362646
0.38742
0.369602
0.35486
0.356012
0.361692
0.366118
0.368902
0.386748
0.379266
0.411036
0.446804
0.453282
0.409228
0.435636
0.46184
0.40003
0.447022
0.441696
0.468892
0.474938
0.460716
0.44091
0.44205
0.42963
0.429906
0.466294
0.473232
0.501054
0.494532
0.461186
0.493952
0.454758
0.510314
0.485662
0.484188
0.43936
0.459721
0.439479
0.422444
0.448222
0.424928
0.411708
0.440566
0.468952
0.439202
0.42095
0.430132
0.416716
0.43774
0.40783
0.450856
0.442494
0.425174
0.39298
0.376364
0.367478
0.374348
0.401412
0.435666
0.418782
0.410058
0.396042
0.393396
0.422514
0.425146
0.425302
0.432488
0.446464
0.421364
0.434842
0.411448
0.410776
0.417614
0.419734
0.381878
0.377348
0.389976
0.416668
0.39007
0.39786
0.427402
0.391954
0.3717
0.368612
0.370264
0.38756
0.41803
0.406818
0.38786
0.417828
0.415904
0.399462
0.41986
0.395818
0.416492
0.381226
0.44725
0.436168
0.47656
0.462746
0.498308
0.47809
0.40787
0.46807
0.515696
0.494956
0.45975
0.464966
0.455218
0.444638
0.464638
0.46198
0.472792
0.408642
0.394076
0.459274
0.416522
0.439004
0.465292
0.442718
0.495082
0.471286
0.432004
0.492466
0.491588
0.492148
0.433058
0.361946
0.416894
0.403882
0.386784
0.404084
0.380528
0.360742
0.352904
0.357902
0.368996
0.355712
0.37156
0.377192
0.379122
0.414592
0.424164
0.414802
0.395722
0.35882
0.362826
0.353558
0.353084
0.36857
0.385174
0.38271
0.37358
0.384242
0.371957
0
0
0
0
0
0.362082
0.364907
0.349188
0.351268
0.366322
0.386562
0.367844
0.354132
0.340208
0.341056
0.350762
0.346474
0.33943
0.339516
0.352062
0.349658
0.3537
0.364416
0.364572
0.384606
0.383892
0.373708
0.364976
0.362076
0.379228
0.43414
0.381102
0.361852
0.369166
0.38047
0.381642
0.36449
0.358728
0.366058
0.364092
0.366002
0.365352
0.383746
0.377684
0.370014
0.348784
0.359018
0.375326
0.383884
0.379388
0.374882
0.38331
0.376948
0.385836
0.398016
0.386754
0.387344
0.38534
0.393592
0.399584
0.392892
0.39638
0.42601
0.415548
0.394458
0.376298
0.361132
0.351904
0.346814
0.357558
0.344814
0.342346
0.343466
0.351703
0.353078
0.358854
0.375644
0.371902
0.350746
0.356796
0.376804
0.400488
0.38614
0.37134
0.357686
0.368608
0.338504
0.341598
0.342484
0.342586
0.350744
0.365368
0.382842
0.395668
0.399292
0.3999
0.422874
0.410022
0.42641
0.418092
0.416312
0.411154
0.408354
0.402014
0.41623
0.394346
0.423744
0.38207
0.359264
0.36869
0.393702
0.371874
0.355876
0.358565
0.369196
0.378924
0.366858
0.384774
0.384174
0.382214
0.400992
0.378756
0.355838
0.347622
0.356478
0.378056
0.364896
0.365268
0.374488
0.352004
0.362756
0.358072
0.37346
0.394212
0.38778
0.361218
0.365776
0.371034
0.355662
0.35845
0.360862
0.364894
0.382104
0.387358
0.388388
0.39081
0.381634
0.373872
0.381998
0.373182
0.39229
0.408792
0.398506
0.381888
0.378214
0.398024
0.400544
0.397416
0.405652
0.412152
0.40648
0.407242
0.372252
0.356004
0.349078
0.350936
0.360006
0.37391
0.38915
0.399134
0.398524
0.394022
0.380604
0.376164
0.368216
0.372454
0.37228
0.37576
0.38862
0.425076
0.410706
0.412352
0.45237
0.432704
0.43138
0.424644
0.396476
0.38321
0.37595
0.36302
0.37026
0.412888
0.420444
0.39647
0.38086
0.403914
0.408888
0.446067
0.444986
0.443196
0.442246
0.426912
0.446304
0.417388
0.404594
0.429216
0.404626
0.392884
0.383776
0.41747
0.422138
0.379758
0.382476
0.392692
0.426532
0.45956
0.446726
0.471278
0.473768
0.466662
0.442828
0.433706
0.50888
0.442517
0.508396
0.551892
0.571946
0.5543
0.534712
0.524412
0.43171
0.41539
0.471666
0.49514
0.51118
0.486892
0.462828
0.494342
0.391406
0.375764
0.39107
0.359508
0.349992
0.34756
0.3548
0.374844
0.361432
0.351634
0.358758
0.378148
0.35481
0.359968
0.35609
0.34917
0.353774
0.3575
0.365442
0.38664
0.367976
0.374286
0.365476
0.360144
0.364686
0.359936
0.36954
0.382428
0.388718
0.39299
0.409346
0.407398
0.412944
0.401932
0.401644
0.400018
0.40963
0.41101
0.429232
0.389774
0.448178
0.392312
0.405798
0.40914
0.417822
0.412746
0.41114
0.47105
0.424654
0.388496
0.414452
0.410386
0.381074
0.408404
0.39627
0.389214
0.39683
0.40352
0.431766
0.416974
0.413102
0.387048
0.386642
0.390932
0.395828
0.416394
0.38916
0.388594
0.39345
0.404362
0.404522
0.393786
0.41327
0.436104
0.50174
0.473366
0.448266
0.449678
0.389956
0.386124
0.44116
0.460574
0.403478
0.378022
0.363782
0.379938
0.402689
0.441734
0.43743
0.400152
0.38025
0.364716
0.36457
0.362544
0.367284
0.393498
0.440012
0.442884
0.449238
0.435522
0.460923
0.396146
0.3684
0
0
0
0
0
0.368192
0.370324
0.406394
0.460864
0.408372
0.412102
0.411878
0.41206
0.443676
0.460142
0.43802
0.447928
0.431714
0.432302
0.436258
0.421452
0.388332
0.441892
0.43949
0.445798
0.428722
0.432506
0.491518
0.496926
0.510756
0.485134
0.490443
0.486
0.49196
0.498182
0.40592
0.400526
0.397526
0.38301
0.362458
0.357382
0.35054
0.366534
0.364414
0.365604
0.346852
0.359214
0.351906
0.34927
0.351192
0.343094
0.34691
0.344336
0.344478
0.350248
0.36765
0.387634
0.366754
0.373444
0.352848
0.353688
0.35941
0.380292
0.377638
0.390408
0.386234
0.383208
0.385596
0.366516
0.361462
0.374222
0.36807
0.376616
0.382538
0.390238
0.389016
0.393018
0.409324
0.475934
0.472186
0.475056
0.433246
0.502512
0.525922
0.509792
0.491036
0.50783
0.427098
0.393712
0.374548
0.384874
0.409684
0.415378
0.45172
0.403204
0.404754
0.374666
0.40091
0.391888
0.37777
0.347906
0.355796
0.363716
0.366568
0.358694
0.39426
0.392888
0.371806
0.364412
0.359286
0.352776
0.362494
0.352582
0.350826
0.376384
0.39329
0.381914
0.380606
0.359022
0.34362
0.347154
0.345924
0.34956
0.367034
0.372976
0.361514
0.37115
0.371342
0.36664
0.37641
0.359874
0.362472
0.353304
0.349704
0.351334
0.371824
0.392982
0.425614
0.474674
0.464146
0.434304
0.444794
0.425064
0.413792
0.42389
0.446446
0.465178
0.41065
0.381892
0.393786
0.417264
0.392654
0.416942
0.415064
0.371336
0.364556
0.380664
0.409348
0.41502
0.439562
0.438014
0.438272
0.464352
0.407178
0.428216
0.397278
0.42067
0.429706
0.423656
0.386048
0.405102
0.373898
0.361616
0.357482
0.358914
0.359998
0.370946
0.388534
0.428274
0.442002
0.4531
0.476346
0.434276
0.496266
0.479036
0.466224
0.420736
0.443508
0.412056
0.424536
0.417508
0.451983
0.497174
0.471686
0.453964
0.426986
0.475694
0.52328
0.503544
0.461816
0.44123
0.436286
0.4844
0.483926
0.4807
0.432436
0.392734
0.392244
0.385102
0.379094
0.3763
0.379654
0.386112
0.424986
0.44848
0.453397
0.457909
0.434806
0.426488
0.425804
0.409316
0.445918
0.47629
0.444914
0.45726
0.43817
0.424226
0.385118
0.360234
0.349652
0.354646
0.375814
0.369416
0.35419
0.372126
0.393792
0.3964
0.3945
0.401402
0.416732
0.407922
0.447104
0.428452
0.433996
0.483241
0.483082
0.490346
0.463516
0.407108
0.369566
0.394528
0.414298
0.414746
0.424312
0.411322
0.447316
0.447274
0.425548
0.416566
0.427042
0.423187
0.42496
0.41335
0.384002
0.372556
0.385836
0.378036
0.400578
0.41881
0.377482
0.373484
0.37451
0.390638
0.386342
0.382984
0.42569
0.478248
0.442662
0.443318
0.368522
0.367696
0.398112
0.413842
0.439984
0.464848
0.44691
0.432108
0.407438
0.389226
0
0
0
0
0
0.374532
0.480948
0.40395
0.404777
0.41526
0.43349
0.430798
0.375764
0.36791
0.362386
0.352914
0.369804
0.382522
0.398024
0.394978
0.39741
0.41052
0.41993
0.389238
0.398364
0.409264
0.411012
0.387802
0.407634
0.380624
0.391572
0.384916
0.373294
0.35781
0.389338
0.407856
0.409424
0.386408
0.369626
0.373586
0.395808
0.369678
0.360482
0.379176
0.38209
0.396648
0.409338
0.410144
0.39364
0.3977
0.37488
0.365966
0.37798
0.403966
0.407674
0.387088
0.381696
0.382742
0.382604
0.384678
0.41618
0.39102
0.407396
0.372046
0.361874
0.352
0.343224
0.362186
0.35145
0.342874
0.351978
0.354536
0.364734
0.395144
0.411346
0.406528
0.392672
0.379502
0.354646
0.338948
0.349414
0.353884
0.352798
0.353318
0.383323
0.397957
0.384762
0.372116
0.360172
0.356428
0.35963
0.353634
0.355096
0.378524
0.374292
0.378842
0.363308
0.37536
0.380048
0.363106
0.37761
0.40246
0.41124
0.40693
0.42412
0.387262
0.413532
0.39509
0.402952
0.429864
0.425136
0.388548
0.372116
0.372624
0.393314
0.435968
0.433134
0.410586
0.39885
0.451024
0.411812
0.363838
0.370286
0.38745
0.36255
0.363574
0.369236
0.3725
0.36825
0.378254
0.376288
0.368294
0.372034
0.368042
0.352046
0.342102
0.340688
0.349328
0.34769
0.342816
0.331074
0.350404
0.34622
0.342704
0.362642
0.359148
0.376272
0.39446
0.383462
0.394784
0.40489
0.387042
0.38173
0.39858
0.398544
0.386502
0.374746
0.382182
0.370522
0.430322
0.426996
0.42662
0.414286
0.436974
0.411458
0.432468
0.384866
0.406726
0.39137
0.437802
0.429182
0.38394
0.381098
0.39605
0.429622
0.422042
0.386654
0.390098
0.415708
0.40867
0.463148
0.456674
0.401344
0.436664
0.424946
0.413676
0.387524
0.37069
0.37139
0.381044
0.414636
0.450854
0.426854
0.485656
0.458376
0.44183
0.517264
0.53801
0.550916
0.547084
0.533452
0.572532
0.570266
0.555988
0.51286
0.418968
0.430248
0.39862
0.394342
0.402618
0.401392
0.3629
0.391792
0.406242
0.409206
0.38581
0.390526
0.397436
0.425418
0.401928
0.386916
0.37583
0.371822
0.3521
0.349112
0.345146
0.357938
0.355818
0.341994
0.350854
0.361012
0.37145
0.38068
0.38865
0.385978
0.402482
0.372736
0.428626
0.396732
0.369554
0.391906
0.380116
0.400954
0.42018
0.39248
0.386028
0.372522
0.37697
0.38857
0.375198
0.357692
0.358246
0.384984
0.363048
0.351962
0.34771
0.362414
0.365502
0.384466
0.405506
0.38512
0.364284
0.354852
0.353756
0.348568
0.345684
0.346744
0.353088
0.36238
0.385248
0.4125
0.45891
0.417228
0.454162
0.465848
0.428268
0.466226
0.43231
0.46415
0.416096
0.447614
0.460644
0.41699
0.389084
0.39987
0.395772
0.396004
0.4068
0.39749
0.381214
0.378364
0.402898
0.395082
0.39562
0.442315
0.393536
0.375333
0.419335
0.404558
0.390847
0
0
0
0
0
0
0
0
0
0
0
0
0
0
0
0
0
0
0
0
0
0
0
0
0
0
0
0
0
0
0
0
0
0
0
0.395154
0.404348
0.3911
0.394832
0.416262
0.37812
0.39863
0.383402
0.388131
0.385548
0.404374
0.419396
0.41717
0.393102
0.405602
0.378072
0.377536
0.404262
0.403414
0.370334
0.350994
0.355044
0.368584
0.39818
0.392286
0.388196
0.419186
0.414608
0.391038
0.396084
0.407158
0.379438
0.387766
0.387978
0.36862
0.366602
0.399082
0.412472
0.38061
0.388404
0.413024
0.399632
0.417466
0.406638
0.40089
0.409426
0.407856
0.40654
0.431686
0.445872
0.438682
0.424598
0.468936
0.442758
0.398248
0.442092
0.40626
0.453968
0.412736
0.485604
0.470358
0.44158
0.431748
0.432532
0.437592
0.429652
0.436194
0.41685
0.428348
0.449424
0.459624
0.45273
0.411188
0.385038
0.39935
0.383708
0.387914
0.365452
0.352692
0.344268
0.354248
0.357476
0.373432
0.42253
0.389754
0.393974
0.384552
0.403276
0.440728
0.422148
0.402572
0.413392
0.434766
0.426108
0.388624
0.380836
0.404264
0.41233
0.398374
0.43883
0.465212
0.456428
0.481812
0.416012
0.38745
0.382074
0.416674
0.417794
0.405604
0.378844
0.372972
0.378026
0.40233
0.421692
0.42745
0.416676
0.468738
0.472072
0.420172
0.401872
0.45458
0.4355
0.475388
0.43907
0.438686
0.43185
0.485414
0.458242
0.480052
0.534198
0.505748
0.522196
0.530582
0.484266
0.520012
0.50429
0.493886
0.462978
0.483614
0.482978
0.539214
0.55033
0.58453
0.532964
0.529356
0.533628
0.579047
0.591144
0.595826
0.510606
0.497032
0.433338
0.476208
0.472916
0.444252
0.395922
0.41119
0.459788
0.427418
0.393558
0.385502
0.402518
0.465751
0.458996
0.41827
0.426124
0.425632
0.422688
0.381082
0.364658
0.35754
0.375762
0.399588
0.433796
0.443832
0.440338
0.455838
0.44414
0.440846
0.42995
0.422592
0.444164
0.397718
0.387344
0.41021
0.39595
0.403436
0.399724
0.404618
0.374862
0.355868
0.376364
0.380862
0.389328
0.430792
0.38784
0.40529
0.40134
0.410416
0.38976
0.418372
0.410808
0.372386
0.387518
0.41291
0.399764
0.398024
0.385358
0.409274
0.424736
0.428452
0.440508
0.427914
0.424036
0.385206
0.413752
0.39084
0.397268
0.410094
0.41805
0.39186
0.430468
0.432906
0.399522
0.381642
0.385507
0.389516
0.412632
0.399156
0.390797
0
0
0
0
0.378749
0.400692
0.465646
0.470444
0.433142
0.430018
0.42976
0.414208
0.425011
0.419142
0.422589
0.454674
0.431131
0.447344
0.402777
0.438106
0.452022
0.447828
0.41998
0.416789
0.395044
0.390804
0.365258
0.36648
0.365412
0.37644
0.356957
0.355582
0.348338
0.344798
0.341018
0.34579
0.348358
0.35263
0.349198
0.36521
0.381331
0.389664
0.375714
0.402131
0.379212
0.386078
0.370602
0.384864
0.385278
0.412721
0.390526
0.403448
0.371534
0.352116
0.352618
0.354506
0.355838
0.361898
0.364312
0.393786
0.42227
0.430136
0.462328
0.47776
0.480102
0.485298
0.500882
0.513018
0.440134
0.398886
0.404818
0.461286
0.37898
0.41252
0.45427
0.420094
0.397138
0.395456
0.444622
0.468986
0.468238
0.481612
0.518366
0.412012
0.432302
0.453752
0.373562
0.357658
0.375482
0.376162
0.372702
0.366188
0.422784
0.406438
0.393324
0.392742
0.447814
0.470786
0.42709
0.399898
0.38515
0.368466
0.382544
0.400646
0.381534
0.374098
0.40426
0.397696
0.394064
0.423656
0.40821
0.428686
0.412538
0.395418
0.387356
0.434322
0.394922
0.435058
0.448472
0.478772
0.456602
0.430946
0.378212
0.425358
0.428606
0.465318
0.493082
0.43945
0.462256
0.481406
0.434464
0.493416
0.427696
0.429142
0.40626
0.382622
0.3712
0.384642
0.397044
0.370208
0.370732
0.372782
0.378864
0.39246
0.415462
0.435224
0.408814
0.397218
0.411428
0.401626
0.44368
0.439892
0.40532
0.441687
0.38633
0.346688
0.411044
0.416868
0.4308
0.444442
0.400338
0.412124
0.457342
0.484366
0.412464
0.41459
0.42276
0.444204
0.445704
0.45338
0.424064
0.458
0.475204
0.502426
0.461046
0.425718
0.427782
0.425748
0.444287
0.42865
0.46131
0.44253
0.433022
0.455062
0.470048
0.467828
0.477072
0.482459
0.526478
0.553868
0.57567
0.49063
0.517624
0.575452
0.580805
0.556124
0.53878
0.524638
0.492308
0.446702
0.411664
0.386596
0.380032
0.387406
0.432768
0.406834
0.394054
0.414544
0.450972
0.439604
0.43405
0.410194
0.406084
0.427752
0.446772
0.416198
0.449522
0.419508
0.412104
0.403888
0.410714
0.386606
0.410022
0.420286
0.352238
0.42264
0.441052
0.460102
0.414334
0.431848
0.423978
0.44635
0.404528
0.410756
0.373604
0.367552
0.364294
0.365356
0.360612
0.356538
0.353558
0.352002
0.347642
0.35655
0.361252
0.369202
0.392348
0.397428
0.362706
0.368756
0.361538
0.372946
0.387488
0.379408
0.359604
0.395606
0.432934
0.390798
0.407364
0.43183
0.446474
0.400342
0.419388
0.419274
0.436458
0.388098
0.36266
0.347382
0.352104
0.351946
0.362242
0.367968
0.371202
0.363372
0.366522
0.369798
0.369116
0.38449
0.399076
0.416118
0.455718
0.497392
0.47133
0.47536
0.455478
0.439784
0.478852
0.453646
0.405034
0.378458
0.361794
0.36905
0.390254
0.370785
0.375059
0
0
0
0
0
0.375226
0.368332
0.364348
0.354322
0.373862
0.448046
0.453208
0.380786
0.39032
0.404074
0.41243
0.387944
0.44475
0.487582
0.54247
0.456054
0.497576
0.406954
0.47067
0.55506
0.53301
0.508064
0.52707
0.495686
0.494866
0.512338
0.488112
0.504518
0.471698
0.519428
0.515855
0.495884
0.5219
0.492578
0.448716
0.463226
0.457866
0.470016
0.440158
0.408132
0.427482
0.505038
0.41467
0.461
0.462032
0.438322
0.41724
0.419858
0.446138
0.43163
0.392518
0.378128
0.362376
0.359688
0.35672
0.36664
0.39992
0.39691
0.374474
0.366586
0.363662
0.371832
0.396436
0.409006
0.412098
0.380984
0.373213
0.376776
0.355946
0.35513
0.380004
0.358168
0.349272
0.354992
0.373522
0.39046
0.407924
0.393578
0.40978
0.404526
0.41426
0.396584
0.381598
0.386906
0.364002
0.358632
0.353244
0.354578
0.353598
0.345766
0.351996
0.373778
0.379644
0.379448
0.38382
0.400202
0.386098
0.362632
0.378816
0.359418
0.36152
0.35284
0.358794
0.376322
0.36293
0.378302
0.41652
0.397176
0.387576
0.380438
0.38475
0.40322
0.389946
0.414872
0.417824
0.42354
0.421416
0.444364
0.446434
0.418242
0.410404
0.4074
0.435762
0.464028
0.43622
0.488144
0.48503
0.443728
0.488908
0.478758
0.503806
0.453884
0.451934
0.424294
0.396354
0.399252
0.439696
0.450564
0.389106
0.378872
0.435048
0.463118
0.417504
0.493092
0.441786
0.393156
0.376094
0.40766
0.432592
0.407148
0.432232
0.454028
0.42019
0.435684
0.427136
0.419552
0.416588
0.423952
0.463706
0.47754
0.449882
0.463605
0.438462
0.39641
0.453486
0.471954
0.482492
0.498642
0.439918
0.43208
0.42481
0.435834
0.441722
0.489408
0.507106
0.418222
0.42825
0.444188
0.421032
0.41714
0.381568
0.38152
0.370996
0.377776
0.422612
0.421756
0.431056
0.42742
0.404306
0.402558
0.39181
0.370688
0.378364
0.379814
0.356672
0.35562
0.355032
0.355852
0.368204
0.394556
0.389384
0.368096
0.364192
0.358066
0.371934
0.382734
0.372942
0.372634
0.350438
0.36665
0.386892
0.392246
0.388826
0.397988
0.383848
0.392282
0.402608
0.362618
0.37257
0.380826
0.391172
0.3934
0.405174
0.443648
0.423242
0.41747
0.407146
0.379034
0.358334
0.44645
0.382582
0
0
0.380998
0.38969
0.361034
0.372994
0.36747
0.364646
0.369358
0.35772
0.372488
0.395568
0.40176
0.37172
0.364554
0.376028
0.367466
0.385834
0.385946
0.385288
0.38624
0.395198
0.429454
0.441122
0.429746
0.486264
0.463588
0.470482
0.422422
0.437398
0.430636
0.512908
0.478026
0.495254
0.463518
0.475768
0.444926
0.372832
0.411848
0.480802
0.460652
0.480316
0.472474
0.410174
0.380114
0.370846
0.36238
0.350984
0.347834
0.349854
0.365226
0.369488
0.39434
0.389564
0.374606
0.399876
0.42154
0.388114
0.39246
0.395962
0.389262
0.379624
0.40451
0.390788
0.407496
0.404528
0.397336
0.384372
0.385304
0.37188
0.378376
0.380692
0.359204
0.355834
0.346604
0.35124
0.352682
0.347552
0.374978
0.405646
0.389581
0.392522
0.374592
0.3574
0.355718
0.34486
0.377696
0.372306
0.36371
0.35981
0.346734
0.354906
0.358468
0.373448
0.366124
0.355938
0.344882
0.34466
0.343008
0.354366
0.345202
0.341598
0.353316
0.35767
0.36271
0.366614
0.394482
0.37325
0.357918
0.351952
0.35717
0.37322
0.393948
0.396852
0.41652
0.410194
0.416502
0.420696
0.411666
0.412052
0.413636
0.379524
0.38541
0.387558
0.409458
0.403146
0.368856
0.374218
0.40742
0.393258
0.400764
0.399074
0.385144
0.399524
0.384414
0.424624
0.43186
0.415818
0.414412
0.416136
0.422528
0.404692
0.440106
0.43037
0.457878
0.461781
0.463566
0.490372
0.43518
0.468216
0.478102
0.444852
0.440722
0.44613
0.502168
0.479722
0.43708
0.443394
0.424018
0.420544
0.426766
0.463012
0.46801
0.446196
0.424062
0.42495
0.440374
0.43834
0.48934
0.46318
0.478041
0.502766
0.466923
0.456326
0.485494
0.466665
0.49885
0.520624
0.47653
0.417548
0.40881
0.402842
0.412458
0.414354
0.43376
0.45758
0.437806
0.427952
0.460824
0.475588
0.510738
0.511964
0.541
0.551966
0.43595
0.142857
0
0
0
0
0
0
0
0
0
0
0
0
0
0
0
0
0
0
0
0
0
0
0
0
0
0
0
0
0
0
0
0
0
0
0.375247
0.416292
0.41393
0.418316
0.439442
0.416962
0.426354
0.417138
0.393004
0.39795
0.40372
0.414216
0.437868
0.4226
0.418066
0.414052
0.405768
0.437996
0.43058
0.427954
0.406942
0.414658
0.414792
0.420128
0.430226
0.433496
0.416982
0.392684
0.392184
0.395102
0.39905
0.38463
0.387306
0.386408
0.344206
0.40069
0.387214
0.396252
0.375352
0.35348
0.359552
0.375772
0.387072
0.381258
0.427796
0.410988
0.407356
0.38229
0.390534
0.401884
0.39682
0.38688
0.417406
0.420518
0.421472
0.421202
0.395804
0.392412
0.375626
0.398126
0.39067
0.40018
0.389832
0.423138
0.393006
0.397232
0.413064
0.425598
0.406036
0.42289
0.39498
0.35375
0.357312
0.35996
0.340344
0.343036
0.342426
0.33758
0.349026
0.343478
0.349006
0.357332
0.384068
0.36704
0.377196
0.376528
0.356634
0.344426
0.346744
0.335512
0.341304
0.349286
0.339794
0.34275
0.343658
0.345364
0.353854
0.345522
0.351422
0.346598
0.346098
0.33409
0.33809
0.34334
0.346136
0.33875
0.347498
0.347546
0.36407
0.374916
0.397832
0.382282
0.37691
0.373588
0.38501
0.379158
0.363372
0.394768
0.369534
0.377248
0.365872
0.381422
0.371688
0.380586
0.389322
0.356384
0.350118
0.344084
0.343906
0.34178
0.340954
0.351208
0.346198
0.345452
0.352106
0.344796
0.340536
0.347744
0.34052
0.34283
0.351966
0.337786
0.3451
0.347942
0.35393
0.364106
0.370782
0.358806
0.35527
0.359122
0.370314
0.36135
0.391948
0.400066
0.43042
0.386574
0.384752
0.382896
0.39949
0.411376
0.44999
0.43322
0.430632
0.442882
0.40535
0.422198
0.378306
0.36595
0.378478
0.39485
0.37827
0.356036
0.358648
0.361264
0.358744
0.37514
0.39972
0.398198
0.376792
0.37309
0.376178
0.380388
0.404744
0.420858
0.461474
0.45256
0.463852
0.481559
0.480017
0.464914
0.512696
0.507495
0.53564
0.444893
0.142857
0
0
0
0
0
0
0
0
0
0
0
0
0
0
0
0
0
0
0
0
0
0
0
0
0
0
0
0
0
0
0
0
0
0
0
0.402534
0.415598
0.387948
0.395306
0.430482
0.436796
0.400642
0.389502
0.45555
0.472788
0.437928
0.495092
0.400882
0.38614
0.372248
0.367484
0.348552
0.348088
0.341336
0.353574
0.360262
0.355318
0.36854
0.37964
0.373888
0.408488
0.391248
0.393946
0.37899
0.374822
0.398984
0.415792
0.429216
0.425368
0.376496
0.388062
0.40126
0.3705
0.379014
0.374406
0.379344
0.395414
0.374496
0.35503
0.343388
0.344908
0.34618
0.350188
0.342212
0.341508
0.349858
0.354754
0.380206
0.381866
0.369382
0.346742
0.34525
0.350914
0.360924
0.353156
0.353848
0.386078
0.418368
0.415566
0.401752
0.40077
0.403104
0.40461
0.387292
0.398064
0.387484
0.40446
0.42301
0.41201
0.403966
0.40193
0.406184
0.385778
0.395296
0.397444
0.399902
0.395074
0.391062
0.37458
0.386972
0.413412
0.40824
0.38132
0.367576
0.390272
0.417694
0.41591
0.454824
0.440708
0.396582
0.408926
0.36507
0.391356
0.429678
0.39002
0.471864
0.437728
0.454338
0.422958
0.419104
0.405276
0.403816
0.411836
0.460938
0.43412
0.455516
0.453726
0.462456
0.450868
0.419714
0.452768
0.474564
0.474726
0.447112
0.43176
0.393608
0.383512
0.383274
0.375432
0.368068
0.402366
0.395924
0.366142
0.355976
0.351096
0.351126
0.357276
0.361344
0.369906
0.3782
0.358886
0.358776
0.373452
0.397206
0.40523
0.393824
0.443822
0.421676
0.441056
0.45093
0.467384
0.409782
0.442734
0.475796
0.453512
0.449286
0.439276
0.4738
0.45338
0.459946
0.443206
0.430356
0.429802
0.417934
0.413098
0.426834
0.469922
0.493046
0.484608
0.5049
0.456664
0.47432
0.468132
0.487488
0.485782
0.49106
0.527268
0.555672
0.567592
0.552094
0.413966
0.451939
0.142857
0
0
0
0
0
0
0
0
0
0
0
0
0
0
0
0
0
0
0
0
0
0
0
0
0
0
0
0
0
0
0
0
0
0
0
0.396977
0.4425
0.407232
0.41555
0.44847
0.437628
0.428216
0.39269
0.390584
0.41603
0.419788
0.437444
0.405578
0.412417
0.4049
0.428682
0.43885
0.42598
0.45294
0.424152
0.434332
0.419186
0.46224
0.43376
0.42378
0.411602
0.40352
0.415466
0.41445
0.405374
0.387188
0.365428
0.36348
0.376476
0.375404
0.36747
0.38395
0.408046
0.387926
0.402764
0.468426
0.474988
0.451078
0.477936
0.448998
0.420208
0.424538
0.451828
0.406556
0.417422
0.443126
0.423462
0.379906
0.362096
0.369274
0.395354
0.393462
0.384662
0.384588
0.371504
0.399714
0.405244
0.425016
0.392992
0.431524
0.40765
0.392342
0.37574
0.361654
0.37016
0.399014
0.40348
0.381686
0.376816
0.394246
0.422976
0.404312
0.411514
0.420126
0.414942
0.409662
0.408918
0.411092
0.397548
0.406328
0.436156
0.438916
0.416956
0.434568
0.463934
0.471242
0.413954
0.473862
0.475574
0.433138
0.416116
0.434914
0.45776
0.431868
0.461188
0.47852
0.434154
0.411428
0.414332
0.426926
0.423952
0.421932
0.450488
0.514592
0.491002
0.487512
0.471484
0.43008
0.375334
0.411124
0.516248
0.48223
0.45853
0.454532
0.41713
0.428932
0.449466
0.433832
0.392926
0.42472
0.470005
0.445406
0.417894
0.40116
0.440209
0.448712
0.426486
0.439316
0.393458
0.382004
0.386718
0.429794
0.462866
0.462932
0.468018
0.478584
0.45103
0.463976
0.403958
0.436608
0.441792
0.44219
0.42715
0.391302
0.38634
0.386366
0.380448
0.385284
0.410028
0.387552
0.37
0.403207
0.434026
0.451212
0.41397
0.426708
0.432966
0.46808
0.468114
0.42478
0.541436
0.606252
0.610894
0.54496
0.557292
0.543178
0.496332
0.479204
0.511034
0.520206
0.470406
0.441672
0.413572
0.412196
0.414586
0.408114
0.414886
0.474383
0.447708
0.416604
0.43383
0.47462
0.49936
0.46728
0.467888
0.449958
0.424644
0.41465
0.433234
0.460686
0.455328
0.469324
0.489458
0.42686
0.447424
0.421966
0.459066
0.437888
0.446264
0.448412
0.430798
0.423118
0.446884
0.428532
0.456686
0.429256
0.45885
0.445546
0.436762
0.43927
0.42847
0.418322
0.403966
0.437406
0.474808
0.48413
0.483644
0.50015
0.479876
0.510336
0.494862
0.514556
0.49124
0.41104
0.401548
0.423838
0.425426
0.429324
0.417196
0.406384
0.369774
0
0
0
0
0
0
0
0
0
0
0
0
0
0
0
0
0
0
0.362132
0.418896
0.407554
0.394442
0.435014
0.432222
0.4355
0.503994
0.451408
0.464118
0.441474
0.402468
0.391336
0.40059
0.399666
0.399658
0.438502
0.420842
0.444318
0.438126
0.437076
0.451794
0.480008
0.506764
0.464732
0.445392
0.384468
0.366986
0.373042
0.35814
0.360724
0.360662
0.37211
0.366614
0.364568
0.361096
0.365618
0.372582
0.392778
0.419926
0.456406
0.467114
0.498584
0.508712
0.484984
0.468222
0.446016
0.426666
0.473778
0.49017
0.415316
0.437832
0.420658
0.395914
0.448412
0.412502
0.414714
0.448834
0.465256
0.428652
0.367548
0.363438
0.395196
0.421376
0.426808
0.425866
0.436888
0.42316
0.410022
0.414282
0.452138
0.497642
0.419928
0.420912
0.415214
0.437108
0.501104
0.485666
0.537572
0.53906
0.485556
0.49016
0.489846
0.526842
0.52994
0.59757
0.557796
0.535332
0.516139
0.505623
0.513596
0.520234
0.507364
0.464858
0.490314
0.438994
0.503534
0.489046
0.506298
0.446176
0.46012
0.47237
0.459116
0.526928
0.502026
0.463408
0.468898
0.451156
0.466462
0.427222
0.43221
0.434892
0.409802
0.40056
0.427912
0.395382
0.397456
0.416596
0.40278
0.433818
0.431422
0.449456
0.474838
0.504808
0.521504
0.484254
0.477626
0.481484
0.44106
0.443548
0.432278
0.488304
0.417897
0.385072
0.463364
0.438038
0.475182
0.501414
0.45295
0.398868
0.423792
0.44527
0.4382
0.44758
0.44058
0.426234
0.448986
0.434902
0.457046
0.459384
0.416376
0.443686
0.471278
0.478036
0.41979
0.443021
0.495894
0.491862
0.470568
0.493574
0.491146
0.402556
0.44659
0.51394
0.487752
0.48126
0.464612
0.493568
0.502736
0.48931
0.501792
0.486122
0.416812
0.4528
0.420338
0.485662
0.422586
0.476324
0.477058
0.483848
0.511448
0.47304
0.42646
0.400728
0.376698
0.364496
0.351932
0.3627
0.370956
0.378376
0.408794
0.397114
0.39889
0.445056
0.461682
0.470668
0.454908
0.41447
0.433418
0.415148
0.425378
0.388564
0.438066
0.377156
0.427366
0.436546
0.421076
0.47798
0.443334
0.441148
0.457182
0.392258
0.418232
0.472408
0.42497
0.439253
0.454351
0.403974
0.376034
0.386886
0.375888
0.368962
0.375638
0.385506
0.448992
0.465274
0.4882
0.494376
0.513994
0.514964
0.488904
0.53493
0.506408
0.503484
0.51062
0.49115
0.515512
0.49809
0.546176
0.542104
0.516856
0.501866
0.580722
0.568897
0.569086
0.520454
0.545079
0.42213
0.423918
0.368432
0.361888
0.380038
0.402268
0.41831
0.414116
0.375294
0.377202
0.39067
0.406312
0.395204
0.403518
0.43542
0.399882
0.41465
0.438326
0.39961
0.422402
0.440568
0.411872
0.401158
0.448104
0.448574
0.42437
0.446878
0.430036
0.423812
0.396008
0.367406
0
0
0.378446
0.41144
0.419298
0.411416
0.405774
0.449976
0.422334
0.412164
0.406564
0.385748
0.387686
0.410564
0.39359
0.373444
0.3725
0.36613
0.35069
0.345158
0.34831
0.34994
0.362732
0.381632
0.41085
0.39218
0.367002
0.353958
0.357046
0.366246
0.387898
0.404278
0.407602
0.43123
0.387426
0.487514
0.402084
0.369968
0.365104
0.368324
0.3705
0.355612
0.354394
0.368212
0.376778
0.379298
0.359162
0.364124
0.35619
0.3721
0.415558
0.42371
0.432256
0.458696
0.420452
0.440632
0.44404
0.463598
0.467318
0.41638
0.443676
0.431794
0.4216
0.407482
0.384216
0.376942
0.366928
0.364172
0.384346
0.378278
0.386752
0.380856
0.383756
0.397176
0.388336
0.428488
0.432698
0.43592
0.433728
0.423202
0.406882
0.359278
0.360246
0.391962
0.397684
0.411618
0.415286
0.403824
0.387068
0.37157
0.349892
0.34478
0.350214
0.342202
0.342974
0.356358
0.344696
0.36077
0.34943
0.357364
0.376654
0.397584
0.373814
0.353372
0.348338
0.368226
0.368708
0.36208
0.411538
0.438801
0.396416
0.430586
0.40645
0.44043
0.456944
0.417598
0.409632
0.44261
0.471764
0.494046
0.493312
0.459182
0.500904
0.597056
0.598288
0.579156
0.56738
0.522576
0.55471
0.558666
0.548802
0.532162
0.53086
0.525568
0.50586
0.467848
0.489681
0.53416
0.516158
0.478897
0.436008
0.474276
0.525548
0.52251
0.523972
0.45144
0.440364
0.52001
0.502308
0.506316
0.524904
0.454674
0.50568
0.455842
0.508862
0.502812
0.529502
0.527002
0.543222
0.544622
0.523568
0.458278
0.412492
0.40348
0.40479
0.41381
0.40634
0.415448
0.41872
0.413476
0.39019
0
0
0
0
0
0
0
0
0
0
0
0
0
0
0
0.367713
0.386612
0.42238
0.421384
0.459124
0.492668
0.456366
0.459972
0.432818
0.438
0.432002
0.440368
0.49468
0.50384
0.439562
0.448364
0.488208
0.51346
0.518278
0.42149
0.430292
0.412786
0.496812
0.52313
0.504978
0.463378
0.46885
0.519148
0.47381
0.472912
0.533684
0.4654
0.427788
0.495052
0.400314
0.45775
0.533016
0.52632
0.47864
0.505192
0.496396
0.517824
0.469286
0.532476
0.518168
0.530308
0.509956
0.534226
0.486704
0.472364
0.42657
0.446546
0.447808
0.458142
0.512552
0.476842
0.511984
0.531136
0.466448
0.428438
0.446788
0.441594
0.47615
0.485135
0.440541
0.484996
0.43997
0.452656
0.44708
0.45989
0.456846
0.476934
0.440206
0.4491
0.43153
0.431642
0.390906
0.389308
0.36662
0.373558
0.375784
0.392044
0.395624
0.384676
0.40311
0.403744
0.380606
0.393748
0.380794
0.390244
0.396714
0.39713
0.367508
0.379852
0.381188
0.389844
0.409558
0.404382
0.413142
0.470678
0.419392
0.42782
0.425636
0.438626
0.4177
0.42079
0.4149
0.411046
0.402098
0.432344
0.454282
0.443392
0.43282
0.479926
0.472732
0.42754
0.381398
0
0
0
0.402159
0
0.406763
0.479648
0.465714
0.50427
0.486138
0.47222
0.446416
0.444056
0.458744
0.456376
0.487658
0.485326
0.471666
0.46146
0.46565
0.459382
0.433018
0.397902
0.394468
0.447812
0.446894
0.417406
0.425954
0.419164
0.44024
0.463632
0.472554
0.463816
0.430708
0.443998
0.494694
0.441562
0.462174
0.464592
0.470038
0.489782
0.4509
0.46357
0.507516
0.471994
0.466784
0.467056
0.423978
0.399298
0.420768
0.438546
0.399324
0.391856
0.374614
0.38584
0.423744
0.47452
0.493708
0.49043
0.4508
0.47414
0.460816
0.44029
0.439524
0.424116
0.477896
0.533524
0.562582
0.569836
0.563836
0.57745
0.535944
0.142857
0
0
0
0
0
0
0
0
0
0
0
0
0
0
0
0
0
0
0.393492
0.404877
0
0
0
0
0
0.374526
0.380074
0.417438
0.364472
0.375298
0.377444
0.361838
0.350922
0.3637
0.400728
0.381664
0.35093
0.35784
0.346642
0.348098
0.351822
0.35422
0.341892
0.352542
0.348544
0.346128
0.34355
0.363046
0.348232
0.360492
0.376882
0.400186
0.380344
0.376802
0.35856
0.364052
0.371992
0.395978
0.395574
0.371816
0.365844
0.395018
0.439652
0.4393
0.441632
0.437474
0.430616
0.430464
0.44173
0.427884
0.404626
0.43574
0.462792
0.434004
0.422314
0.422172
0.42164
0.445151
0.422034
0.433162
0.399552
0.42684
0.470406
0.496041
0.500178
0.496738
0.516963
0.525496
0.527082
0.508998
0.525046
0.523222
0.474506
0.142857
0
0
0
0
0
0
0
0
0
0
0
0
0
0
0
0
0
0
0
0
0
0
0
0
0
0
0
0.433723
0.421488
0.406949
0.419944
0.46383
0.48484
0.47983
0.476622
0.542806
0.540069
0.495644
0.486468
0.510862
0.457866
0.457744
0.500246
0.500358
0.509732
0.465232
0.480872
0.451646
0.44357
0.466552
0.453492
0.48274
0.426454
0.39654
0.466534
0.493864
0.439914
0.50486
0.478022
0.465042
0.453456
0.451038
0.436806
0.443194
0.423644
0.406974
0.443918
0.48525
0.431404
0.497932
0.511712
0.547348
0.527114
0.484896
0.508824
0.527456
0.428514
0.450088
0.452262
0.50221
0.4876
0.53025
0.513514
0.474707
0.499742
0.519036
0.505218
0.480318
0.5127
0.536958
0.49859
0.464232
0.449028
0.529882
0.5022
0.50169
0.541453
0.555118
0.530678
0.513429
0.461893
0.50653
0.47438
0.465402
0.449706
0.414698
0.438544
0.379414
0.372792
0.37617
0.38018
0.394746
0.405738
0.404324
0.392588
0.386278
0.39428
0.434708
0.462028
0.418148
0.389182
0.393348
0.390376
0.389782
0.413384
0.407424
0.412058
0.376396
0.380232
0.393228
0.399928
0.3991
0.426846
0.41444
0.420946
0.411686
0.432442
0.43167
0.428804
0.396822
0.380704
0.36269
0.400414
0.390096
0.369078
0.39153
0.43292
0.42236
0.405066
0.385164
0.364262
0.369516
0.356596
0.364512
0.368216
0.364384
0.358392
0.36295
0.367818
0.386788
0.403512
0.3881
0.360442
0.353072
0.362362
0.358218
0.35557
0.362236
0.367162
0.369612
0.3612
0.357486
0.385136
0.392099
0.388168
0.392866
0.408718
0.453226
0.497388
0.444924
0.414234
0.429976
0.390722
0.383802
0.37637
0.392128
0.396824
0.416406
0.403052
0.38486
0.392444
0.416538
0.438096
0.451594
0.423114
0.465756
0.50368
0.4345
0.404426
0.402412
0.399736
0.399014
0.398254
0.409329
0.43992
0.461026
0.421324
0.426606
0.423492
0.396152
0.396706
0.38787
0.400978
0.383444
0.385912
0.411736
0.376979
0
0
0
0
0
0.377169
0.380476
0.392406
0.399828
0.389642
0.380866
0.427282
0.385924
0.38181
0.377186
0.38295
0.387966
0.440888
0.47831
0.407704
0.416192
0.406782
0.447892
0.444516
0.450674
0.399038
0.39939
0.3862
0.404404
0.40803
0.387278
0.392026
0.385968
0.381574
0.396788
0.391869
0.39261
0.370538
0.366494
0.366214
0.37295
0.371466
0.373292
0.35737
0.360476
0.36374
0.3603
0.362326
0.358756
0.36029
0.36984
0.370744
0.371684
0.354522
0.35914
0.360946
0.360658
0.358744
0.352566
0.35565
0.359462
0.355976
0.36334
0.36251
0.363172
0.360082
0.359016
0.363258
0.365112
0.359586
0.356404
0.360766
0.364014
0.3798
0.367356
0.383006
0.366466
0.366878
0.359282
0.35807
0.377952
0.405854
0.4219
0.40475
0.397272
0.401434
0.404034
0.409722
0.41906
0.387566
0.379726
0.365758
0.376242
0.372422
0.394114
0.441732
0.404806
0.362858
0.37948
0.397514
0.40179
0.400084
0.393976
0.383338
0.391846
0.396212
0.376274
0.36742
0.372663
0.353168
0.37746
0.430394
0.369624
0.365538
0.371298
0.376258
0.394094
0.41721
0.428636
0.453996
0.418086
0.411048
0.378988
0.360324
0.367062
0.371854
0.389628
0.4125
0.390162
0.36481
0.366406
0.364838
0.358938
0.359358
0.356338
0.352718
0.357162
0.385534
0.388066
0.463614
0.429394
0.392602
0.392016
0.3934
0.383374
0.407026
0.421954
0.39824
0.399026
0.422732
0.416576
0.415788
0.409606
0.41549
0.402152
0.391596
0.37783
0.384672
0.390422
0.394622
0.39678
0.393836
0.387764
0.378536
0.381812
0.369194
0.373524
0.37039
0.360232
0.367114
0.374296
0.384954
0.377264
0.365278
0.37132
0.38427
0.388194
0.391802
0.418402
0.424943
0.445944
0.430462
0.408274
0.422414
0.382386
0.467274
0.497382
0.542846
0.526328
0.414648
0.39035
0.40848
0.166667
0
0
0
0
0.391641
0.356514
0.359422
0.35935
0.36177
0.358638
0.360186
0.397612
0.39008
0.42454
0.401002
0.396316
0.4227
0.418902
0.46272
0.406102
0.410251
0.384168
0.435044
0.395855
0.4151
0.403122
0.383108
0.392092
0.390328
0.386976
0.3858
0.392744
0.379272
0.370762
0.384674
0.394532
0.395626
0.381336
0.393068
0.383546
0.397626
0.389956
0.38966
0.410087
0.396372
0.399398
0.387452
0.378798
0.405386
0.393676
0.411054
0.388678
0.385204
0.398627
0
0
0
0
0
0
0
0
0
0
0
0
0
0
0
0
0
0
0
0
0
0
0
0
0
0
0
0
0
0
0
0
0
0
0
0
0
0
0
0
0
0
0
0
0
0
0
0
0
0
0
0
0
0
0
0
0
0
0
0.401769
0
