0.465584
0.613106
0.577701
0.527457
0.565552
0.583187
0.608223
0.563416
0.571059
0.584901
0.586098
0.501207
0.47693
0.477504
0.503124
0.440542
0.441056
0.47207
0.501868
0.529752
0.551716
0.546737
0.44918
0.480203
0.454869
0.525486
0.458025
0.444593
0.481203
0.413112
0.437401
0.488042
0.523179
0.500098
0.49517
0.451221
0.439285
0.493923
0.532476
0.471726
0.491028
0.522125
0.516666
0.518762
0.419071
0.479384
0.462281
0.432041
0.438194
0.423956
0.428518
0.46766
0.506058
0.477697
0.486419
0.491724
0.501309
0.498475
0.481702
0.49992
0.497174
0.511536
0.518507
0.483032
0.49984
0.478745
0.506312
0.507826
0.469964
0.465597
0.48095
0.446169
0.487507
0.483425
0.459704
0.386324
0.491126
0.510155
0.488115
0.492643
0.488658
0.496106
0.5106
0.435647
0.455864
0.487041
0.46449
0.484659
0.459015
0.456156
0.474013
0.48592
0.463244
0.494259
0.481127
0.488246
0.489968
0.467073
0.504419
0.486829
0.508062
0.46072
0.436157
0.463597
0.456264
0.477279
0.428231
0.487121
0.475805
0.47983
0.480682
0.480653
0.47061
0.513168
0.446034
0.461785
0.486589
0.482869
0.466953
0.484761
0.45516
0.481771
0.464069
0.468942
0.4451
0.459037
0.449345
0.429395
0.458038
0.445829
0.424651
0.404612
0.45538
0.408076
0.489533
0.49258
0.487908
0.495258
0.461449
0.469177
0.484878
0.484129
0.466148
0.433244
0.445602
0.45576
0.41927
0.466706
0.47536
0.444926
0.426659
0.439409
0.478127
0.420323
0.476613
0.502243
0.457129
0.418372
0.407642
0.403007
0.465449
0.448626
0.480841
0.496737
0.475675
0.460631
0.449382
0.48982
0.46473
0.410409
0.444745
0.437618
0.412509
0.456852
0.507422
0.434328
0.408096
0.452921
0.475722
0.490293
0.436457
0.394363
0.437406
0.411145
0.387705
0.374572
0.37235
0.370063
0.412234
0.422648
0.383195
0.384049
0.419102
0.409192
0.399551
0.428862
0.411665
0.415037
0.440728
0.441698
0.486469
0.500519
0.455732
0.434066
0.50626
0.500843
0.480742
0.456299
0.413851
0.415445
0.395962
0.392761
0.401172
0.417582
0.395787
0.415616
0.410279
0.400211
0.400998
0.415289
0.420665
0.400643
0.429411
0.421319
0.399187
0.409103
0.382764
0.375817
0.37525
0.388658
0.415416
0.385148
0.401983
0.41027
0.396897
0.45113
0.398216
0.377081
0.404494
0.401979
0.376743
0.425323
0.407543
0.410519
0.400879
0.404738
0.422021
0.411061
0.380727
0.372368
0.368595
0.393191
0.383026
0.366433
0.387847
0.409222
0.429034
0.405765
0.403811
0.392501
0.366789
0.380772
0.369138
0.367352
0.35181
0.355689
0.362147
0.393024
0.378555
0.378305
0.369348
0.360378
0.357568
0.342843
0.340847
0.350498
0.353914
0.350852
0.349211
0.35108
0.356595
0.349041
0.354916
0.374082
0.372058
0.376387
0.371888
0.378618
0.378828
0.40163
0.380511
0.378344
0.391223
0.375124
0.393258
0.39075
0.386345
0.392592
0.372984
0.361138
0.355702
0.354337
0.359563
0.350941
0.359203
0.354564
0.345991
0.3477
0.359619
0.368456
0.38297
0.363248
0.365087
0.369712
0.359416
0.357952
0.369365
0.373998
0.384342
0.36469
0.377615
0.387706
0.410222
0.39596
0.398016
0.399425
0.36733
0.369574
0.377197
0.380714
0.395047
0.402434
0.403062
0.387236
0.3757
0.372948
0.373884
0.374064
0.392268
0.385453
0.394156
0.40638
0.394365
0.393905
0.372708
0.404081
0.386782
0.392906
0.407309
0.42227
0.400411
0.388321
0.392823
0.396124
0.394747
0.386217
0.421734
0.422052
0.424773
0.397918
0.42377
0.422669
0.399212
0.386492
0.380322
0.359684
0.373829
0.375235
0.371212
0.37597
0.358914
0.355199
0.339147
0.350047
0.360309
0.359641
0.369772
0.373764
0.365948
0.376659
0.385811
0.379764
0.392565
0.386849
0.372678
0.36985
0.401645
0.371653
0.350828
0.352397
0.343427
0.350046
0.348108
0.337716
0.354069
0.343549
0.356571
0.35213
0.351412
0.340311
0.342062
0.340622
0.345289
0.349973
0.351285
0.359025
0.357212
0.369554
0.372008
0.386163
0.375046
0.4022
0.39633
0.406526
0.427563
0.466087
0.455281
0.481782
0.469501
0.461057
0.464314
0.392434
0.385526
0.41353
0.403168
0.471945
0.429817
0.428504
0.435119
0.448827
0.430645
0.380394
0.37733
0.417901
0.448221
0.401722
0.395893
0.370736
0.424169
0.41924
0.423809
0.394013
0.423619
0.441184
0.44159
0.426898
0.409123
0.408599
0.399246
0.375708
0.379784
0.369406
0.385994
0.40899
0.417043
0.435737
0.406741
0.404239
0.414088
0.41182
0.449986
0.418645
0.393825
0.423158
0.423741
0.410341
0.428217
0.421681
0.446039
0.457999
0.413874
0.476512
0.4643
0.440067
0.463222
0.4237
0.406278
0.415867
0.414914
0.401533
0.460419
0.494119
0.462026
0.440131
0.479895
0.460471
0.521315
0.518895
0.421036
0.449004
0.49664
0.4949
0.504566
0.522314
0.461921
0.436252
0.407943
0.395895
0.463504
0.382684
0.365221
0.374988
0.406803
0.374879
0.390691
0.470768
0.473849
0.428733
0.418198
0.454097
0.476702
0.454744
0.385552
0.435851
0.426508
0.40452
0.397586
0.378545
0.378415
0.373958
0.37214
0.366146
0.391582
0.418828
0.40488
0.424766
0.430553
0.410055
0.434816
0.414188
0.380823
0.393745
0.422008
0.393466
0.445614
0.431634
0.390905
0.418635
0.4001
0.393513
0.401847
0.363006
0.393234
0.382833
0.367988
0.376369
0.386214
0.373294
0.383979
0.409208
0.407096
0.386602
0.371921
0.384474
0.388461
0.381128
0.387083
0.401888
0.396098
0.404699
0.380661
0.368645
0.390853
0.424904
0.420868
0.439274
0.436844
0.363396
0.388578
0.390894
0.413797
0.410055
0.409363
0.388467
0.422862
0.38641
0.394513
0.414043
0.403465
0.425958
0.394519
0.417866
0.381234
0.453242
0.389179
0.375166
0.455002
0.449825
0.435842
0.423371
0.415726
0.426489
0.424533
0.413365
0.398
0.436974
0.404363
0.401607
0.400009
0.403085
0.40697
0.386714
0.38771
0.387495
0.381992
0.363015
0.366466
0.358738
0.37933
0.360097
0.357065
0.35696
0.365954
0.347709
0.344198
0.338912
0.346579
0.33728
0.342863
0.337312
0.341282
0.337958
0.33454
0.334328
0.338266
0.340486
0.342992
0.340798
0.34684
0.347256
0.340512
0.367647
0.379169
0.371339
0.370612
0.366604
0.35855
0.352182
0.34984
0.337505
0.340808
0.341574
0.336076
0.345551
0.344823
0.351155
0.338412
0.347615
0.35875
0.355621
0.358964
0.359868
0.384097
0.362191
0.362578
0.351582
0.351677
0.36003
0.365042
0.378113
0.414907
0.414821
0.408341
0.415935
0.507022
0.506764
0.492252
0.459367
0.504356
0.436487
0.445651
0.442919
0.485846
0.475742
0.47002
0.4252
0.498024
0.467381
0.468366
0.480197
0.465484
0.492963
0.458334
0.441022
0.454209
0.453158
0.441508
0.381813
0.391337
0.427417
0.460398
0.43791
0.410229
0.396309
0.401239
0.418689
0.445943
0.419428
0.373799
0.428162
0.430737
0.406564
0.407858
0.420592
0.449279
0.402853
0.422254
0.442997
0.430828
0.428807
0.382611
0.42209
0.418738
0.408538
0.411475
0.412233
0.3924
0.378059
0.36286
0.369758
0.376738
0.357298
0.357332
0.366161
0.373228
0.397983
0.382579
0.366073
0.360201
0.382784
0.390469
0.391992
0.379042
0.362139
0.374294
0.387393
0.397244
0.388616
0.408054
0.392702
0.419629
0.384343
0.383183
0.38749
0.406485
0.400823
0.424538
0.38986
0.401991
0.446942
0.458498
0.431619
0.427777
0.419908
0.442662
0.392066
0.373927
0.410233
0.441423
0.476792
0.442319
0.470738
0.471049
0.428628
0.381974
0.431747
0.457058
0.528917
0.530493
0.483102
0.44759
0.452731
0.43357
0.42847
0.427234
0.460185
0.452255
0.439767
0.432664
0.449848
0.397464
0.421326
0.416556
0.421505
0.416561
0.412989
0.426823
0.398025
0.399548
0.401557
0.408196
0.429143
0.431
0.454451
0.454808
0.414338
0.440985
0.392939
0.455545
0.419892
0.420101
0.420667
0.419893
0.371343
0.375843
0.397073
0.382212
0.374246
0.357849
0.357958
0.367614
0.37978
0.379574
0.406611
0.404487
0.388394
0.410792
0.384651
0.398426
0.392193
0.387415
0.430846
0.403107
0.404663
0.399474
0.403975
0.391419
0.36751
0.421526
0.436603
0.40165
0.431393
0.427612
0.453443
0.446688
0.432745
0.407344
0.392892
0.424833
0.424642
0.435407
0.444713
0.391863
0.385633
0.372412
0.374734
0.431751
0.419254
0.446186
0.447961
0.445381
0.433829
0.473314
0.505459
0.447985
0.419272
0.425034
0.496955
0.44014
0.487489
0.484301
0.441572
0.418594
0.378166
0.37649
0.381791
0.376096
0.406915
0.41769
0.411285
0.390581
0.395089
0.40057
0.438209
0.412032
0.394518
0.405594
0.418007
0.424325
0.467664
0.439741
0.406933
0.468649
0.43857
0.476039
0.458275
0.50784
0.49476
0.460402
0.472332
0.405807
0.46302
0.462724
0.422932
0.396629
0.400496
0.411125
0.367156
0.352678
0.355595
0.351589
0.352768
0.374151
0.393048
0.400073
0.410645
0.379081
0.435676
0.463223
0.452981
0.40497
0.42078
0.380397
0.383639
0.373098
0.399601
0.409157
0.386133
0.391478
0.381764
0.387845
0.40798
0.407601
0.439191
0.456225
0.431673
0.495181
0.407061
0.386597
0.409035
0.377483
0.375987
0.356641
0.372238
0.373502
0.402954
0.423953
0.477052
0.465451
0.423905
0.414912
0.411069
0.394755
0.46961
0.509488
0.430186
0.410285
0.450017
0.437766
0.486624
0.486049
0.484717
0.492921
0.445138
0.422965
0.374824
0.445299
0.475358
0.42326
0.442279
0.452803
0.419696
0.426584
0.423709
0.456106
0.392181
0.448523
0.45537
0.436388
0.39242
0.383189
0.411436
0.402379
0.389455
0.415503
0.399906
0.402865
0.403214
0.395272
0.378035
0.3735
0.371064
0.34858
0.347868
0.363811
0.360355
0.373197
0.387342
0.400949
0.406133
0.390657
0.396156
0.398932
0.418728
0.407138
0.419417
0.429914
0.425407
0.395808
0.378973
0.410488
0.387967
0.38691
0.378862
0.351401
0.344523
0.353351
0.366896
0.388333
0.435744
0.426562
0.424804
0.435345
0.483642
0.5021
0.388827
0.391747
0.41816
0.411228
0.370222
0.406018
0.463936
0.445357
0.365476
0.444266
0.438039
0.448594
0.428051
0.424091
0.492172
0.446264
0.453194
0.430226
0.398336
0.393524
0.416075
0.406735
0.393053
0.376518
0.366949
0.365798
0.354818
0.360226
0.361297
0.35526
0.358476
0.354966
0.345019
0.353095
0.347954
0.363858
0.369188
0.362317
0.364494
0.383823
0.393164
0.402816
0.394445
0.410177
0.417926
0.398605
0.409436
0.387674
0.399823
0.380872
0.397284
0.365966
0.359321
0.355739
0.355183
0.353519
0.356764
0.352652
0.370133
0.367243
0.38116
0.384517
0.367418
0.37591
0.400556
0.407003
0.443774
0.433352
0.409948
0.4003
0.401283
0.430783
0.415254
0.432673
0.434263
0.385301
0.373985
0.371554
0.371977
0.389017
0.383816
0.418099
0.423424
0.425693
0.449154
0.428306
0.442524
0.411964
0.40124
0.398239
0.389115
0.381687
0.368416
0.376179
0.395064
0.411309
0.388061
0.398385
0.390349
0.411986
0.417202
0.41874
0.420952
0.429199
0.445335
0.437663
0.439336
0.469795
0.423552
0.451325
0.46895
0.447246
0.413299
0.361562
0.384401
0.499669
0.459292
0.391315
0.432562
0.461132
0.470812
0.456711
0.439861
0.406156
0.388227
0.402743
0.377758
0.354935
0.366858
0.36528
0.345867
0.350821
0.346283
0.355372
0.353193
0.340043
0.345747
0.363704
0.391738
0.389887
0.37123
0.378568
0.398683
0.398091
0.382623
0.367934
0.360021
0.349862
0.359065
0.35886
0.35333
0.347417
0.348064
0.355288
0.359645
0.348679
0.35345
0.369061
0.3886
0.395227
0.383951
0.442947
0.458104
0.479891
0.493912
0.458694
0.436473
0.40569
0.414021
0.421007
0.440275
0.435204
0.409521
0.401672
0.412894
0.413301
0.45494
0.449048
0.436864
0.484366
0.464257
0.506735
0.420253
0.43736
0.398574
0.423422
0.457776
0.424966
0.404113
0.408012
0.4252
0.41112
0.41036
0.440186
0.438747
0.442676
0.453966
0.437188
0.435283
0.407525
0.43054
0.40198
0.399206
0.392348
0.375016
0.363193
0.35411
0.357158
0.358123
0.386871
0.40857
0.427181
0.42334
0.431369
0.436562
0.439384
0.440402
0.421283
0.404905
0.387707
0.383447
0.378102
0.385746
0.382385
0.410578
0.40398
0.453393
0.474896
0.473226
0.440103
0.424959
0.420869
0.442226
0.430007
0.422939
0.414685
0.440236
0.429866
0.471865
0.417989
0.401097
0.386334
0.38227
0.377965
0.369754
0.363914
0.355837
0.35162
0.370507
0.359801
0.363891
0.361401
0.373407
0.372915
0.401687
0.415549
0.41295
0.401145
0.427698
0.444866
0.475627
0.444174
0.426945
0.38036
0.435153
0.516194
0.506193
0.508968
0.480791
0.408356
0.438212
0.441651
0.415361
0.379082
0.376838
0.353235
0.348925
0.361974
0.365457
0.378958
0.389665
0.392937
0.385948
0.363915
0.362927
0.36816
0.369999
0.374634
0.387641
0.417163
0.460146
0.488855
0.428356
0.484156
0.441732
0.435587
0.513006
0.462461
0.424413
0.403247
0.414682
0.441508
0.44886
0.452685
0.470853
0.437973
0.44286
0.385764
0.416973
0.429116
0.396115
0.38296
0.394739
0.401585
0.415428
0.433365
0.431938
0.428412
0.406406
0.390608
0.383371
0.403466
0.404668
0.433591
0.4106
0.391047
0.381054
0.376034
0.373286
0.372463
0.38169
0.370017
0.380814
0.38364
0.356702
0.365593
0.358772
0.357085
0.360722
0.345325
0.342017
0.345959
0.349861
0.353265
0.357256
0.345321
0.346046
0.358219
0.362109
0.369571
0.364594
0.355766
0.374424
0.385334
0.365646
0.38717
0.372141
0.365972
0.359811
0.355945
0.355322
0.352675
0.35006
0.356382
0.355212
0.368843
0.374891
0.385066
0.389777
0.353741
0.367305
0.395997
0.391504
0.415968
0.398484
0.386
0.375992
0.375319
0.379085
0.385616
0.3845
0.387767
0.400346
0.386583
0.40178
0.410981
0.403614
0.388196
0.383487
0.375499
0.376477
0.362203
0.356839
0.351419
0.355552
0.354037
0.344904
0.345555
0.340897
0.343774
0.360144
0.378278
0.38338
0.363389
0.364092
0.376774
0.374726
0.402374
0.395182
0.381124
0.395636
0.428239
0.43078
0.369175
0.372975
0.38377
0.407872
0.39077
0.382428
0.38813
0.371932
0.372715
0.351286
0.373661
0.370483
0.353981
0.34481
0.360183
0.353129
0.364609
0.360943
0.364647
0.359843
0.370018
0.363766
0.363898
0.357361
0.365589
0.373349
0.362195
0.34589
0.359599
0.358952
0.360701
0.367822
0.367934
0.394897
0.405192
0.392924
0.392923
0.387244
0.395238
0.392724
0.403598
0.370997
0.397924
0.406151
0.424547
0.403003
0.399848
0.399216
0.388984
0.42126
0.429488
0.416602
0.404775
0.404556
0.404233
0.409813
0.412328
0.395892
0.396349
0.412909
0.406607
0.378541
0.385838
0.392482
0.389364
0.448089
0.375379
0.396528
0.392617
0.400368
0.386003
0.39939
0.385863
0.395492
0.389856
0.376816
0.378957
0.379283
0.368379
0.370617
0.372001
0.361889
0.3619
0.365177
0.354727
0.359055
0.364641
0.385026
0.363956
0.367441
0.370007
0.375793
0.3801
0.371427
0.363941
0.362996
0.349683
0.332731
0.34373
0.340411
0.339296
0.348645
0.342554
0.349153
0.354628
0.371958
0.371585
0.376245
0.354527
0.346186
0.351525
0.364886
0.362785
0.348855
0.350639
0.3501
0.359029
0.376038
0.376099
0.372015
0.391133
0.39979
0.389856
0.382232
0.398297
0.400532
0.388313
0.358563
0.349404
0.352271
0.34552
0.334114
0.337286
0.345304
0.336522
0.346356
0.335754
0.338119
0.34777
0.358717
0.387885
0.379548
0.373725
0.389845
0.39256
0.379177
0.385794
0.415627
0.415866
0.381203
0.37765
0.380075
0.353996
0.35635
0.367412
0.380333
0.403693
0.393784
0.397815
0.398846
0.40499
0.417697
0.421409
0.401664
0.387989
0.431674
0.440113
0.422696
0.401293
0.393903
0.391244
0.399032
0.416234
0.405177
0.406153
0.396178
0.368246
0.365974
0.375586
0.387131
0.441133
0.431368
0.42017
0.388297
0.393971
0.400922
0.407781
0.405254
0.434289
0.418319
0.399436
0.373246
0.36968
0.362004
0.364933
0.359505
0.379126
0.370311
0.37929
0.360441
0.358025
0.354904
0.360994
0.35105
0.347443
0.340223
0.343479
0.367836
0.36555
0.357523
0.362904
0.364553
0.353997
0.355852
0.370847
0.380185
0.37312
0.402652
0.386129
0.400964
0.41768
0.433707
0.45546
0.455406
0.418338
0.407873
0.419677
0.49168
0.482373
0.499294
0.431697
0.47161
0.485672
0.505997
0.52009
0.4238
0.413779
0.385542
0.38247
0.382082
0.382277
0.391212
0.386633
0.389667
0.389316
0.412676
0.404929
0.410393
0.393988
0.381914
0.407184
0.427836
0.41211
0.399725
0.408369
0.391215
0.371705
0.373818
0.374754
0.361073
0.368537
0.384259
0.404535
0.402834
0.398118
0.407014
0.42281
0.387111
0.376927
0.37121
0.376275
0.389939
0.39895
0.410992
0.402049
0.423658
0.406867
0.433486
0.455063
0.431974
0.474566
0.506561
0.448083
0.408017
0.534149
0.441454
0.466168
0.476601
0.44413
0.431435
0.421899
0.429242
0.452029
0.44005
0.462813
0.44487
0.471625
0.470062
0.46919
0.461817
0.445909
0.458209
0.435324
0.437065
0.495205
0.45711
0.497776
0.479751
0.465768
0.464814
0.519563
0.494164
0.5081
0.484298
0.477911
0.533139
0.557306
0.550295
0.493703
0.481133
0.52707
0.491301
0.3787
0.368412
0.355403
0.372394
0.366919
0.359807
0.367146
0.371797
0.370239
0.37563
0.384899
0.398095
0.396849
0.37994
0.402603
0.389765
0.395261
0.416596
0.427019
0.437294
0.420531
0.389599
0.382274
0.375327
0.373984
0.368096
0.377613
0.368197
0.374848
0.393036
0.393218
0.391298
0.415415
0.459485
0.422558
0.457558
0.423164
0.480608
0.474178
0.477097
0.504071
0.466295
0.483021
0.444524
0.444258
0.43504
0.415445
0.404946
0.438287
0.483113
0.537472
0.523749
0.517151
0.49129
0.421448
0.487768
0.500094
0.469354
0.431497
0.438265
0.414554
0.392777
0.429313
0.426108
0.404377
0.394951
0.403328
0.356693
0.377492
0.396389
0.378382
0.363573
0.375765
0.369646
0.363959
0.365819
0.382161
0.405704
0.383033
0.373005
0.366777
0.358022
0.371001
0.366653
0.365519
0.360914
0.358855
0.369483
0.380995
0.390345
0.377765
0.414785
0.419821
0.400803
0.379728
0.371786
0.378744
0.378165
0.403069
0.387458
0.380765
0.383543
0.377523
0.384608
0.384438
0.38036
0.409495
0.398766
0.377164
0.363794
0.376452
0.379516
0.367826
0.366256
0.36566
0.356904
0.375823
0.371364
0.38974
0.386126
0.396375
0.398064
0.395137
0.421001
0.430538
0.434266
0.415729
0.452883
0.424516
0.399275
0.373396
0.406746
0.399193
0.380728
0.366284
0.362929
0.357522
0.359115
0.364396
0.366697
0.376194
0.396646
0.419779
0.408152
0.404881
0.445819
0.437121
0.474672
0.428989
0.467627
0.413001
0.448582
0.430016
0.395115
0.390795
0.413671
0.418879
0.420708
0.407888
0.42273
0.388272
0.387021
0.426298
0.439571
0.453481
0.456095
0.444401
0.424961
0.398995
0.429208
0.434655
0.394851
0.438248
0.431119
0.459109
0.438438
0.449825
0.431068
0.429267
0.431617
0.468692
0.483841
0.439503
0.476188
0.436839
0.452428
0.463979
0.472725
0.525266
0.469368
0.491401
0.483085
0.498866
0.483763
0.540607
0.561852
0.455095
0.381505
0.416365
0.452247
0.452551
0.527029
0.52373
0.496782
0.469805
0.436027
0.472499
0.427646
0.454062
0.428818
0.419046
0.425957
0.422933
0.404281
0.415162
0.439572
0.402946
0.386161
0.406355
0.403231
0.429479
0.438056
0.39278
0.409934
0.437069
0.464277
0.448942
0.427979
0.382132
0.39095
0.41041
0.410522
0.394883
0.381113
0.383591
0.385129
0.385293
0.398714
0.418177
0.402207
0.409286
0.400007
0.402512
0.393801
0.388013
0.388342
0.390851
0.403635
0.417607
0.413459
0.400396
0.396863
0.395224
0.400633
0.395184
0.417062
0.406344
0.436394
0.404094
0.382283
0.391062
0.394085
0.381831
0.380694
0.380724
0.38746
0.395587
0.39924
0.415619
0.401412
0.386789
0.378043
0.364226
0.376261
0.389893
0.412077
0.415834
0.418178
0.434811
0.455539
0.439434
0.447014
0.413073
0.422393
0.415829
0.40188
0.379152
0.371985
0.371078
0.365889
0.36657
0.408052
0.451946
0.374752
0.358608
0.357178
0.358355
0.352906
0.363235
0.357157
0.363654
0.357349
0.364298
0.367694
0.36157
0.35658
0.349701
0.343652
0.351313
0.348281
0.349761
0.341645
0.349869
0.356325
0.360572
0.356535
0.364471
0.36573
0.350954
0.35932
0.343347
0.330657
0.343164
0.342648
0.338319
0.345123
0.337973
0.346607
0.361454
0.339749
0.335391
0.341659
0.339784
0.353596
0.347522
0.361743
0.357096
0.358064
0.359512
0.365187
0.367848
0.369387
0.351003
0.35206
0.353527
0.343152
0.351623
0.35951
0.363083
0.373715
0.37896
0.364275
0.354013
0.350101
0.34259
0.341366
0.346733
0.34498
0.348066
0.348369
0.361217
0.349675
0.355334
0.356658
0.362778
0.37495
0.373781
0.37843
0.389725
0.371
0.369112
0.380939
0.392389
0.395035
0.397705
0.381531
0.371475
0.382396
0.383334
0.413703
0.390103
0.374192
0.360835
0.370678
0.348509
0.34997
0.348973
0.33833
0.347947
0.34638
0.359069
0.345236
0.361635
0.354864
0.363746
0.35495
0.374812
0.361968
0.362725
0.369826
0.378925
0.383829
0.373543
0.391858
0.394914
0.391331
0.367738
0.379778
0.388873
0.40922
0.375793
0.358257
0.351328
0.358456
0.36507
0.375611
0.36899
0.378534
0.394983
0.396283
0.378055
0.381823
0.395812
0.395058
0.414083
0.395092
0.396613
0.400663
0.399271
0.366875
0.355933
0.349627
0.378111
0.384091
0.386903
0.374845
0.371497
0.370695
0.364505
0.374339
0.366362
0.373751
0.364686
0.358753
0.366334
0.388674
0.390634
0.407099
0.415672
0.421535
0.370548
0.414716
0.416919
0.392938
0.365074
0.363685
0.406905
0.375872
0.403965
0.403597
0.405409
0.418448
0.465779
0.476144
0.448578
0.412315
0.42972
0.421439
0.43038
0.455976
0.440599
0.395181
0.435983
0.4606
0.461776
0.488779
0.44869
0.531831
0.467145
0.49281
0.476913
0.435005
0.476827
0.511892
0.470003
0.48369
0.484953
0.498648
0.405827
0.455244
0.385038
0.384526
0.383662
0.38521
0.400167
0.388066
0.389138
0.394729
0.379507
0.383149
0.393845
0.412011
0.424475
0.447074
0.441299
0.442131
0.430916
0.450043
0.439332
0.411195
0.407275
0.408401
0.41192
0.390929
0.401204
0.417479
0.398071
0.384758
0.402774
0.414137
0.416806
0.434971
0.41527
0.43826
0.428067
0.421512
0.415549
0.429541
0.419364
0.417934
0.409685
0.42548
0.437962
0.402078
0.430951
0.394449
0.382652
0.381647
0.397432
0.412125
0.396852
0.389099
0.384312
0.36974
0.359065
0.349203
0.353362
0.345909
0.346816
0.350614
0.355443
0.363624
0.376935
0.344396
0.354027
0.353863
0.377389
0.358551
0.349517
0.361129
0.361008
0.372048
0.396578
0.38953
0.41244
0.380812
0.394316
0.392483
0.385709
0.425145
0.402575
0.382528
0.377714
0.369168
0.360982
0.356051
0.374957
0.370621
0.403571
0.37498
0.366835
0.373547
0.383764
0.364092
0.364738
0.373999
0.3835
0.394166
0.400993
0.405384
0.402348
0.396874
0.393423
0.385584
0.393643
0.388377
0.388489
0.376439
0.353375
0.370953
0.411574
0.389885
0.378844
0.390426
0.410273
0.428742
0.378118
0.386856
0.37935
0.386765
0.380696
0.36395
0.36608
0.347632
0.346897
0.359023
0.3424
0.342937
0.341608
0.344708
0.355209
0.352469
0.34536
0.346396
0.329867
0.347078
0.355661
0.348764
0.346059
0.342266
0.347188
0.352174
0.365224
0.365111
0.364786
0.363202
0.376574
0.363873
0.35779
0.359368
0.361985
0.373026
0.396249
0.406796
0.400112
0.421894
0.409721
0.393071
0.394639
0.403321
0.38899
0.397174
0.400014
0.399677
0.393406
0.370982
0.366035
0.363576
0.347764
0.355112
0.35934
0.3587
0.35563
0.357086
0.345563
0.34912
0.359743
0.35165
0.353537
0.371939
0.388006
0.394628
0.424765
0.402756
0.384579
0.358179
0.367774
0.385275
0.379002
0.388543
0.401851
0.417712
0.381048
0.37575
0.371825
0.368833
0.386872
0.373896
0.364218
0.398961
0.395014
0.381318
0.378209
0.388925
0.401374
0.428083
0.440269
0.427809
0.454622
0.5171
0.486826
0.442975
0.402881
0.401744
0.433681
0.422199
0.432305
0.444253
0.427132
0.439788
0.427104
0.420318
0.405049
0.421386
0.424141
0.39261
0.380084
0.395697
0.394502
0.375324
0.36957
0.38058
0.383106
0.37201
0.367517
0.371387
0.362535
0.377042
0.367303
0.363324
0.366972
0.377172
0.386525
0.407135
0.387958
0.39565
0.413513
0.4544
0.482839
0.442572
0.46579
0.476996
0.427782
0.448882
0.508711
0.476535
0.441822
0.442211
0.456417
0.36914
0.476538
0.446372
0.429423
0.401912
0.4299
0.544564
0.58157
0.510882
0.577081
0.560833
0.484949
0.497725
0.486517
0.490601
0.462755
0.505327
0.559236
0.530886
0.453964
0.452326
0.460539
0.458457
0.412949
0.446107
0.47133
0.495341
0.516026
0.513067
0.467552
0.504295
0.530453
0.531477
0.499927
0.525274
0.54388
0.515273
0.45627
0.460332
0.474135
0.43042
0.416688
0.395245
0.395259
0.407034
0.38499
0.372345
0.3653
0.370548
0.375363
0.383489
0.403671
0.390198
0.397311
0.402939
0.381557
0.38311
0.40207
0.375542
0.402463
0.397819
0.40928
0.434881
0.400901
0.402001
0.401838
0.403163
0.406333
0.442191
0.389355
0.375289
0.385112
0.378276
0.36137
0.363263
0.360601
0.364417
0.370705
0.365154
0.355837
0.383964
0.380698
0.377316
0.375443
0.371622
0.380584
0.381117
0.389664
0.386002
0.378903
0.363339
0.369157
0.38187
0.396386
0.40903
0.410932
0.428062
0.435041
0.404729
0.443454
0.442084
0.445086
0.412308
0.395681
0.386509
0.399608
0.386507
0.357265
0.350592
0.357743
0.356786
0.356242
0.353859
0.344612
0.342539
0.341583
0.345161
0.351829
0.344799
0.365552
0.35504
0.359608
0.3532
0.345978
0.351335
0.352315
0.340955
0.349171
0.347056
0.352799
0.344116
0.35018
0.3435
0.349323
0.338745
0.345698
0.339938
0.352375
0.338571
0.356189
0.353944
0.368158
0.364912
0.36798
0.371075
0.387451
0.413728
0.417337
0.432966
0.41641
0.417958
0.420178
0.385724
0.40421
0.426449
0.416925
0.424549
0.433804
0.43643
0.429511
0.408779
0.413994
0.400848
0.400429
0.409712
0.409214
0.376117
0.374334
0.362631
0.355334
0.354344
0.358112
0.356327
0.362545
0.364921
0.356939
0.349872
0.359828
0.346519
0.348046
0.355011
0.361317
0.367056
0.359753
0.371667
0.380364
0.378122
0.396397
0.392991
0.370789
0.406216
0.418873
0.394353
0.406425
0.424197
0.402062
0.387574
0.404694
0.411737
0.40897
0.421194
0.416777
0.399952
0.395123
0.397552
0.390227
0.381533
0.404146
0.405671
0.42822
0.435213
0.421453
0.390813
0.374585
0.359144
0.363484
0.357326
0.341098
0.345142
0.345165
0.353858
0.34466
0.342529
0.351082
0.351077
0.352222
0.360717
0.345942
0.358721
0.352873
0.358473
0.363223
0.343755
0.347473
0.351649
0.344719
0.330041
0.343
0.345486
0.345438
0.352114
0.348042
0.342799
0.33626
0.351915
0.346638
0.346485
0.35079
0.356152
0.366266
0.38805
0.368531
0.368058
0.367169
0.374142
0.350826
0.355177
0.35448
0.359901
0.345078
0.351243
0.379344
0.412254
0.394324
0.381489
0.368499
0.367839
0.365269
0.356284
0.373441
0.384344
0.371831
0.37518
0.37588
0.374992
0.366695
0.372221
0.379153
0.396711
0.393703
0.387943
0.413385
0.399215
0.405604
0.410907
0.415396
0.411151
0.430955
0.404388
0.375564
0.39281
0.39974
0.400154
0.365203
0.368168
0.357282
0.360583
0.35193
0.384703
0.365712
0.349875
0.365475
0.378443
0.391819
0.389007
0.394555
0.398283
0.427309
0.417347
0.405246
0.418003
0.406234
0.372347
0.376679
0.382481
0.400099
0.365095
0.376904
0.37242
0.366238
0.368366
0.365024
0.38079
0.365163
0.417236
0.393498
0.398024
0.384597
0.39733
0.414988
0.402907
0.381464
0.387306
0.381674
0.375464
0.360245
0.358017
0.351712
0.353537
0.353283
0.354088
0.347315
0.353025
0.350669
0.362199
0.34887
0.339585
0.344128
0.344113
0.347507
0.36614
0.369763
0.378665
0.374963
0.379294
0.364798
0.383601
0.362307
0.36438
0.360016
0.346189
0.359722
0.349545
0.356833
0.363559
0.347736
0.359749
0.367792
0.37215
0.415293
0.395081
0.392938
0.38116
0.381951
0.385131
0.382179
0.362706
0.360929
0.371324
0.354536
0.373899
0.366977
0.353932
0.38519
0.379285
0.392482
0.37322
0.371249
0.366231
0.359338
0.348105
0.347572
0.363024
0.365119
0.371381
0.373827
0.362613
0.375505
0.359023
0.369032
0.360274
0.36042
0.360448
0.374503
0.393291
0.398719
0.400302
0.401509
0.397828
0.370345
0.380652
0.398307
0.39385
0.391422
0.411357
0.395844
0.361911
0.361036
0.354039
0.350041
0.361575
0.37979
0.404839
0.400964
0.381596
0.365573
0.371914
0.362943
0.367425
0.360882
0.362527
0.361534
0.347
0.337829
0.34459
0.336877
0.348143
0.34455
0.345807
0.341857
0.344195
0.339478
0.347301
0.357019
0.366277
0.380045
0.394425
0.386686
0.372057
0.387292
0.365515
0.36729
0.358778
0.363736
0.377784
0.375012
0.382605
0.384777
0.381955
0.368868
0.361408
0.392253
0.389177
0.367018
0.405632
0.379421
0.363908
0.35802
0.363022
0.355803
0.35715
0.355036
0.350477
0.358526
0.346249
0.348131
0.35298
0.352265
0.368269
0.370399
0.379808
0.37451
0.399605
0.402112
0.412047
0.397917
0.36597
0.376805
0.35467
0.354976
0.352242
0.34928
0.351292
0.337348
0.340347
0.348043
0.376211
0.347434
0.345711
0.341351
0.346109
0.342971
0.344626
0.350712
0.34613
0.344414
0.345183
0.343538
0.344244
0.344779
0.344937
0.343304
0.334069
0.342856
0.344915
0.357782
0.353252
0.338136
0.364559
0.356151
0.360021
0.364205
0.378318
0.405145
0.416531
0.408019
0.419331
0.428464
0.406351
0.406706
0.391905
0.403504
0.382393
0.379305
0.367604
0.369419
0.361033
0.367775
0.364294
0.372053
0.376625
0.39165
0.382289
0.378793
0.367238
0.37617
0.373603
0.377333
0.39216
0.398137
0.40864
0.401149
0.370156
0.387207
0.369315
0.375948
0.384679
0.408823
0.404971
0.396534
0.374013
0.373807
0.379519
0.366737
0.353943
0.360123
0.382859
0.392086
0.351467
0.359739
0.410649
0.40852
0.394549
0.425458
0.429288
0.387979
0.396256
0.397054
0.442173
0.410854
0.417712
0.402756
0.399294
0.374194
0.381044
0.383714
0.371695
0.372799
0.371872
0.370336
0.359867
0.357447
0.360379
0.362674
0.358212
0.347184
0.35789
0.35954
0.370037
0.379871
0.393732
0.40556
0.368365
0.405916
0.371794
0.371054
0.353707
0.351413
0.344141
0.340932
0.354226
0.337772
0.339559
0.333812
0.347567
0.354705
0.364098
0.379381
0.373703
0.367764
0.353384
0.351979
0.3581
0.386245
0.416036
0.400288
0.388745
0.367598
0.356226
0.353345
0.352241
0.35109
0.349038
0.354038
0.35571
0.360611
0.36059
0.374554
0.392943
0.400611
0.407358
0.393062
0.372603
0.415237
0.401821
0.370038
0.361882
0.343481
0.344999
0.344819
0.364883
0.351301
0.352169
0.362878
0.368438
0.395067
0.391035
0.406284
0.377013
0.364519
0.360126
0.373335
0.355429
0.361035
0.355805
0.363963
0.357784
0.357952
0.379662
0.372803
0.357542
0.363277
0.384459
0.381386
0.362461
0.345134
0.354386
0.348789
0.351976
0.349849
0.358076
0.366971
0.351547
0.352612
0.356232
0.369548
0.371829
0.377328
0.37216
0.386903
0.384903
0.400547
0.385561
0.387456
0.446409
0.400013
0.451049
0.427354
0.423908
0.437058
0.437257
0.432499
0.442039
0.417914
0.403372
0.403404
0.418726
0.417122
0.423614
0.406716
0.404078
0.385395
0.388032
0.385671
0.435032
0.413672
0.384971
0.376145
0.388767
0.401986
0.41573
0.441363
0.486607
0.551437
0.522342
0.56228
0.555833
0.513478
0.520587
0.461459
0.453428
0.453823
0.434105
0.449434
0.446344
0.446101
0.419161
0.415824
0.389454
0.393133
0.401755
0.412046
0.432869
0.421735
0.412226
0.428845
0.459294
0.458154
0.41055
0.406296
0.399782
0.420877
0.391919
0.390832
0.386028
0.380724
0.39026
0.399565
0.40458
0.40761
0.42338
0.423735
0.477962
0.432394
0.41745
0.40128
0.381455
0.379596
0.360924
0.353958
0.359479
0.35086
0.354667
0.377597
0.392683
0.393844
0.427433
0.435407
0.438499
0.425601
0.38951
0.389929
0.393362
0.39854
0.396738
0.406754
0.438827
0.443819
0.430852
0.428497
0.373707
0.359472
0.363452
0.358657
0.346046
0.347408
0.354654
0.347446
0.348326
0.346159
0.353491
0.353602
0.353264
0.365348
0.349945
0.354491
0.355158
0.354062
0.34786
0.355521
0.356919
0.355621
0.353533
0.348292
0.358766
0.347778
0.351266
0.350372
0.347796
0.343799
0.353259
0.342474
0.364268
0.348675
0.340033
0.346754
0.342618
0.34712
0.343628
0.34879
0.349511
0.341483
0.355459
0.3482
0.346883
0.340046
0.352336
0.351096
0.354738
0.356737
0.374754
0.386953
0.40999
0.456874
0.445998
0.432307
0.427672
0.407653
0.38254
0.381031
0.409763
0.406392
0.375991
0.426143
0.41303
0.406697
0.391815
0.377877
0.39347
0.389285
0.39307
0.406538
0.37119
0.37987
0.413316
0.385606
0.422844
0.406815
0.418691
0.414456
0.381565
0.376226
0.387434
0.372083
0.360763
0.369829
0.382471
0.399769
0.38976
0.372633
0.375227
0.376822
0.370279
0.374018
0.386878
0.392161
0.438057
0.407645
0.391934
0.375414
0.365494
0.357159
0.366506
0.359783
0.363579
0.346248
0.359421
0.365092
0.371129
0.375277
0.372074
0.357988
0.368416
0.343249
0.352248
0.338976
0.35907
0.369284
0.375334
0.387435
0.385686
0.382872
0.390965
0.384188
0.415996
0.411743
0.404963
0.392149
0.399948
0.392285
0.423902
0.416463
0.420384
0.395175
0.416743
0.405034
0.394884
0.376954
0.377557
0.379147
0.378827
0.39518
0.376385
0.37118
0.367862
0.37548
0.365029
0.390335
0.389311
0.374026
0.400269
0.389304
0.422998
0.399973
0.406451
0.383942
0.404334
0.377157
0.359095
0.359561
0.363135
0.37939
0.365923
0.388224
0.35712
0.390323
0.360593
0.380895
0.395372
0.383457
0.405953
0.397386
0.387722
0.405853
0.369417
0.383547
0.39229
0.406458
0.398272
0.398993
0.41338
0.426048
0.387596
0.407808
0.409898
0.414052
0.406257
0.41002
0.384809
0.406756
0.432836
0.398654
0.397865
0.408456
0.413721
0.40975
0.40204
0.391846
0.380501
0.387129
0.390781
0.413312
0.418577
0.424884
0.417513
0.413363
0.39029
0.400708
0.386995
0.378115
0.418127
0.416351
0.407977
0.396479
0.392857
0.418517
0.430886
0.412389
0.397107
0.39698
0.414097
0.377819
0.370048
0.402781
0.378613
0.397887
0.38246
0.379278
0.350203
0.375358
0.371108
0.354842
0.357793
0.349527
0.350662
0.336137
0.34048
0.347978
0.347394
0.338034
0.353329
0.359223
0.360021
0.376235
0.363179
0.358654
0.361342
0.371179
0.368306
0.381844
0.363867
0.361762
0.350476
0.359135
0.358382
0.375348
0.373871
0.366352
0.369793
0.402203
0.370707
0.354571
0.343744
0.350905
0.345488
0.356687
0.360435
0.383802
0.38726
0.356753
0.37257
0.363331
0.365761
0.368112
0.375073
0.380344
0.379694
0.404591
0.376211
0.390271
0.393816
0.387632
0.380214
0.380796
0.366673
0.359983
0.36638
0.374549
0.376334
0.382899
0.368158
0.352254
0.347508
0.353981
0.363966
0.356579
0.351849
0.344654
0.351063
0.354304
0.362469
0.358463
0.370671
0.360643
0.36014
0.379667
0.363411
0.366644
0.358115
0.339367
0.351039
0.34763
0.339132
0.33926
0.342438
0.343851
0.344776
0.344282
0.345997
0.359174
0.368884
0.387831
0.385392
0.365091
0.348571
0.396528
0.379556
0.349717
0.397362
0.383794
0.376844
0.379223
0.376038
0.351624
0.372763
0.371382
0.371274
0.391379
0.380268
0.382594
0.402048
0.397801
0.404573
0.4242
0.392465
0.392697
0.378714
0.373778
0.375028
0.381103
0.397124
0.380992
0.391199
0.388008
0.379447
0.374344
0.412601
0.399057
0.372842
0.360953
0.350876
0.358142
0.34938
0.367375
0.381341
0.379133
0.383408
0.404212
0.380033
0.360086
0.358782
0.360688
0.349652
0.358914
0.350191
0.343255
0.361793
0.363191
0.380071
0.39606
0.38895
0.401349
0.385499
0.364841
0.36975
0.372532
0.389311
0.403705
0.401708
0.388369
0.373425
0.361091
0.362271
0.377953
0.385371
0.429809
0.423057
0.396092
0.385316
0.383833
0.387632
0.374954
0.368205
0.376026
0.364958
0.370326
0.350895
0.361336
0.361085
0.359964
0.363226
0.373263
0.393285
0.394447
0.379881
0.384935
0.452982
0.468663
0.421983
0.445514
0.441989
0.480141
0.438319
0.473843
0.470035
0.438252
0.458516
0.435438
0.48167
0.457459
0.450758
0.431077
0.43391
0.398539
0.39607
0.401732
0.427546
0.432917
0.413767
0.408603
0.443484
0.461205
0.444168
0.442701
0.453821
0.474724
0.530649
0.427915
0.443755
0.424538
0.40451
0.393001
0.426618
0.462232
0.496358
0.437166
0.46008
0.440183
0.424053
0.420886
0.383807
0.394128
0.388771
0.380391
0.378313
0.370815
0.361078
0.367327
0.382436
0.386596
0.415898
0.403152
0.402327
0.400755
0.387468
0.385944
0.403325
0.385159
0.366985
0.365711
0.3886
0.402836
0.420787
0.476451
0.44158
0.461562
0.48403
0.507767
0.499069
0.386211
0.476555
0.430386
0.459124
0.413719
0.398961
0.390672
0.376284
0.374323
0.382915
0.401519
0.411753
0.407543
0.435179
0.459238
0.464034
0.41721
0.404024
0.389109
0.38731
0.387171
0.376154
0.389978
0.396629
0.420205
0.430541
0.440398
0.420489
0.42042
0.398165
0.402005
0.398591
0.399368
0.411077
0.409631
0.435249
0.450905
0.437869
0.41032
0.393473
0.379935
0.360081
0.355307
0.348603
0.364793
0.365231
0.36492
0.360686
0.385082
0.388099
0.37239
0.367528
0.351999
0.358452
0.35495
0.356485
0.358397
0.366193
0.357848
0.373452
0.371081
0.368714
0.394589
0.38076
0.378982
0.378681
0.40978
0.430449
0.46701
0.435203
0.452869
0.443266
0.408643
0.408506
0.427879
0.445324
0.465447
0.462485
0.388192
0.377438
0.484868
0.447205
0.427259
0.458934
0.474304
0.497392
0.479373
0.455456
0.450273
0.468742
0.41361
0.45414
0.43252
0.445637
0.419996
0.422176
0.431989
0.481169
0.446359
0.49626
0.532866
0.472706
0.460462
0.528773
0.463341
0.515293
0.4676
0.450232
0.472891
0.529456
0.482085
0.498834
0.469023
0.487341
0.46251
0.426992
0.460537
0.438287
0.424905
0.427482
0.435271
0.448629
0.467351
0.413563
0.385757
0.415965
0.433071
0.442322
0.462777
0.475719
0.446238
0.446944
0.408395
0.431333
0.428091
0.422697
0.437317
0.401241
0.433492
0.439309
0.409451
0.405035
0.454974
0.449402
0.455097
0.424059
0.428393
0.421779
0.409294
0.367526
0.380503
0.369789
0.368535
0.373912
0.380304
0.394049
0.444062
0.431614
0.411359
0.425718
0.41263
0.417425
0.3994
0.388167
0.399668
0.391666
0.409016
0.424553
0.441296
0.41191
0.41955
0.434251
0.426984
0.43455
0.44961
0.444529
0.433111
0.410797
0.421948
0.447478
0.415431
0.406109
0.402175
0.422704
0.412847
0.419614
0.424796
0.412651
0.392687
0.367497
0.372092
0.385395
0.38491
0.399538
0.420898
0.424692
0.384492
0.375154
0.388761
0.427298
0.426645
0.419174
0.384701
0.376012
0.372419
0.369533
0.369389
0.370101
0.368418
0.380891
0.391265
0.424606
0.411111
0.40938
0.40394
0.390243
0.385883
0.409562
0.426965
0.428167
0.390143
0.417916
0.414528
0.424574
0.387019
0.404898
0.408094
0.428476
0.383639
0.376901
0.453526
0.45367
0.437836
0.430416
0.483814
0.481232
0.469816
0.44679
0.512642
0.526928
0.442993
0.41043
0.407824
0.426424
0.501677
0.505589
0.526425
0.530042
0.459994
0.479246
0.435082
0.450812
0.489147
0.452455
0.447643
0.425035
0.459297
0.459291
0.487964
0.475634
0.441143
0.50599
0.413463
0.424762
0.398088
0.397612
0.389086
0.47234
0.44903
0.389051
0.451953
0.43343
0.472955
0.46757
0.450388
0.426746
0.490615
0.514169
0.451582
0.478567
0.432113
0.429485
0.49284
0.49464
0.469402
0.49825
0.507501
0.499085
0.439812
0.425534
0.356727
0.367375
0.415185
0.423052
0.401987
0.397887
0.376039
0.403575
0.403934
0.401752
0.381195
0.369274
0.36091
0.358488
0.350485
0.356098
0.357398
0.367523
0.37292
0.34844
0.358279
0.360704
0.377494
0.378038
0.375445
0.373587
0.382846
0.405089
0.41968
0.428926
0.420988
0.421402
0.410026
0.398088
0.384434
0.362697
0.355027
0.362376
0.36234
0.352505
0.352505
0.34841
0.357601
0.373618
0.37146
0.392164
0.382598
0.387428
0.373981
0.372578
0.384612
0.370918
0.357592
0.34619
0.350068
0.351541
0.349509
0.368174
0.378695
0.399113
0.370989
0.370716
0.356573
0.349171
0.348103
0.341772
0.335729
0.342567
0.347372
0.35344
0.344962
0.347952
0.343188
0.335888
0.336574
0.342965
0.352317
0.353638
0.347157
0.351702
0.350636
0.357501
0.36815
0.364751
0.35671
0.379734
0.374549
0.387896
0.393798
0.378001
0.371887
0.369387
0.361769
0.350937
0.372497
0.363634
0.385958
0.439555
0.42901
0.389469
0.372355
0.357878
0.363458
0.369036
0.377073
0.380903
0.386173
0.377378
0.370561
0.363276
0.366719
0.358221
0.356469
0.364715
0.369947
0.364989
0.355788
0.375306
0.372578
0.35977
0.381524
0.38505
0.379579
0.371371
0.375868
0.359791
0.348328
0.353501
0.358064
0.371084
0.379784
0.378917
0.378743
0.385101
0.375899
0.374281
0.375977
0.374451
0.392641
0.373439
0.381086
0.384496
0.386494
0.39865
0.399846
0.388691
0.38127
0.386617
0.386292
0.390244
0.388471
0.388552
0.418258
0.388715
0.382079
0.399891
0.372417
0.423125
0.426429
0.422953
0.432355
0.395855
0.409739
0.377291
0.379697
0.37505
0.358041
0.356787
0.351687
0.349891
0.344959
0.350718
0.36295
0.343949
0.340579
0.352579
0.342371
0.347815
0.342501
0.343124
0.355408
0.353731
0.349946
0.360055
0.364463
0.379032
0.38919
0.365007
0.35368
0.352592
0.347893
0.359143
0.370939
0.382274
0.393727
0.40544
0.392312
0.378663
0.374614
0.38167
0.344354
0.358854
0.369734
0.355905
0.342534
0.333099
0.34883
0.336283
0.339709
0.345655
0.343149
0.347287
0.348697
0.355705
0.368902
0.377684
0.383348
0.382987
0.409054
0.395202
0.402337
0.416062
0.384584
0.402241
0.440628
0.425826
0.396427
0.436714
0.414905
0.433332
0.400038
0.432722
0.393607
0.409804
0.408378
0.406341
0.405294
0.40459
0.411918
0.416461
0.418312
0.38436
0.424541
0.413963
0.398572
0.387105
0.368143
0.356762
0.358423
0.372706
0.392046
0.391165
0.378527
0.369677
0.36023
0.351889
0.360068
0.357738
0.368765
0.376424
0.372608
0.379622
0.3665
0.373152
0.380989
0.392281
0.383294
0.381022
0.391031
0.385876
0.396766
0.390306
0.382279
0.366593
0.354654
0.342929
0.348265
0.35646
0.35584
0.361738
0.391446
0.369316
0.35963
0.361793
0.369488
0.382973
0.364406
0.345365
0.358702
0.364405
0.356984
0.356683
0.364238
0.37857
0.380698
0.397196
0.389034
0.388065
0.378399
0.356793
0.361154
0.363664
0.365697
0.382941
0.355793
0.354418
0.351562
0.362848
0.364923
0.358021
0.358016
0.372119
0.38198
0.382442
0.391754
0.382102
0.387022
0.390021
0.396188
0.384282
0.388596
0.369186
0.373299
0.379961
0.388946
0.373028
0.367329
0.381142
0.386648
0.418912
0.40748
0.396653
0.405331
0.400519
0.364669
0.373251
0.380584
0.392562
0.3974
0.399855
0.40643
0.395714
0.397005
0.405079
0.40526
0.410154
0.412878
0.411979
0.400615
0.405543
0.410687
0.380971
0.364595
0.364753
0.34761
0.348455
0.349366
0.349661
0.350891
0.3566
0.363144
0.367863
0.394666
0.387806
0.389641
0.392824
0.402289
0.399722
0.405662
0.402255
0.369669
0.380549
0.382189
0.374261
0.375431
0.365092
0.368012
0.37923
0.359031
0.382521
0.365101
0.378542
0.389456
0.390442
0.418709
0.429981
0.402536
0.414629
0.403382
0.421511
0.424718
0.475536
0.441447
0.422918
0.428381
0.437349
0.434411
0.408879
0.397372
0.396462
0.389455
0.376809
0.368306
0.383061
0.364444
0.350102
0.376539
0.382737
0.41235
0.421039
0.409021
0.436543
0.395981
0.370273
0.378294
0.387175
0.406268
0.421489
0.406376
0.417995
0.446529
0.449925
0.45709
0.423402
0.453848
0.459146
0.429566
0.427104
0.426518
0.438917
0.451875
0.416228
0.415863
0.400293
0.418894
0.43539
0.412946
0.408222
0.393156
0.391753
0.385175
0.37891
0.413104
0.414261
0.431955
0.416006
0.408461
0.37603
0.370441
0.379784
0.400343
0.372865
0.435582
0.424684
0.436486
0.469101
0.459459
0.438175
0.474432
0.449075
0.479536
0.493798
0.47076
0.452016
0.432226
0.446103
0.420828
0.475551
0.503304
0.436928
0.520129
0.536431
0.571292
0.555316
0.587975
0.533771
0.565012
0.530392
0.542688
0.514119
0.489746
0.437026
0.387575
0.406444
0.465198
0.487673
0.449797
0.522185
0.474895
0.535852
0.525129
0.460378
0.457875
0.489333
0.490394
0.422196
0.387057
0.375208
0.377316
0.388437
0.393096
0.370286
0.349651
0.348616
0.349473
0.347583
0.348073
0.349198
0.367767
0.368625
0.376126
0.360413
0.363739
0.350109
0.348601
0.36593
0.362731
0.382307
0.366259
0.35704
0.345591
0.363177
0.364161
0.356918
0.340292
0.358297
0.3542
0.352284
0.349813
0.35792
0.362475
0.368965
0.384963
0.385372
0.368623
0.369012
0.380944
0.364305
0.376894
0.3597
0.354527
0.362669
0.372156
0.35658
0.361096
0.358853
0.367433
0.373448
0.387039
0.379679
0.39041
0.393343
0.385411
0.403487
0.402759
0.419777
0.4121
0.396796
0.412001
0.423101
0.387552
0.401873
0.401733
0.382561
0.419216
0.415723
0.403788
0.409216
0.410448
0.430607
0.424416
0.413325
0.371142
0.468636
0.426213
0.385971
0.398909
0.406206
0.403703
0.410267
0.408957
0.411874
0.422562
0.403114
0.419897
0.416962
0.414574
0.469811
0.50992
0.397466
0.392193
0.394791
0.393743
0.418591
0.40582
0.418056
0.395582
0.366104
0.401451
0.412999
0.404604
0.386962
0.384464
0.393284
0.398921
0.41324
0.394797
0.444975
0.420317
0.416361
0.416324
0.406126
0.419055
0.389758
0.38173
0.376872
0.400099
0.399721
0.376174
0.393535
0.413146
0.418902
0.396148
0.402888
0.372007
0.390214
0.400209
0.389239
0.396626
0.398642
0.418653
0.399378
0.395385
0.394675
0.399186
0.423051
0.413184
0.434128
0.518111
0.486347
0.466034
0.47769
0.487013
0.411087
0.447613
0.435206
0.391095
0.386217
0.387886
0.392324
0.430243
0.491521
0.456107
0.428561
0.400836
0.381799
0.3821
0.365578
0.361949
0.375438
0.388476
0.383033
0.419393
0.44552
0.430908
0.433529
0.439634
0.403788
0.385212
0.378416
0.375564
0.361563
0.377971
0.360185
0.359451
0.361276
0.365809
0.371669
0.371336
0.407019
0.412045
0.450262
0.444592
0.442217
0.452317
0.443944
0.44659
0.44807
0.41836
0.376804
0.370004
0.384091
0.414518
0.45903
0.415037
0.389532
0.420569
0.423862
0.409737
0.41266
0.457228
0.43119
0.469907
0.453237
0.430512
0.452142
0.446353
0.440733
0.428341
0.425385
0.43631
0.431875
0.437485
0.444518
0.405725
0.388744
0.387968
0.434662
0.443725
0.437646
0.441919
0.445799
0.4471
0.427685
0.429857
0.43169
0.472269
0.486263
0.516976
0.507888
0.507275
0.515032
0.48104
0.484012
0.500063
0.487779
0.429138
0.416116
0.404323
0.400655
0.399244
0.387177
0.368928
0.359279
0.359478
0.357866
0.350045
0.349236
0.367096
0.36368
0.3629
0.359849
0.377229
0.359705
0.352929
0.352654
0.341213
0.358689
0.375332
0.342741
0.345316
0.347626
0.356249
0.349327
0.347084
0.339435
0.342412
0.352119
0.344109
0.344189
0.344311
0.34415
0.350727
0.354138
0.365156
0.371986
0.393189
0.380126
0.355305
0.377638
0.376856
0.366858
0.353899
0.345847
0.351829
0.357905
0.361279
0.372273
0.38121
0.384692
0.371036
0.393183
0.387675
0.387564
0.377634
0.378443
0.397567
0.382949
0.383955
0.365766
0.363806
0.356122
0.372657
0.374112
0.361644
0.378157
0.365178
0.377482
0.381347
0.381788
0.386657
0.39505
0.378299
0.384339
0.40592
0.3963
0.381726
0.436664
0.482097
0.470309
0.477244
0.452732
0.468444
0.487412
0.416567
0.475156
0.49774
0.532119
0.521546
0.518579
0.494792
0.511001
0.480742
0.491797
0.48644
0.398838
0.392841
0.383231
0.371474
0.379514
0.386128
0.394257
0.425799
0.391917
0.424363
0.451496
0.441898
0.42232
0.399173
0.396945
0.417011
0.381144
0.366691
0.391642
0.410264
0.396237
0.387454
0.386914
0.366732
0.35179
0.344398
0.357492
0.353686
0.360636
0.371931
0.366805
0.356292
0.355107
0.387723
0.395097
0.389059
0.387935
0.391448
0.36577
0.366743
0.364168
0.358071
0.360384
0.359848
0.3471
0.360825
0.363381
0.357682
0.34873
0.350969
0.349083
0.371914
0.388247
0.395479
0.386144
0.395977
0.360882
0.387218
0.381109
0.361082
0.349184
0.342335
0.341225
0.346098
0.348025
0.341285
0.350301
0.352713
0.353832
0.370879
0.36347
0.377802
0.369502
0.363847
0.370316
0.371954
0.361759
0.37371
0.364994
0.369197
0.372814
0.381044
0.361916
0.357193
0.366948
0.357942
0.360049
0.34579
0.347309
0.349226
0.351924
0.357583
0.370956
0.383208
0.388816
0.420246
0.400043
0.469874
0.478282
0.443278
0.492374
0.440908
0.420245
0.444269
0.450599
0.423887
0.430828
0.404267
0.422508
0.398856
0.444754
0.445482
0.448454
0.469881
0.459961
0.418308
0.402981
0.386578
0.374132
0.387234
0.401334
0.419549
0.417779
0.402831
0.396362
0.415244
0.414513
0.42235
0.389736
0.371648
0.36567
0.369032
0.363524
0.382351
0.392902
0.419469
0.406664
0.414984
0.438605
0.439236
0.407223
0.457505
0.446466
0.444842
0.441279
0.468471
0.41388
0.411203
0.434169
0.422096
0.4015
0.393619
0.41578
0.423112
0.440722
0.418495
0.444134
0.397336
0.405556
0.378003
0.377139
0.371995
0.36542
0.356264
0.357209
0.357475
0.359715
0.356226
0.359836
0.365654
0.3672
0.373366
0.390276
0.411792
0.433816
0.421511
0.445255
0.475706
0.435399
0.507801
0.435861
0.455187
0.422285
0.53435
0.512306
0.4697
0.499298
0.439066
0.385442
0.456366
0.452459
0.426529
0.417961
0.402371
0.430481
0.429089
0.416276
0.472063
0.436599
0.522284
0.457598
0.482751
0.482184
0.434484
0.425187
0.419253
0.458811
0.499946
0.525325
0.518617
0.490807
0.521279
0.441596
0.476123
0.442331
0.43847
0.482184
0.470098
0.473576
0.497233
0.473972
0.486046
0.442047
0.406325
0.387587
0.394915
0.39331
0.395083
0.380156
0.382969
0.375841
0.378099
0.380298
0.374813
0.374789
0.384256
0.379927
0.420381
0.417738
0.436674
0.456718
0.452408
0.426799
0.427851
0.425469
0.434836
0.409885
0.399757
0.42967
0.434466
0.472529
0.46148
0.464582
0.422096
0.485912
0.476204
0.43933
0.40731
0.419668
0.38203
0.366681
0.362788
0.355896
0.34534
0.346318
0.354223
0.371352
0.374233
0.366146
0.37596
0.363897
0.354807
0.363041
0.377788
0.369395
0.402933
0.419658
0.377491
0.394684
0.398442
0.389722
0.407311
0.415301
0.421157
0.41047
0.404884
0.453604
0.441348
0.421116
0.436835
0.431748
0.438722
0.497407
0.489378
0.487598
0.474041
0.492109
0.468422
0.470321
0.437502
0.420802
0.380277
0.369781
0.372941
0.393516
0.412358
0.414669
0.414219
0.40256
0.436394
0.417816
0.441078
0.394772
0.399709
0.468746
0.459571
0.445419
0.425176
0.446543
0.425273
0.387652
0.423623
0.43562
0.426017
0.420767
0.432303
0.425188
0.425896
0.383301
0.384637
0.380531
0.376204
0.372283
0.385757
0.386329
0.377333
0.380926
0.391216
0.447522
0.410033
0.391709
0.369077
0.375898
0.372951
0.370663
0.375398
0.389501
0.393827
0.381894
0.386353
0.38304
0.382654
0.41251
0.433521
0.46746
0.491059
0.444734
0.440378
0.448824
0.436615
0.373958
0.358836
0.345579
0.399795
0.384721
0.408828
0.398621
0.432529
0.46423
0.42556
0.494746
0.425113
0.457393
0.439828
0.444632
0.420357
0.403155
0.403741
0.416925
0.489327
0.387558
0.41631
0.409645
0.400853
0.42268
0.42865
0.434623
0.43783
0.422878
0.401894
0.361981
0.370568
0.3689
0.36227
0.361772
0.35543
0.351544
0.360651
0.378678
0.38271
0.38668
0.399444
0.393335
0.393454
0.405101
0.391159
0.397876
0.415312
0.403479
0.428735
0.416504
0.385153
0.38176
0.400474
0.404883
0.399961
0.434666
0.407068
0.39965
0.376042
0.392898
0.419479
0.382237
0.381118
0.394116
0.388406
0.382986
0.385845
0.379482
0.367636
0.356477
0.360678
0.375962
0.408507
0.407736
0.414043
0.416938
0.391863
0.386207
0.377882
0.369309
0.371814
0.370581
0.38454
0.398421
0.38657
0.368547
0.349402
0.362133
0.385521
0.377442
0.370731
0.387994
0.401123
0.394032
0.409761
0.407845
0.412344
0.405366
0.39283
0.395284
0.399307
0.394576
0.371454
0.375
0.366586
0.37023
0.365191
0.394392
0.40046
0.424282
0.411667
0.388605
0.387056
0.380946
0.3831
0.374859
0.385566
0.376931
0.386093
0.379617
0.389107
0.405088
0.421101
0.389973
0.394711
0.41755
0.401112
0.373209
0.368444
0.356108
0.367782
0.353694
0.345891
0.34559
0.348369
0.358991
0.366586
0.35403
0.337114
0.340655
0.352111
0.353413
0.35084
0.35265
0.357396
0.364698
0.374865
0.403
0.394797
0.426264
0.409305
0.403045
0.412204
0.385037
0.377466
0.376772
0.366503
0.349513
0.340954
0.337844
0.3482
0.350066
0.349786
0.35803
0.353038
0.353024
0.346777
0.363594
0.385762
0.383394
0.40278
0.386781
0.380623
0.376598
0.369968
0.351063
0.349197
0.359205
0.365905
0.356141
0.356662
0.352669
0.34555
0.363035
0.373476
0.381109
0.372075
0.378838
0.380115
0.372182
0.368049
0.361062
0.373372
0.383151
0.37713
0.377828
0.367986
0.352505
0.376921
0.400754
0.394013
0.428441
0.413591
0.388623
0.412249
0.424091
0.419755
0.394441
0.39292
0.396412
0.425016
0.412632
0.379149
0.38273
0.424003
0.415392
0.448296
0.430855
0.418428
0.369318
0.408977
0.36441
0.354414
0.367548
0.39472
0.38956
0.425046
0.431948
0.442898
0.435921
0.417278
0.40976
0.402984
0.391543
0.439482
0.458233
0.422359
0.408098
0.374847
0.358045
0.34058
0.398231
0.381861
0.392428
0.363398
0.361286
0.360949
0.364035
0.370939
0.369772
0.367343
0.380682
0.369617
0.362713
0.38173
0.376064
0.379631
0.367299
0.371942
0.370201
0.372368
0.362981
0.379969
0.363053
0.347936
0.340766
0.338719
0.342234
0.341958
0.342939
0.351736
0.353206
0.344792
0.344966
0.342167
0.332959
0.331129
0.352011
0.344616
0.345451
0.346585
0.342434
0.345273
0.360535
0.366962
0.353403
0.363801
0.37233
0.38936
0.400544
0.388799
0.384027
0.379078
0.392353
0.410762
0.40661
0.393265
0.389569
0.376518
0.384479
0.392403
0.38863
0.429538
0.381747
0.376334
0.399187
0.373507
0.37504
0.38369
0.379481
0.37331
0.368622
0.409312
0.452046
0.427393
0.426862
0.443452
0.409228
0.419255
0.412246
0.436676
0.434573
0.39674
0.437063
0.451838
0.392858
0.378367
0.398653
0.415011
0.389131
0.387704
0.40453
0.435224
0.470997
0.420948
0.396477
0.381277
0.383082
0.378846
0.38778
0.406207
0.437088
0.406279
0.440143
0.414286
0.397142
0.379443
0.380086
0.398609
0.398655
0.434065
0.41767
0.399522
0.458006
0.469324
0.473562
0.433138
0.394451
0.418867
0.451599
0.422743
0.420326
0.424437
0.408846
0.409709
0.391094
0.374038
0.370222
0.366584
0.372643
0.376158
0.372956
0.400066
0.420564
0.423246
0.461602
0.437644
0.430898
0.430334
0.51939
0.478837
0.457093
0.476439
0.416246
0.454274
0.538883
0.564761
0.529656
0.528167
0.560842
0.592823
0.507493
0.513027
0.577335
0.567256
0.583091
0.562168
0.604722
0.505796
0.459415
0.416678
0.417215
0.440853
0.413733
0.401492
0.384869
0.399363
0.403502
0.400577
0.404472
0.397535
0.380475
0.348489
0.382523
0.402398
0.400233
0.411793
0.41202
0.400317
0.380179
0.39898
0.384817
0.398582
0.394796
0.414481
0.438726
0.38372
0.413088
0.392164
0.390399
0.376793
0.378306
0.36718
0.38079
0.355805
0.351541
0.342877
0.351634
0.34667
0.3445
0.349293
0.366112
0.353255
0.357745
0.34221
0.339278
0.351169
0.354597
0.352937
0.373951
0.364657
0.376022
0.381625
0.386685
0.373293
0.403343
0.37689
0.389693
0.409907
0.403548
0.360531
0.406019
0.438128
0.384474
0.404291
0.393075
0.364042
0.383364
0.393638
0.377514
0.380808
0.383189
0.417521
0.432813
0.407011
0.396452
0.387863
0.394618
0.376296
0.37678
0.367524
0.37364
0.377951
0.388707
0.391757
0.373774
0.361848
0.357863
0.353522
0.35923
0.391286
0.379657
0.364625
0.36548
0.351944
0.351032
0.345498
0.349796
0.359692
0.36551
0.364238
0.368829
0.38867
0.379992
0.399361
0.410899
0.393978
0.373099
0.366029
0.357824
0.353314
0.349198
0.358685
0.351501
0.350688
0.347414
0.344565
0.342352
0.346269
0.356407
0.349473
0.356631
0.366177
0.373428
0.396759
0.409236
0.417348
0.449227
0.453139
0.421739
0.436415
0.441466
0.49535
0.447793
0.458161
0.417655
0.445411
0.481429
0.425945
0.430418
0.434352
0.481395
0.435068
0.406537
0.4458
0.43868
0.477558
0.461448
0.424338
0.398414
0.389592
0.401531
0.39178
0.389499
0.405348
0.419454
0.430644
0.423463
0.382485
0.400904
0.386739
0.428124
0.384703
0.373851
0.367363
0.385635
0.396661
0.411313
0.406735
0.399877
0.383286
0.35642
0.35454
0.347159
0.350505
0.364422
0.359559
0.378033
0.401403
0.399712
0.392165
0.38708
0.392714
0.393243
0.424965
0.414005
0.420449
0.383842
0.390909
0.404684
0.397501
0.407408
0.411398
0.382521
0.376444
0.390253
0.385258
0.397259
0.3827
0.371639
0.365862
0.358574
0.374896
0.378482
0.419769
0.427256
0.390379
0.37932
0.386197
0.38737
0.39397
0.415737
0.400502
0.403085
0.413689
0.420367
0.402603
0.411002
0.406359
0.409294
0.384845
0.419906
0.406151
0.410741
0.415209
0.39867
0.41773
0.448544
0.446403
0.444114
0.440594
0.429588
0.425073
0.420731
0.483681
0.479755
0.434916
0.395451
0.398973
0.437892
0.44438
0.400078
0.414923
0.465726
0.438323
0.393109
0.448724
0.453411
0.533997
0.43912
0.463279
0.46325
0.424053
0.431682
0.42247
0.446166
0.41203
0.460033
0.416402
0.443183
0.440639
0.433138
0.418291
0.417762
0.442047
0.420365
0.443005
0.476466
0.455399
0.460892
0.460829
0.417615
0.411965
0.391319
0.37774
0.390214
0.404963
0.388878
0.382267
0.386509
0.388284
0.373013
0.356266
0.357174
0.346008
0.346924
0.346772
0.353419
0.355297
0.353076
0.367881
0.377087
0.371214
0.430347
0.42468
0.383102
0.392235
0.398219
0.37669
0.389495
0.390081
0.406912
0.421805
0.456336
0.436755
0.414315
0.397968
0.404389
0.423232
0.401971
0.452239
0.425497
0.418254
0.427299
0.409609
0.368003
0.376862
0.384946
0.387121
0.416166
0.409999
0.419698
0.403103
0.402471
0.428687
0.443776
0.465701
0.467376
0.440684
0.514423
0.47828
0.438735
0.414185
0.400166
0.385766
0.379352
0.376036
0.414511
0.419738
0.418116
0.416431
0.417343
0.39915
0.391183
0.370962
0.367338
0.374325
0.376297
0.377972
0.405815
0.398761
0.405279
0.437222
0.444219
0.408093
0.449876
0.387264
0.436224
0.510982
0.480432
0.465127
0.430955
0.390323
0.409291
0.390855
0.497153
0.413325
0.42905
0.477456
0.512177
0.410734
0.453339
0.434271
0.45247
0.409992
0.422148
0.455564
0.478497
0.496824
0.446416
0.463611
0.504486
0.511454
0.525933
0.533886
0.492849
0.515195
0.518846
0.522984
0.533426
0.522138
0.453579
0.530643
0.513314
0.475289
0.514896
0.491796
0.502668
0.484863
0.457731
0.463683
0.477999
0.469577
0.523231
0.525347
0.564655
0.555293
0.54278
0.585733
0.536541
0.52425
0.54144
0.521052
0.560554
0.519428
0.594937
0.590874
0.583563
0.589658
0.598644
0.553818
0.501874
0.480892
0.414782
0.479499
0.487157
0.446101
0.484055
0.475623
0.440245
0.395912
0.397085
0.394642
0.408623
0.467929
0.451773
0.428601
0.429999
0.413281
0.39069
0.373544
0.387507
0.395649
0.416503
0.479164
0.451628
0.473187
0.435182
0.420363
0.405446
0.427872
0.437077
0.432437
0.409886
0.43323
0.407292
0.375316
0.358462
0.365024
0.36215
0.357153
0.372197
0.370075
0.393971
0.402798
0.410853
0.437849
0.420142
0.464325
0.443577
0.448822
0.459746
0.451398
0.432971
0.455917
0.426836
0.455359
0.4339
0.425618
0.426537
0.419481
0.444094
0.443198
0.404462
0.380783
0.379026
0.408948
0.410099
0.406066
0.388165
0.407966
0.403463
0.396856
0.401088
0.405148
0.378303
0.370099
0.349392
0.368402
0.378288
0.365834
0.382604
0.38851
0.383356
0.414174
0.443561
0.405415
0.372881
0.396093
0.408992
0.406375
0.399117
0.41319
0.413385
0.387881
0.391836
0.418278
0.416952
0.412813
0.406777
0.372991
0.375588
0.40136
0.374762
0.415343
0.40874
0.406489
0.396166
0.399468
0.391584
0.387074
0.378936
0.422503
0.416419
0.42192
0.421061
0.429856
0.434045
0.441419
0.428739
0.43128
0.449932
0.401033
0.40523
0.369566
0.417025
0.406334
0.423503
0.376097
0.374331
0.418271
0.412157
0.407848
0.414723
0.420275
0.386624
0.397691
0.438926
0.419654
0.430843
0.436792
0.410563
0.382702
0.378967
0.390524
0.386858
0.373274
0.395764
0.413613
0.408629
0.404422
0.387596
0.395345
0.416661
0.487412
0.49809
0.45584
0.434445
0.438927
0.434753
0.421576
0.424413
0.436716
0.415969
0.409737
0.423869
0.436476
0.470248
0.418578
0.442655
0.448048
0.454173
0.454537
0.437918
0.432818
0.410894
0.387539
0.401703
0.37286
0.3643
0.363342
0.366902
0.363437
0.369732
0.362014
0.386212
0.366455
0.35626
0.355415
0.350118
0.361993
0.343107
0.343369
0.348725
0.342907
0.341278
0.340532
0.346094
0.345382
0.351024
0.35152
0.354298
0.346162
0.353128
0.358762
0.373478
0.385689
0.377114
0.388159
0.38809
0.376199
0.384938
0.406644
0.389589
0.381719
0.371145
0.390425
0.383559
0.368702
0.368123
0.387573
0.398411
0.373247
0.405815
0.417721
0.404537
0.382308
0.393312
0.402022
0.391976
0.36595
0.356811
0.351149
0.349214
0.354875
0.347159
0.362072
0.355468
0.356022
0.360989
0.362533
0.358771
0.369801
0.396888
0.391186
0.417683
0.434707
0.430262
0.431478
0.451655
0.477124
0.500371
0.4622
0.462405
0.489911
0.477326
0.495045
0.511244
0.511099
0.521674
0.470986
0.470278
0.401646
0.393955
0.3965
0.403986
0.431953
0.487263
0.407196
0.363495
0.386924
0.41559
0.461992
0.457748
0.411116
0.422879
0.414682
0.38575
0.380479
0.410904
0.428867
0.460103
0.461859
0.477833
0.466629
0.467359
0.46591
0.508989
0.547875
0.427089
0.448465
0.450648
0.455094
0.384875
0.360572
0.349468
0.36734
0.379847
0.373596
0.375901
0.371038
0.375593
0.369255
0.363927
0.376659
0.416446
0.443316
0.396265
0.401225
0.387537
0.384976
0.403888
0.402069
0.459652
0.49571
0.448249
0.428718
0.429124
0.395931
0.367829
0.403631
0.375208
0.361357
0.384588
0.384869
0.408143
0.385183
0.387026
0.377363
0.371884
0.384177
0.406701
0.401191
0.396351
0.389938
0.397878
0.411366
0.42086
0.416609
0.403528
0.4342
0.438719
0.404474
0.409484
0.409336
0.391761
0.382508
0.388232
0.439502
0.431003
0.394841
0.396312
0.447798
0.42259
0.414761
0.482194
0.485397
0.485153
0.482957
0.426594
0.450931
0.38189
0.375135
0.396243
0.440504
0.421485
0.438465
0.430215
0.454231
0.495214
0.496513
0.469528
0.433726
0.453484
0.457279
0.469839
0.495732
0.45538
0.416492
0.451839
0.520129
0.472729
0.402788
0.425843
0.431687
0.417102
0.399601
0.382714
0.382174
0.377947
0.363857
0.371866
0.401464
0.403042
0.385849
0.372791
0.365584
0.373654
0.367969
0.373973
0.374824
0.374613
0.387126
0.390664
0.40667
0.404169
0.429693
0.446258
0.433164
0.396884
0.399701
0.400563
0.391285
0.415923
0.432665
0.37683
0.44137
0.441197
0.440231
0.439847
0.39871
0.412005
0.462147
0.424013
0.399314
0.377213
0.345292
0.348379
0.391106
0.435753
0.386287
0.452591
0.413931
0.44239
0.432787
0.455676
0.406522
0.393823
0.398164
0.432739
0.454315
0.475701
0.501766
0.436578
0.415539
0.407745
0.423505
0.41374
0.42177
0.422311
0.453016
0.416209
0.452534
0.476093
0.456506
0.425165
0.426873
0.439266
0.466739
0.455193
0.493697
0.497577
0.506284
0.458397
0.464248
0.418517
0.432345
0.422189
0.433255
0.424174
0.427069
0.452954
0.443473
0.427761
0.430849
0.466883
0.4428
0.447661
0.440088
0.44535
0.422079
0.450858
0.481226
0.463548
0.465525
0.455856
0.478376
0.487285
0.477166
0.479117
0.498934
0.548563
0.554321
0.55036
0.568369
0.584863
0.484654
0.508848
0.570431
0.582277
0.584443
0.573704
0.53354
0.581763
0.531794
0.547171
0.498907
0.542822
0.499993
0.464174
0.441516
0.416156
0.408315
0.386914
0.359444
0.382828
0.403502
0.373941
0.396363
0.455711
0.453014
0.378411
0.37275
0.405763
0.433129
0.40529
0.468357
0.419789
0.453951
0.438784
0.433678
0.428379
0.421483
0.378572
0.395971
0.438445
0.430747
0.416492
0.449684
0.46463
0.400036
0.440203
0.44891
0.417023
0.43028
0.417119
0.419642
0.39084
0.406452
0.411084
0.41394
0.386995
0.38599
0.42322
0.395189
0.424198
0.415508
0.347787
0.355908
0.407746
0.452693
0.405621
0.495316
0.476547
0.408682
0.418472
0.420212
0.452906
0.402685
0.427256
0.44584
0.445907
0.444926
0.393093
0.413044
0.397976
0.385099
0.369365
0.366048
0.366433
0.366153
0.364691
0.35978
0.371389
0.356553
0.36222
0.35065
0.36294
0.352019
0.34947
0.35154
0.35503
0.34858
0.348725
0.358547
0.35824
0.361944
0.364233
0.367363
0.385437
0.394439
0.400856
0.403345
0.347327
0.374921
0.381428
0.357227
0.36044
0.362208
0.372517
0.37852
0.381056
0.396462
0.377448
0.368066
0.363136
0.359256
0.392209
0.427161
0.428305
0.420306
0.389319
0.392655
0.40999
0.429043
0.428235
0.451096
0.443296
0.423168
0.393589
0.407794
0.421537
0.415035
0.420596
0.443053
0.430041
0.393748
0.383468
0.366571
0.357051
0.345203
0.349984
0.353769
0.348937
0.357484
0.347694
0.363909
0.361749
0.368232
0.372455
0.375576
0.36519
0.361805
0.362814
0.368425
0.368971
0.370512
0.361793
0.374224
0.380444
0.385081
0.3992
0.396309
0.404761
0.428506
0.431206
0.486741
0.488273
0.503096
0.476308
0.468136
0.480046
0.450589
0.444033
0.475545
0.447144
0.424206
0.48827
0.491095
0.43895
0.461838
0.402326
0.375216
0.380132
0.367525
0.34905
0.380507
0.400413
0.371099
0.373996
0.372938
0.368564
0.35789
0.361293
0.353101
0.365447
0.370705
0.393891
0.475124
0.487909
0.434111
0.405412
0.365468
0.387754
0.391512
0.408233
0.399341
0.422876
0.396416
0.387032
0.392442
0.423788
0.499008
0.496627
0.514341
0.542211
0.485206
0.441909
0.50765
0.491289
0.438193
0.395879
0.439389
0.502351
0.568778
0.535648
0.531181
0.536771
0.509865
0.503179
0.530654
0.529953
0.46894
0.521416
0.491037
0.499963
0.482169
0.548102
0.488762
0.482974
0.508251
0.457398
0.487377
0.52988
0.509395
0.508247
0.523226
0.511983
0.481326
0.528593
0.512084
0.490468
0.485172
0.445519
0.463973
0.448014
0.539054
0.409213
0.459174
0.470466
0.437712
0.446851
0.398443
0.415287
0.432186
0.421233
0.497531
0.510615
0.4474
0.379897
0.509744
0.420377
0.47623
0.465866
0.427239
0.416033
0.404111
0.458475
0.413698
0.414133
0.443597
0.443097
0.437018
0.412179
0.387122
0.383875
0.377759
0.371408
0.359294
0.360627
0.361489
0.353003
0.360659
0.360095
0.369786
0.390925
0.401258
0.400082
0.396076
0.384395
0.365906
0.369612
0.363285
0.367047
0.359822
0.366206
0.380916
0.402352
0.395921
0.393298
0.425603
0.415472
0.385613
0.387944
0.382666
0.367884
0.378074
0.377927
0.366527
0.349978
0.352583
0.364429
0.377273
0.356634
0.349022
0.349902
0.350463
0.358685
0.368949
0.379003
0.392833
0.389313
0.407052
0.400392
0.379109
0.416043
0.41507
0.41238
0.40135
0.405612
0.41256
0.401239
0.407275
0.375963
0.377976
0.402715
0.382078
0.369205
0.360846
0.364504
0.354557
0.354428
0.351575
0.349964
0.359999
0.357865
0.348849
0.338926
0.351793
0.348321
0.357534
0.366315
0.391054
0.379429
0.373764
0.383097
0.374652
0.37645
0.402197
0.404634
0.392292
0.391133
0.351077
0.366154
0.38369
0.381506
0.36158
0.355805
0.354683
0.366693
0.358725
0.349473
0.353756
0.360924
0.387862
0.366195
0.357326
0.370543
0.379741
0.376037
0.42269
0.413347
0.38662
0.40666
0.372185
0.397727
0.378472
0.37981
0.383577
0.39548
0.407487
0.382553
0.400569
0.395518
0.429761
0.411412
0.423821
0.411466
0.426207
0.436379
0.415623
0.429387
0.456809
0.426014
0.457734
0.459105
0.386223
0.398067
0.420865
0.408588
0.406458
0.441958
0.431517
0.457065
0.469208
0.465426
0.410089
0.476413
0.506448
0.492682
0.480967
0.427881
0.460726
0.476711
0.502285
0.465171
0.50413
0.50172
0.484545
0.431191
0.477112
0.471145
0.411593
0.421406
0.427004
0.394534
0.38828
0.388709
0.444923
0.423678
0.447955
0.440031
0.444348
0.373875
0.373489
0.379033
0.423844
0.427774
0.479432
0.45821
0.399746
0.425198
0.477619
0.512791
0.450061
0.43561
0.395715
0.392326
0.375185
0.377589
0.396788
0.422031
0.458522
0.398814
0.40031
0.415201
0.438219
0.450667
0.446273
0.442836
0.425348
0.420024
0.429148
0.447629
0.422899
0.424227
0.424848
0.399904
0.415239
0.433173
0.414251
0.433496
0.490658
0.448301
0.497975
0.459629
0.450735
0.486132
0.452691
0.435423
0.412282
0.381708
0.435236
0.459608
0.443447
0.473385
0.481118
0.479128
0.489149
0.523487
0.464017
0.422807
0.439906
0.43768
0.402872
0.430856
0.444996
0.424135
0.449764
0.444059
0.47391
0.494826
0.493006
0.522304
0.456201
0.377037
0.422954
0.452378
0.437544
0.420246
0.432077
0.39336
0.425239
0.381127
0.378604
0.394463
0.359375
0.376641
0.363215
0.38621
0.415031
0.426054
0.422289
0.423503
0.418405
0.443264
0.430492
0.423301
0.407858
0.404185
0.399979
0.395908
0.39665
0.390327
0.367274
0.371832
0.372029
0.387734
0.378207
0.374774
0.356208
0.356094
0.357033
0.35353
0.355421
0.354541
0.350161
0.363727
0.364684
0.389659
0.380364
0.412458
0.389133
0.374478
0.364649
0.356581
0.370087
0.354387
0.363668
0.378428
0.364719
0.384218
0.37668
0.369136
0.38028
0.377525
0.371168
0.347295
0.345054
0.359456
0.379143
0.382108
0.402833
0.380594
0.391841
0.388896
0.392901
0.407811
0.383898
0.383351
0.393441
0.391568
0.399022
0.404135
0.387535
0.354365
0.361472
0.374737
0.379538
0.381717
0.388386
0.39177
0.390512
0.395735
0.384817
0.435021
0.443498
0.418582
0.428918
0.433672
0.409774
0.410412
0.404374
0.403357
0.373754
0.36137
0.35565
0.382309
0.50577
0.38138
0.368431
0.409392
0.362459
0.360931
0.368554
0.37535
0.372377
0.363517
0.372281
0.355863
0.37765
0.357214
0.357264
0.359426
0.371693
0.385124
0.391982
0.398796
0.41163
0.386693
0.369487
0.359853
0.366939
0.386983
0.365321
0.376373
0.362159
0.370116
0.398364
0.388643
0.381797
0.379769
0.39277
0.388614
0.383283
0.386111
0.406642
0.40402
0.481849
0.45581
0.405312
0.409834
0.481235
0.494544
0.459922
0.467531
0.482719
0.475802
0.426142
0.416408
0.418498
0.447907
0.453771
0.412101
0.487497
0.526385
0.477773
0.480915
0.488999
0.500213
0.484072
0.447216
0.46909
0.480682
0.46774
0.41454
0.388507
0.352656
0.395745
0.468397
0.485538
0.478631
0.459678
0.439289
0.516006
0.459894
0.480493
0.45353
0.396082
0.386716
0.375468
0.37345
0.368252
0.362769
0.361232
0.356469
0.343765
0.345523
0.349973
0.346505
0.358098
0.368669
0.362328
0.371049
0.36026
0.388902
0.425284
0.389679
0.376799
0.371101
0.398062
0.401116
0.414764
0.428117
0.403446
0.37038
0.387681
0.399762
0.391163
0.403736
0.39148
0.378624
0.386343
0.378018
0.407004
0.401886
0.388652
0.401266
0.399989
0.412805
0.414183
0.393234
0.400631
0.390064
0.384998
0.375254
0.390313
0.372397
0.373936
0.37345
0.382332
0.381807
0.377123
0.360581
0.358516
0.359475
0.354318
0.347422
0.346798
0.346296
0.353452
0.356669
0.350093
0.346313
0.348918
0.375648
0.392251
0.407541
0.392702
0.387048
0.389425
0.383719
0.37806
0.360558
0.356296
0.35225
0.36044
0.356295
0.338341
0.354415
0.381251
0.387353
0.368334
0.374302
0.35561
0.358884
0.36114
0.348033
0.344568
0.349054
0.361805
0.361407
0.356939
0.383191
0.365869
0.367308
0.36085
0.358673
0.35001
0.345224
0.337943
0.349791
0.340538
0.342979
0.351024
0.352168
0.348718
0.345923
0.347381
0.340976
0.343144
0.358121
0.356107
0.360367
0.355789
0.366417
0.363876
0.372937
0.380189
0.404181
0.374124
0.372417
0.36132
0.35247
0.350595
0.353609
0.355869
0.362479
0.367727
0.385854
0.396151
0.392442
0.385502
0.415615
0.415828
0.414669
0.409534
0.429855
0.397687
0.425769
0.425792
0.407614
0.412892
0.408507
0.412541
0.443296
0.395911
0.380516
0.375375
0.389063
0.383578
0.388586
0.384582
0.395637
0.422657
0.413082
0.393037
0.375464
0.360868
0.366616
0.383327
0.412114
0.399815
0.398822
0.390473
0.393517
0.404202
0.411296
0.384228
0.376608
0.400116
0.403743
0.388407
0.382157
0.411416
0.430654
0.412355
0.436929
0.461809
0.389226
0.398943
0.41994
0.417086
0.416387
0.442416
0.40532
0.422658
0.390359
0.415762
0.458211
0.440356
0.422061
0.466029
0.451861
0.465032
0.456826
0.456722
0.489397
0.505657
0.447429
0.436512
0.443698
0.469002
0.474752
0.50688
0.442454
0.454882
0.436822
0.423939
0.438348
0.444567
0.497774
0.502428
0.472141
0.495774
0.447993
0.441408
0.446359
0.439968
0.419782
0.423978
0.433169
0.426869
0.369215
0.456727
0.460439
0.454507
0.479466
0.470621
0.44438
0.445985
0.436134
0.42018
0.429429
0.420058
0.444823
0.436788
0.433066
0.438983
0.503658
0.474418
0.470458
0.454463
0.474287
0.484879
0.517412
0.487527
0.466525
0.430962
0.473198
0.513601
0.459655
0.473298
0.457648
0.460657
0.535886
0.541549
0.503366
0.501039
0.455364
0.419746
0.414892
0.413493
0.403873
0.398431
0.406302
0.407153
0.420261
0.417856
0.409661
0.430472
0.442468
0.458952
0.465121
0.440722
0.417574
0.422833
0.445657
0.470661
0.468395
0.480702
0.477717
0.50747
0.504565
0.509778
0.509917
0.581102
0.581514
0.508378
0.420415
0.407326
0.442633
0.393046
0.423659
0.405194
0.442217
0.445378
0.40414
0.435751
0.434141
0.401195
0.41606
0.42858
0.392593
0.373516
0.389759
0.418945
0.398245
0.413258
0.40732
0.440761
0.441025
0.43745
0.406831
0.423362
0.414416
0.404992
0.424571
0.406185
0.404497
0.420731
0.45874
0.415098
0.439586
0.415249
0.445007
0.398747
0.419791
0.419588
0.399773
0.400498
0.446738
0.399571
0.434927
0.422884
0.42578
0.447451
0.438689
0.414516
0.390135
0.39157
0.389976
0.394266
0.391238
0.39043
0.412798
0.401974
0.385245
0.381325
0.383734
0.387521
0.397001
0.382342
0.339321
0.350095
0.388616
0.411656
0.383728
0.389471
0.394279
0.399008
0.380216
0.368023
0.352055
0.355996
0.362536
0.355607
0.373148
0.382246
0.384536
0.392981
0.370924
0.399758
0.42586
0.42971
0.418992
0.399115
0.393008
0.419376
0.362891
0.393438
0.387737
0.40571
0.395878
0.403374
0.397824
0.379931
0.388887
0.411884
0.425047
0.414283
0.426142
0.403944
0.435673
0.433056
0.403577
0.387924
0.411303
0.389487
0.381969
0.380669
0.379562
0.398714
0.401178
0.38896
0.398829
0.400968
0.37835
0.396995
0.422261
0.414713
0.397822
0.397397
0.39341
0.390833
0.426738
0.403621
0.398217
0.451102
0.406912
0.400921
0.442313
0.408896
0.393538
0.357345
0.353665
0.357205
0.358708
0.358415
0.35881
0.345109
0.338902
0.344149
0.341364
0.342323
0.340809
0.336115
0.339764
0.357357
0.342365
0.341186
0.342442
0.350426
0.351759
0.358098
0.362902
0.383039
0.395042
0.363853
0.357284
0.390347
0.376998
0.374684
0.360689
0.359268
0.346525
0.346193
0.346457
0.34505
0.334716
0.333711
0.337871
0.345695
0.345132
0.350424
0.344606
0.334757
0.345845
0.340835
0.345568
0.342078
0.340846
0.34958
0.361593
0.344933
0.349004
0.344538
0.351837
0.346481
0.349493
0.348842
0.346252
0.338908
0.332328
0.331709
0.335569
0.353945
0.342762
0.338448
0.346109
0.341447
0.339638
0.349204
0.346731
0.334567
0.352444
0.364671
0.361234
0.378777
0.365832
0.409094
0.388165
0.392267
0.374661
0.379478
0.373391
0.377013
0.370872
0.383118
0.387435
0.381973
0.370162
0.366417
0.363473
0.392205
0.39876
0.359606
0.38388
0.375638
0.371513
0.35821
0.384188
0.379699
0.374042
0.369299
0.37609
0.383138
0.381981
0.397376
0.365667
0.352001
0.355152
0.350892
0.34228
0.346379
0.344285
0.344015
0.332423
0.348782
0.339361
0.342228
0.353646
0.349634
0.344732
0.348139
0.341043
0.349018
0.353547
0.351301
0.346406
0.343799
0.341932
0.338831
0.353938
0.335957
0.346879
0.34155
0.341411
0.349794
0.346153
0.348912
0.336595
0.339898
0.344522
0.351911
0.343306
0.346289
0.359344
0.362216
0.364195
0.370463
0.372961
0.362576
0.355262
0.353602
0.357893
0.356916
0.360617
0.371956
0.36743
0.358739
0.366092
0.378317
0.407425
0.400066
0.401605
0.435403
0.423888
0.393936
0.378658
0.381
0.379128
0.382216
0.397009
0.40139
0.401904
0.40693
0.431787
0.440295
0.462597
0.429254
0.429335
0.435196
0.425594
0.441214
0.425021
0.39132
0.4442
0.412736
0.391924
0.375376
0.35952
0.369337
0.374817
0.380614
0.392224
0.398895
0.387935
0.367435
0.362307
0.350265
0.356921
0.361432
0.364925
0.35675
0.356928
0.361887
0.364852
0.388734
0.389805
0.413903
0.398875
0.392119
0.378601
0.369883
0.374597
0.370493
0.37408
0.384534
0.37937
0.390588
0.406347
0.405642
0.426311
0.4333
0.453153
0.491222
0.445651
0.439009
0.465467
0.486496
0.474708
0.475239
0.446739
0.506751
0.539273
0.495853
0.496326
0.547418
0.47699
0.409084
0.36008
0.375148
0.435589
0.439076
0.446416
0.427991
0.429247
0.393785
0.374946
0.385285
0.434355
0.461078
0.478892
0.457092
0.484432
0.408554
0.483677
0.49479
0.407923
0.392461
0.390905
0.379024
0.374032
0.368552
0.369251
0.353226
0.355201
0.347879
0.349917
0.341461
0.342862
0.344397
0.355856
0.358225
0.365214
0.351163
0.355604
0.364108
0.369129
0.375775
0.384909
0.367684
0.38088
0.410921
0.40694
0.390286
0.394388
0.391369
0.391265
0.374581
0.382504
0.371878
0.380708
0.390158
0.414852
0.41569
0.435599
0.4202
0.415471
0.414563
0.415344
0.374252
0.393202
0.376772
0.412672
0.398466
0.377977
0.369276
0.377881
0.371864
0.373747
0.3774
0.375191
0.38292
0.403834
0.384728
0.377843
0.369985
0.353516
0.34892
0.342771
0.341062
0.346914
0.351255
0.350239
0.336015
0.358598
0.339738
0.342581
0.343602
0.339774
0.352279
0.346317
0.348754
0.358424
0.378574
0.383859
0.379069
0.382895
0.36754
0.369982
0.343491
0.347573
0.349623
0.333838
0.353844
0.357602
0.36378
0.351751
0.352078
0.357895
0.35339
0.367275
0.392496
0.416515
0.413188
0.432704
0.411412
0.373028
0.41814
0.403975
0.401289
0.399641
0.407056
0.411518
0.395497
0.379929
0.396967
0.398977
0.393656
0.383127
0.395146
0.397781
0.41108
0.431217
0.412366
0.415431
0.415302
0.396018
0.409795
0.400422
0.401272
0.415206
0.393452
0.382439
0.392058
0.392325
0.402971
0.395067
0.393582
0.404846
0.392513
0.396555
0.394293
0.390098
0.372016
0.376691
0.402781
0.37037
0.410506
0.423348
0.409465
0.397588
0.387618
0.372002
0.370127
0.363987
0.393725
0.406818
0.421185
0.40195
0.417498
0.423979
0.480202
0.447478
0.44755
0.3888
0.4024
0.426794
0.405928
0.375602
0.360337
0.359502
0.396673
0.467006
0.411272
0.372385
0.404686
0.451314
0.479983
0.440738
0.444382
0.460344
0.445693
0.443767
0.403863
0.413679
0.420797
0.409146
0.402887
0.398568
0.409964
0.408505
0.42352
0.462637
0.464499
0.447724
0.42263
0.466744
0.434151
0.451272
0.481457
0.44132
0.459803
0.450156
0.458188
0.405522
0.429812
0.440153
0.480613
0.457378
0.500519
0.48726
0.43167
0.443177
0.449844
0.4356
0.408693
0.388499
0.382773
0.385225
0.384458
0.381407
0.375408
0.375095
0.372801
0.362483
0.387472
0.415384
0.407223
0.386498
0.368795
0.363456
0.349917
0.35963
0.358574
0.342757
0.346867
0.3597
0.360228
0.357442
0.359984
0.359567
0.365543
0.377706
0.384265
0.365422
0.358673
0.353937
0.36138
0.367211
0.374711
0.378316
0.40455
0.39026
0.426908
0.399368
0.375391
0.42733
0.441874
0.445014
0.419507
0.420328
0.438858
0.485154
0.442738
0.413509
0.503847
0.418405
0.400469
0.41223
0.467118
0.487376
0.462974
0.513558
0.403315
0.394952
0.501899
0.459342
0.420351
0.477247
0.470148
0.429319
0.480338
0.464902
0.450602
0.464816
0.421565
0.439865
0.417704
0.438686
0.421281
0.411695
0.425278
0.41349
0.407048
0.410342
0.453077
0.480199
0.460958
0.540038
0.438891
0.489158
0.482813
0.545426
0.453249
0.481573
0.469598
0.468272
0.460844
0.467344
0.495405
0.465835
0.487451
0.513707
0.47167
0.48163
0.463759
0.574963
0.523954
0.564774
0.553738
0.575828
0.580462
0.518322
0.40826
0.413445
0.41642
0.432316
0.410796
0.411305
0.438017
0.45878
0.430693
0.407384
0.393639
0.385016
0.392318
0.411571
0.444711
0.388959
0.443874
0.440189
0.422889
0.398847
0.41341
0.404572
0.421215
0.397152
0.420311
0.431818
0.439151
0.43989
0.449505
0.432234
0.417296
0.427888
0.423526
0.436104
0.490923
0.434059
0.419906
0.425216
0.39754
0.401052
0.409125
0.412011
0.415525
0.409898
0.429042
0.40256
0.400678
0.37478
0.357155
0.37232
0.367666
0.361554
0.371949
0.374363
0.385558
0.368913
0.363598
0.373089
0.390226
0.377445
0.409236
0.404695
0.384886
0.396349
0.40336
0.400388
0.440629
0.525782
0.440967
0.507814
0.433249
0.46358
0.442526
0.51095
0.44792
0.424861
0.434713
0.401208
0.431694
0.430733
0.457629
0.397895
0.414869
0.413258
0.414254
0.473534
0.420904
0.427217
0.392168
0.381398
0.369155
0.359362
0.3552
0.375532
0.390249
0.401455
0.402153
0.380236
0.391788
0.380442
0.394698
0.378452
0.358242
0.384823
0.38461
0.416461
0.395955
0.41005
0.417178
0.431073
0.383037
0.41598
0.442238
0.41351
0.394297
0.417348
0.389109
0.390997
0.37009
0.375858
0.361407
0.353408
0.37145
0.385083
0.405398
0.411845
0.404422
0.392395
0.368786
0.371855
0.378146
0.371131
0.419906
0.435193
0.411414
0.393185
0.417655
0.417863
0.402691
0.410967
0.431913
0.417261
0.407312
0.403212
0.410887
0.403861
0.427504
0.414819
0.397142
0.402941
0.378595
0.408808
0.437924
0.422762
0.448339
0.428249
0.448315
0.393797
0.450617
0.431163
0.420142
0.460451
0.474634
0.46902
0.466556
0.397787
0.466505
0.476395
0.441945
0.496636
0.469454
0.425555
0.40147
0.417804
0.420694
0.439857
0.464868
0.465526
0.431242
0.417806
0.459747
0.464198
0.479984
0.477502
0.471153
0.404646
0.391902
0.429954
0.414966
0.408667
0.40967
0.444836
0.420441
0.429443
0.389255
0.445795
0.448788
0.495149
0.515357
0.491158
0.497908
0.493283
0.495682
0.460135
0.477804
0.424522
0.434785
0.372138
0.377894
0.444951
0.3744
0.524838
0.537067
0.473007
0.448712
0.477352
0.478456
0.442954
0.427337
0.41547
0.421396
0.429307
0.443605
0.43953
0.454415
0.433442
0.383819
0.400154
0.431928
0.448126
0.451017
0.431231
0.419142
0.410979
0.393792
0.428354
0.458454
0.451376
0.449288
0.395
0.45538
0.421442
0.39653
0.386917
0.391703
0.37634
0.376582
0.405039
0.4234
0.466156
0.456502
0.455898
0.477165
0.43798
0.49196
0.466308
0.473053
0.489392
0.428608
0.44073
0.4951
0.419737
0.394539
0.412103
0.45141
0.429295
0.453623
0.446576
0.438656
0.449826
0.409838
0.39516
0.387633
0.385445
0.389178
0.393808
0.377171
0.38115
0.380369
0.373992
0.398043
0.427419
0.388796
0.39284
0.381503
0.369061
0.375105
0.397919
0.417676
0.438306
0.444749
0.444493
0.441378
0.427917
0.390417
0.428878
0.462314
0.422445
0.441139
0.470771
0.473881
0.473286
0.418735
0.537993
0.555804
0.628205
0.587188
0.619398
0.579904
0.541256
0.568239
0.559486
0.534973
0.537293
0.534526
0.468949
0.495893
0.462519
0.481088
0.540487
0.531251
0.509221
0.477538
0.453345
0.442679
0.439352
0.411819
0.413439
0.404541
0.419362
0.407974
0.424821
0.411494
0.395337
0.41815
0.430969
0.471599
0.479478
0.451098
0.425039
0.415463
0.42298
0.44919
0.444604
0.467487
0.481385
0.512407
0.49631
0.449393
0.469463
0.467881
0.468054
0.441033
0.430715
0.419223
0.410891
0.418127
0.403692
0.460227
0.459371
0.455542
0.473755
0.464309
0.480216
0.425469
0.435813
0.460364
0.427998
0.415675
0.449365
0.449654
0.451107
0.43433
0.45972
0.434107
0.440724
0.41819
0.424902
0.435533
0.44773
0.427289
0.477128
0.431799
0.432302
0.433445
0.475843
0.457367
0.4385
0.431065
0.445218
0.421391
0.453168
0.446508
0.411666
0.414907
0.422703
0.400119
0.407824
0.433434
0.443334
0.47172
0.477653
0.487927
0.486271
0.477589
0.500532
0.500152
0.476165
0.523569
0.494789
0.501688
0.508171
0.53136
0.484414
0.434414
0.409124
0.404055
0.429206
0.426605
0.42891
0.403338
0.418613
0.383631
0.450139
0.431035
0.372416
0.384948
0.41371
0.454596
0.423699
0.431171
0.436419
0.425331
0.468492
0.502358
0.479871
0.445507
0.464937
0.473607
0.454178
0.439335
0.413322
0.399472
0.399461
0.38669
0.391309
0.408191
0.415539
0.379674
0.422885
0.380121
0.407466
0.462416
0.435535
0.410109
0.457631
0.429091
0.412642
0.458701
0.403118
0.468689
0.455587
0.457792
0.491081
0.470312
0.513222
0.505874
0.482188
0.441405
0.457761
0.407378
0.380917
0.374374
0.366777
0.36482
0.377727
0.367633
0.360245
0.358867
0.357442
0.363123
0.358118
0.378329
0.365564
0.36916
0.366409
0.368901
0.35797
0.355489
0.367251
0.361514
0.37068
0.3665
0.377654
0.396045
0.394225
0.415524
0.432535
0.439263
0.486818
0.471517
0.477783
0.500022
0.498778
0.500869
0.523032
0.453701
0.493018
0.473593
0.433093
0.448147
0.445718
0.417126
0.466818
0.486781
0.497632
0.452523
0.394915
0.443572
0.426603
0.446687
0.431799
0.36727
0.391568
0.466636
0.437724
0.431183
0.403989
0.399272
0.410733
0.450358
0.455605
0.453838
0.474797
0.457612
0.390441
0.360191
0.369086
0.359658
0.370351
0.4033
0.400714
0.414181
0.440899
0.426443
0.417463
0.431271
0.430405
0.429071
0.443627
0.419722
0.41146
0.406816
0.413995
0.421001
0.417147
0.475542
0.474455
0.502999
0.447582
0.410535
0.420639
0.426271
0.409942
0.417411
0.427862
0.44094
0.499182
0.494433
0.492059
0.47748
0.507549
0.557174
0.568483
0.516117
0.496023
0.475744
0.495574
0.484872
0.485778
0.495581
0.516689
0.535495
0.519874
0.598599
0.577188
0.597544
0.55738
0.510502
0.546251
0.50029
0.531972
0.464389
0.503951
0.546175
0.509675
0.534142
0.497743
0.46985
0.484369
0.487784
0.496336
0.410642
0.463786
0.520032
0.486922
0.44528
0.530058
0.507709
0.495438
0.439896
0.461773
0.451857
0.466656
0.472647
0.480497
0.424734
0.508045
0.539436
0.501215
0.493924
0.512923
0.476646
0.435667
0.466771
0.495424
0.431435
0.438355
0.47091
0.464347
0.40661
0.443275
0.430179
0.430303
0.432203
0.42442
0.414726
0.397696
0.394004
0.416288
0.439572
0.390926
0.402337
0.393278
0.407321
0.420151
0.404456
0.395385
0.409874
0.421513
0.444543
0.434688
0.424877
0.47379
0.447797
0.511631
0.493853
0.531567
0.516909
0.526414
0.457183
0.49655
0.487923
0.459944
0.427885
0.427797
0.441807
0.440621
0.498282
0.469297
0.418778
0.394653
0.395125
0.457709
0.485291
0.461211
0.404835
0.478576
0.503228
0.488761
0.492452
0.421767
0.457228
0.394493
0.411225
0.40625
0.462803
0.434807
0.381764
0.49509
0.452401
0.434174
0.449951
0.423321
0.419905
0.456098
0.447985
0.442445
0.439575
0.426639
0.450483
0.488394
0.451952
0.444583
0.410382
0.435179
0.440932
0.467717
0.498398
0.447991
0.406169
0.423452
0.444626
0.480197
0.531754
0.475065
0.503409
0.439258
0.520161
0.454015
0.491729
0.500651
0.421343
0.400129
0.403653
0.478372
0.530586
0.499264
0.496913
0.477706
0.491026
0.468552
0.464961
0.484607
0.495234
0.514612
0.496519
0.457249
0.502654
0.517298
0.49122
0.496366
0.462783
0.414633
0.488344
0.433497
0.407079
0.49766
0.489411
0.389058
0.476336
0.46248
0.464638
0.466274
0.485368
0.477748
0.528491
0.496435
0.529
0.471635
0.433975
0.4207
0.420592
0.406279
0.377528
0.37486
0.371722
0.363011
0.352467
0.354583
0.354526
0.364695
0.364288
0.375987
0.371744
0.388798
0.380416
0.425317
0.398621
0.395356
0.402529
0.395039
0.452964
0.436729
0.450463
0.470799
0.470373
0.471253
0.459528
0.449395
0.428556
0.397563
0.42933
0.434053
0.400982
0.451098
0.40381
0.424278
0.374937
0.381222
0.485032
0.374878
0.379405
0.428086
0.417339
0.47399
0.387239
0.374339
0.489768
0.458083
0.489869
0.455592
0.415765
0.456143
0.451536
0.442701
0.441493
0.37536
0.391079
0.430697
0.443367
0.493678
0.40967
0.446131
0.446115
0.430976
0.456066
0.443635
0.410898
0.373825
0.359788
0.406777
0.382169
0.381056
0.376694
0.36674
0.367577
0.376148
0.3775
0.371951
0.384916
0.425248
0.45728
0.473729
0.460425
0.458754
0.50142
0.510236
0.483936
0.491104
0.528807
0.485347
0.540932
0.508656
0.47681
0.542718
0.532418
0.501057
0.503117
0.509519
0.500489
0.480632
0.541223
0.48669
0.492268
0.501388
0.535745
0.480227
0.516508
0.554631
0.540244
0.52054
0.514451
0.50504
0.497722
0.589777
0.588045
0.556818
0.586877
0.555385
0.532048
0.522731
0.53995
0.416966
0.432185
0.422489
0.403746
0.366732
0.364763
0.356916
0.370889
0.379619
0.391637
0.405325
0.417843
0.411867
0.43312
0.406109
0.387725
0.36968
0.370552
0.380126
0.392095
0.389485
0.404324
0.407067
0.39414
0.395926
0.400188
0.407676
0.436951
0.433387
0.402684
0.392692
0.394472
0.444395
0.441639
0.433908
0.385986
0.408636
0.428266
0.432074
0.440361
0.429997
0.413757
0.407948
0.396616
0.419462
0.442328
0.447077
0.462847
0.414168
0.433541
0.434158
0.459591
0.434182
0.422326
0.423497
0.385169
0.386312
0.402199
0.424012
0.396867
0.445576
0.419186
0.395078
0.37783
0.460132
0.442429
0.439877
0.42395
0.409976
0.414515
0.410028
0.414198
0.383947
0.390654
0.389584
0.391105
0.391217
0.411773
0.407816
0.394154
0.375806
0.373587
0.376025
0.365626
0.375519
0.360909
0.358175
0.343694
0.351104
0.340642
0.348924
0.34649
0.348708
0.351654
0.358901
0.366293
0.369423
0.397513
0.397592
0.422538
0.392208
0.388996
0.380289
0.347211
0.352345
0.358458
0.361649
0.350801
0.366
0.377817
0.381859
0.403638
0.41043
0.398786
0.411262
0.426079
0.426669
0.42532
0.366727
0.459782
0.503581
0.420763
0.391821
0.361265
0.375672
0.368919
0.362419
0.366363
0.369946
0.375735
0.364896
0.358389
0.352464
0.357516
0.349929
0.364647
0.374037
0.387515
0.368813
0.383855
0.367975
0.358007
0.359719
0.366006
0.35841
0.35826
0.361835
0.369601
0.405726
0.418792
0.39606
0.42282
0.443361
0.425091
0.436302
0.482015
0.443808
0.412541
0.42597
0.441907
0.414504
0.46996
0.456393
0.467163
0.508362
0.436503
0.383027
0.449162
0.449516
0.436671
0.422558
0.449736
0.414028
0.421705
0.40665
0.400219
0.387727
0.374665
0.379203
0.379221
0.36349
0.365871
0.363499
0.367352
0.384103
0.390565
0.375376
0.376717
0.391186
0.382975
0.379647
0.383843
0.385165
0.396624
0.398299
0.357143
0.41655
0.418587
0.438778
0.429861
0.436098
0.430216
0.43906
0.435772
0.4332
0.422816
0.426513
0.423852
0.374774
0.358897
0.353017
0.358553
0.370419
0.387829
0.410857
0.413714
0.352654
0.427918
0.420271
0.409998
0.430695
0.40589
0.382204
0.388335
0.384555
0.363167
0.359903
0.345664
0.346344
0.343527
0.35003
0.350657
0.348126
0.335257
0.346797
0.34074
0.350523
0.361648
0.347879
0.341049
0.352364
0.369574
0.353395
0.341574
0.3606
0.359198
0.383875
0.37296
0.409478
0.385846
0.376224
0.362839
0.349218
0.35089
0.351488
0.348992
0.367208
0.374651
0.377026
0.355702
0.360318
0.387509
0.419309
0.4237
0.456122
0.374062
0.403049
0.45293
0.417194
0.409288
0.401362
0.419934
0.461702
0.450153
0.463233
0.425888
0.410193
0.401062
0.419083
0.425376
0.47717
0.481186
0.434138
0.487247
0.526391
0.517926
0.458117
0.492598
0.599047
0.596428
0.616577
0.580437
0.571647
0.588979
0.578511
0.548439
0.541564
0.507216
0.548461
0.564331
0.569141
0.554358
0.539503
0.546557
0.527837
0.553856
0.523659
0.502405
0.54138
0.495398
0.514646
0.493366
0.487988
0.449584
0.501317
0.535459
0.536435
0.513087
0.518676
0.482822
0.468569
0.43062
0.432533
0.467868
0.514598
0.524761
0.524126
0.523569
0.52101
0.520338
0.507879
0.436368
0.450217
0.431006
0.483904
0.533429
0.546734
0.474362
0.463257
0.544935
0.524476
0.520269
0.475158
0.432076
0.507398
0.506176
0.45094
0.467714
0.511209
0.512152
0.488411
0.512192
0.541704
0.51827
0.525976
0.527786
0.542415
0.55468
0.551953
0.526886
0.531492
0.524277
0.444921
0.420827
0.403343
0.400071
0.406123
0.399256
0.406433
0.421432
0.411965
0.399254
0.413893
0.426233
0.416263
0.412934
0.415566
0.405582
0.416416
0.373321
0.400918
0.415479
0.424276
0.436117
0.408962
0.465302
0.454563
0.485984
0.500301
0.441799
0.468695
0.46169
0.44945
0.426241
0.450368
0.440545
0.416051
0.436631
0.432756
0.437396
0.457314
0.477394
0.527319
0.497167
0.492382
0.428705
0.458395
0.441036
0.433679
0.511341
0.496898
0.525982
0.528155
0.517569
0.424327
0.417402
0.411552
0.447468
0.407233
0.431102
0.493787
0.531727
0.513188
0.526877
0.50405
0.507812
0.442089
0.46743
0.454084
0.512606
0.522027
0.463366
0.496736
0.476076
0.462118
0.541359
0.543255
0.469202
0.431007
0.424862
0.492328
0.482759
0.40114
0.39311
0.444869
0.521961
0.538077
0.52846
0.518178
0.529199
0.457366
0.490677
0.496727
0.492191
0.501757
0.528467
0.511968
0.473604
0.477764
0.533928
0.532475
0.531388
0.495111
0.534159
0.540063
0.505518
0.521753
0.536356
0.505606
0.495764
0.486532
0.459634
0.424781
0.430263
0.436565
0.453013
0.45217
0.444185
0.442648
0.477788
0.50195
0.519228
0.486374
0.462835
0.521999
0.549695
0.552563
0.43157
0.492706
0.424463
0.438295
0.442517
0.44625
0.435841
0.447573
0.475125
0.476048
0.52389
0.41999
0.464506
0.48963
0.473237
0.450162
0.432275
0.4464
0.460917
0.453327
0.435228
0.481515
0.459487
0.470999
0.430435
0.511485
0.453011
0.440972
0.416125
0.453953
0.452829
0.422056
0.439839
0.421849
0.417141
0.381873
0.395304
0.383046
0.369945
0.363795
0.364938
0.38062
0.373662
0.376691
0.384634
0.399275
0.388667
0.403338
0.389639
0.379931
0.407415
0.399134
0.418141
0.383783
0.384687
0.37783
0.386582
0.400008
0.384231
0.381531
0.392807
0.391887
0.409507
0.384189
0.401581
0.375954
0.367235
0.365625
0.381625
0.382761
0.383875
0.393504
0.384529
0.410974
0.402158
0.419346
0.393514
0.392922
0.430717
0.474994
0.467786
0.423328
0.415428
0.432578
0.424828
0.416796
0.438298
0.437252
0.426124
0.42756
0.403724
0.430079
0.422172
0.403496
0.424721
0.420265
0.381189
0.404669
0.433581
0.423524
0.459
0.451183
0.442933
0.445216
0.423672
0.441707
0.472621
0.482534
0.480403
0.464536
0.420916
0.400025
0.443478
0.47209
0.492072
0.469101
0.489411
0.502104
0.489944
0.478666
0.455597
0.48613
0.46135
0.456483
0.431783
0.443708
0.45729
0.457827
0.479411
0.435691
0.468117
0.496491
0.499135
0.478182
0.446207
0.495961
0.470431
0.453137
0.451426
0.479887
0.444117
0.472484
0.446133
0.414682
0.40288
0.395875
0.383769
0.409352
0.446759
0.454473
0.434908
0.446739
0.420775
0.418875
0.436993
0.401278
0.426671
0.426124
0.441989
0.459219
0.465839
0.463417
0.468683
0.458058
0.486954
0.416254
0.437189
0.441404
0.435656
0.494487
0.512947
0.434746
0.449927
0.44721
0.467698
0.437972
0.492038
0.465295
0.475177
0.497557
0.478577
0.431156
0.471642
0.461622
0.466029
0.505382
0.508152
0.478436
0.462016
0.461827
0.475909
0.470274
0.458655
0.435997
0.408082
0.399927
0.399917
0.4125
0.429913
0.446786
0.421515
0.41462
0.384963
0.396613
0.379991
0.372981
0.373169
0.383578
0.401593
0.429987
0.460156
0.478749
0.478751
0.485255
0.49878
0.498366
0.469903
0.445729
0.473824
0.479218
0.443611
0.463968
0.465235
0.431932
0.434202
0.439367
0.421513
0.423367
0.4616
0.493105
0.507025
0.547264
0.527865
0.588156
0.579215
0.549714
0.56171
0.59786
0.574185
0.550753
0.531274
0.394253
0.38446
0.388138
0.428774
0.358743
0.365423
0.371868
0.377654
0.382583
0.373023
0.36234
0.362104
0.349218
0.352325
0.358508
0.369727
0.405459
0.404462
0.385539
0.362354
0.34941
0.35555
0.352534
0.351857
0.350664
0.342957
0.350072
0.344825
0.35528
0.360616
0.354502
0.341915
0.339146
0.349895
0.3549
0.349243
0.348411
0.350413
0.34588
0.341244
0.34107
0.367936
0.360118
0.343362
0.351266
0.35189
0.365416
0.364286
0.385217
0.402861
0.39545
0.392908
0.371346
0.383193
0.371043
0.360908
0.356398
0.363166
0.363415
0.370075
0.386495
0.391067
0.40038
0.399878
0.386225
0.368289
0.368784
0.364492
0.36387
0.39576
0.425605
0.451771
0.426449
0.452226
0.43505
0.460104
0.402088
0.450732
0.440345
0.434533
0.418502
0.432579
0.437893
0.444553
0.446028
0.421752
0.403223
0.402191
0.418862
0.443139
0.456918
0.466251
0.455486
0.421528
0.417261
0.426211
0.433275
0.41213
0.424356
0.418134
0.441581
0.446075
0.41734
0.430411
0.433397
0.428693
0.393472
0.404365
0.417824
0.449593
0.466273
0.490431
0.485552
0.506335
0.487343
0.509057
0.484876
0.530754
0.516222
0.513282
0.497044
0.570975
0.517697
0.504929
0.532436
0.505242
0.555381
0.464765
0.544513
0.511106
0.447587
0.416478
0.399767
0.474537
0.44968
0.457053
0.502695
0.477113
0.499864
0.455368
0.519821
0.540925
0.576962
0.501434
0.497883
0.505043
0.502181
0.480768
0.439554
0.442012
0.46654
0.481588
0.511555
0.507307
0.515609
0.496494
0.480526
0.477112
0.475416
0.483292
0.470137
0.436043
0.446836
0.435131
0.462624
0.474626
0.446123
0.459162
0.476691
0.501118
0.426774
0.38505
0.382855
0.446953
0.452914
0.502089
0.473069
0.48519
0.404668
0.525417
0.502707
0.477528
0.477767
0.464116
0.468955
0.463881
0.443601
0.438238
0.46406
0.454079
0.420611
0.446249
0.440661
0.436241
0.409738
0.405861
0.410019
0.440348
0.456117
0.514686
0.434129
0.415736
0.487991
0.501904
0.48508
0.507434
0.537065
0.543396
0.533982
0.538568
0.501131
0.473237
0.502757
0.511073
0.525373
0.552174
0.416344
0.447598
0.451033
0.441699
0.428529
0.462677
0.520352
0.495224
0.506525
0.46517
0.538347
0.52178
0.485204
0.547356
0.504989
0.427446
0.508598
0.516528
0.499706
0.530374
0.516572
0.484346
0.48676
0.426618
0.573506
0.509986
0.544048
0.508407
0.494786
0.499352
0.454962
0.444184
0.45109
0.481786
0.553572
0.510661
0.501506
0.489908
0.516209
0.531103
0.550493
0.570035
0.521578
0.533689
0.464855
0.452004
0.49721
0.503234
0.457822
0.465201
0.460869
0.459948
0.415094
0.417884
0.435123
0.428863
0.380889
0.377009
0.375142
0.371223
0.373191
0.377636
0.379529
0.387304
0.397747
0.392903
0.403222
0.421551
0.404651
0.389647
0.388756
0.395298
0.381145
0.391191
0.401806
0.396955
0.445851
0.452316
0.46979
0.457585
0.396979
0.394133
0.385267
0.394833
0.390633
0.39781
0.382499
0.38862
0.391963
0.407885
0.419114
0.403441
0.411164
0.414096
0.404646
0.375856
0.372078
0.381101
0.38172
0.4008
0.394403
0.407855
0.393062
0.393786
0.427098
0.427356
0.408158
0.411842
0.426077
0.424536
0.407694
0.416816
0.41797
0.441998
0.421401
0.44293
0.422987
0.434827
0.394458
0.396827
0.382379
0.374147
0.37341
0.34692
0.399964
0.416554
0.394556
0.376588
0.360172
0.377825
0.401672
0.40238
0.437864
0.425587
0.426381
0.416926
0.38228
0.413623
0.379216
0.373709
0.361081
0.375629
0.3623
0.354365
0.358781
0.368353
0.360728
0.367804
0.366349
0.358684
0.373667
0.359308
0.354372
0.367714
0.361821
0.363184
0.374123
0.392421
0.393938
0.40121
0.396466
0.391639
0.369308
0.363344
0.36159
0.346522
0.354475
0.367733
0.360256
0.354505
0.354565
0.361166
0.355451
0.364653
0.362624
0.365604
0.371466
0.371245
0.364521
0.362041
0.352519
0.361749
0.388592
0.378102
0.392841
0.388871
0.38246
0.395711
0.391296
0.395307
0.408551
0.423536
0.459358
0.472141
0.499749
0.48466
0.457296
0.417092
0.418439
0.427963
0.428271
0.382252
0.394285
0.393707
0.383787
0.383349
0.368574
0.382257
0.398098
0.397507
0.397626
0.404308
0.426628
0.412733
0.394389
0.38258
0.38661
0.400929
0.388782
0.413572
0.421905
0.406436
0.475298
0.451581
0.434036
0.420614
0.44643
0.479149
0.49219
0.514032
0.437938
0.398182
0.413952
0.400128
0.397887
0.401829
0.393107
0.400986
0.392891
0.414373
0.444169
0.465929
0.457918
0.404682
0.429756
0.41099
0.447434
0.408358
0.407327
0.402027
0.388881
0.38965
0.387738
0.384451
0.412505
0.390708
0.379204
0.380962
0.388987
0.42426
0.386623
0.366966
0.388196
0.383056
0.407396
0.406836
0.391752
0.385078
0.389163
0.374543
0.423397
0.42678
0.392097
0.378761
0.385651
0.380567
0.374525
0.368478
0.392331
0.380012
0.391133
0.41259
0.444447
0.480399
0.492973
0.431049
0.38653
0.411681
0.418411
0.421781
0.394394
0.446686
0.454463
0.448106
0.447266
0.453796
0.38664
0.410907
0.385791
0.378343
0.405688
0.392998
0.420408
0.406883
0.390137
0.382624
0.388152
0.396253
0.387892
0.38469
0.379859
0.386607
0.396228
0.403718
0.381917
0.398724
0.39064
0.366739
0.374789
0.364995
0.367881
0.364976
0.365289
0.372077
0.374644
0.370927
0.377023
0.368907
0.357699
0.361881
0.367738
0.355413
0.361096
0.363301
0.360491
0.361602
0.365249
0.355822
0.360168
0.36018
0.353592
0.371844
0.375463
0.361832
0.370596
0.370055
0.37304
0.361809
0.355344
0.36031
0.353776
0.361534
0.36343
0.357955
0.362464
0.357789
0.359385
0.351402
0.355336
0.357124
0.357079
0.364043
0.359933
0.364222
0.358089
0.362638
0.364535
0.364996
0.361668
0.364196
0.358523
0.359106
0.357972
0.356462
0.355375
0.362177
0.365475
0.364931
0.37745
0.381656
0.353411
0.380466
0.377986
0.387146
0.364908
0.370023
0.368084
0.363645
0.356904
0.360574
0.350322
0.366702
0.3774
0.400983
0.402907
0.412111
0.426726
0.417396
0.395122
0.388922
0.40672
0.399149
0.41162
0.397021
0.398765
0.419451
0.422181
0.409119
0.38178
0.378923
0.38293
0.359624
0.371922
0.377078
0.377974
0.372498
0.379734
0.385326
0.400054
0.45343
0.426223
0.411844
0.386051
0.360091
0.364188
0.378081
0.392104
0.396786
0.416666
0.395586
0.402579
0.394909
0.398822
0.388341
0.379918
0.389501
0.393948
0.385933
0.391358
0.40186
0.376913
0.36811
0.362235
0.374179
0.372778
0.355702
0.355549
0.37192
0.382764
0.392689
0.449042
0.367025
0.36277
0.367712
0.367175
0.374222
0.376856
0.378866
0.381
0.400345
0.408021
0.427309
0.428932
0.433564
0.458162
0.443956
0.422176
0.398851
0.420233
0.38762
0.370841
0.360195
0.362218
0.365579
0.369902
0.366789
0.375898
0.394045
0.389575
0.419075
0.395668
0.398368
0.382319
0.362952
0.363522
0.373834
0.360473
0.365118
0.362327
0.35777
0.357493
0.361037
0.35892
0.35559
0.349528
0.354504
0.35039
0.365224
0.386526
0.390117
0.389348
0.395314
0.465141
0.491735
0.409105
0.406278
0.389296
0.39481
0.392617
0.39124
0.392202
0.391265
0.376408
0.403344
0.410095
0.415487
0.428878
0.395549
0.398491
0.397817
0.408527
0.417616
0.426154
0.418955
0.406731
0.419216
0.410311
0.407584
0.408759
0.415247
0.390061
0.414194
0.393155
0.382385
0.383432
0.371126
0.392455
0.397196
0.38531
0.376511
0.403993
0.395187
0.40458
0.389592
0.393012
0.384118
0.379378
0.383917
0.3912
0.369428
0.366328
0.37442
0.363814
0.387477
0.367839
0.362241
0.36188
0.36444
0.369953
0.37494
0.376407
0.385177
0.384264
0.383902
0.368654
0.366102
0.364271
0.372899
0.371192
0.386972
0.386359
0.392609
0.381894
0.395734
0.395825
0.43164
0.434535
0.419913
0.445446
0.424049
0.451716
0.412972
0.399768
0.436163
0.416446
0.38784
0.374701
0.464334
0.458084
0.539698
0.557463
0.534717
0.52664
0.473012
0.399071
0.387886
0.381339
0.410404
0.395046
0.358516
0.356549
0.364297
0.355629
0.384433
0.374244
0.427531
0.427202
0.404673
0.399064
0.382842
0.413731
0.435995
0.395666
0.427304
0.407767
0.418894
0.399258
0.40978
0.410649
0.434357
0.381103
0.388259
0.378165
0.387255
0.398927
0.386614
0.394225
0.383369
0.377233
0.390822
0.406884
0.383468
0.377824
0.374062
0.373307
0.388369
0.37841
0.391371
0.401331
0.38426
0.378979
0.39628
0.388818
0.395327
0.398997
0.377685
0.407166
0.394645
0.398082
