0.503563
0.550279
0.581514
0.579719
0.585935
0.525687
0.475116
0.457915
0.468023
0.530065
0.528837
0.457093
0.498678
0.454128
0.427647
0.50262
0.499406
0.446864
0.514489
0.48155
0.521319
0.464189
0.462703
0.431118
0.433998
0.495833
0.480999
0.506998
0.486119
0.505252
0.501514
0.486991
0.505581
0.471095
0.465454
0.48682
0.41758
0.490983
0.507721
0.496775
0.45027
0.481736
0.471366
0.459067
0.47361
0.490368
0.487833
0.488177
0.496777
0.445129
0.458462
0.459835
0.481264
0.478961
0.488049
0.457296
0.489079
0.473942
0.468884
0.46572
0.451164
0.437329
0.453318
0.420745
0.439557
0.487551
0.485992
0.470949
0.481228
0.440956
0.443615
0.464349
0.439012
0.454697
0.447779
0.481161
0.412942
0.435545
0.466746
0.4886
0.451403
0.467473
0.433343
0.421509
0.482212
0.426053
0.47787
0.427845
0.420784
0.384494
0.369809
0.417833
0.383419
0.414906
0.413917
0.417742
0.445129
0.495446
0.446725
0.49705
0.449034
0.415873
0.393494
0.405663
0.414907
0.400733
0.413919
0.416031
0.413918
0.395975
0.377813
0.397694
0.395401
0.403742
0.421104
0.392501
0.392024
0.415489
0.405257
0.417905
0.388758
0.371181
0.382821
0.385059
0.421928
0.402868
0.372859
0.372186
0.355369
0.3736
0.377329
0.367328
0.352073
0.346376
0.350531
0.350341
0.353018
0.363824
0.374448
0.376313
0.389571
0.379952
0.381661
0.393116
0.386982
0.366396
0.353429
0.358207
0.3513
0.350753
0.36897
0.365816
0.369246
0.362511
0.376781
0.366014
0.397441
0.400048
0.383652
0.372592
0.387933
0.402515
0.38093
0.373338
0.384882
0.390245
0.399253
0.380568
0.403975
0.398883
0.4029
0.39532
0.38866
0.420764
0.416088
0.416712
0.395427
0.373028
0.37216
0.374179
0.35757
0.344619
0.359862
0.372055
0.371551
0.382644
0.389807
0.373641
0.379933
0.350105
0.347386
0.346521
0.351097
0.352995
0.3452
0.338895
0.350761
0.35689
0.368021
0.380477
0.396185
0.412779
0.458917
0.475577
0.464178
0.389324
0.411779
0.448583
0.433176
0.432747
0.378457
0.434901
0.387978
0.409345
0.418856
0.419594
0.438202
0.402066
0.401244
0.376777
0.393166
0.42118
0.408845
0.42573
0.403022
0.417185
0.42394
0.452083
0.443384
0.455686
0.435913
0.412333
0.410244
0.476814
0.45973
0.472878
0.496592
0.456047
0.504962
0.495057
0.427649
0.425903
0.376348
0.391076
0.385578
0.468544
0.426113
0.462626
0.431415
0.420868
0.393948
0.379672
0.369914
0.393975
0.411418
0.425002
0.423854
0.384973
0.414004
0.433665
0.405672
0.398832
0.382025
0.38718
0.372115
0.380134
0.396942
0.396631
0.375999
0.387311
0.396023
0.398691
0.373579
0.414581
0.436911
0.383789
0.398374
0.413312
0.403324
0.382991
0.414066
0.413235
0.40009
0.420713
0.418836
0.439592
0.418128
0.427847
0.404402
0.417175
0.402786
0.396169
0.389316
0.382
0.364568
0.366705
0.358258
0.359673
0.343046
0.343077
0.33904
0.339413
0.333084
0.340584
0.342018
0.345333
0.353941
0.375253
0.368602
0.355379
0.343258
0.341812
0.339828
0.348675
0.344441
0.358931
0.364155
0.36697
0.355804
0.357882
0.382868
0.413733
0.435801
0.499758
0.473939
0.458658
0.462508
0.471269
0.460703
0.469502
0.471152
0.476183
0.446588
0.443778
0.387907
0.452278
0.412692
0.402108
0.434967
0.400591
0.424995
0.404125
0.434318
0.416375
0.441073
0.402881
0.414396
0.410478
0.388248
0.369318
0.367632
0.359678
0.382853
0.377678
0.370528
0.391631
0.368932
0.382763
0.392398
0.406378
0.395159
0.387238
0.403968
0.403467
0.434569
0.441143
0.429284
0.399076
0.40904
0.462529
0.470067
0.407536
0.439585
0.529353
0.46871
0.442734
0.428272
0.454732
0.437565
0.421445
0.417887
0.420389
0.41624
0.403733
0.406859
0.432602
0.440677
0.420491
0.434685
0.423761
0.404775
0.383803
0.379848
0.3584
0.37281
0.392624
0.395898
0.397975
0.393922
0.411763
0.402483
0.398395
0.387668
0.429255
0.421304
0.441347
0.432046
0.405049
0.430924
0.42039
0.378861
0.398713
0.430677
0.447656
0.459977
0.470126
0.425832
0.472529
0.479696
0.419837
0.374788
0.383604
0.414105
0.397234
0.406234
0.420869
0.399495
0.432681
0.441503
0.45031
0.451703
0.511218
0.461906
0.433463
0.447008
0.399562
0.390138
0.355365
0.352329
0.385607
0.403372
0.414535
0.448299
0.41358
0.379741
0.393805
0.393252
0.383888
0.398628
0.426666
0.465762
0.428659
0.38988
0.368816
0.370826
0.402695
0.48132
0.415727
0.39226
0.484723
0.42841
0.44314
0.485965
0.4873
0.427447
0.422738
0.440617
0.445051
0.424007
0.433851
0.436816
0.429995
0.394238
0.396821
0.407709
0.400398
0.39173
0.369869
0.351055
0.361574
0.379995
0.40289
0.395284
0.40759
0.418226
0.419469
0.391567
0.395669
0.374768
0.347985
0.365921
0.434537
0.416669
0.484744
0.407024
0.410041
0.385037
0.454416
0.407736
0.441641
0.425187
0.470619
0.440991
0.397746
0.410115
0.380159
0.366329
0.358172
0.357009
0.355311
0.351765
0.356789
0.363382
0.384436
0.397697
0.410755
0.404184
0.394102
0.391586
0.366715
0.354706
0.35558
0.360413
0.373229
0.377409
0.386642
0.424283
0.420508
0.404463
0.41982
0.43034
0.375159
0.377062
0.386179
0.422832
0.44042
0.43314
0.402994
0.387119
0.373248
0.399817
0.39459
0.399142
0.417146
0.424938
0.441801
0.455137
0.439392
0.46376
0.371291
0.454881
0.419572
0.450046
0.459232
0.4091
0.395956
0.362597
0.356577
0.34924
0.351696
0.345951
0.372139
0.382402
0.386716
0.39168
0.363201
0.35604
0.355904
0.348341
0.358462
0.351121
0.383135
0.392999
0.453517
0.481878
0.441637
0.424818
0.416752
0.409011
0.420041
0.444946
0.470258
0.441422
0.412755
0.436865
0.414522
0.415126
0.41939
0.442766
0.445726
0.422041
0.417167
0.395401
0.369047
0.356198
0.373321
0.416799
0.429986
0.439539
0.42374
0.395392
0.380303
0.391958
0.409471
0.47736
0.433176
0.435249
0.434618
0.421444
0.450747
0.414577
0.385051
0.373329
0.360004
0.363169
0.360364
0.367697
0.389648
0.415369
0.422219
0.451139
0.42993
0.433042
0.50945
0.47316
0.432931
0.411868
0.370704
0.353606
0.366703
0.389457
0.383221
0.360792
0.36962
0.395366
0.474748
0.459733
0.435374
0.488118
0.414161
0.428871
0.452585
0.450706
0.404003
0.417235
0.389003
0.403645
0.430385
0.420424
0.390407
0.401547
0.423688
0.385863
0.374278
0.376527
0.376028
0.36918
0.362259
0.357416
0.34343
0.349827
0.354579
0.34573
0.360585
0.367289
0.371084
0.37538
0.373544
0.362762
0.356686
0.349739
0.357758
0.375574
0.380261
0.367646
0.409679
0.395801
0.374896
0.382437
0.384286
0.393933
0.405392
0.395886
0.379716
0.369909
0.353038
0.354794
0.344793
0.344116
0.373588
0.367437
0.373785
0.391237
0.384464
0.41914
0.38788
0.38895
0.393326
0.381196
0.366612
0.368925
0.353
0.355251
0.363993
0.360091
0.366378
0.361971
0.369474
0.354366
0.358848
0.36353
0.381232
0.398903
0.390307
0.394781
0.386733
0.403195
0.409851
0.403144
0.408792
0.420348
0.39903
0.411271
0.399132
0.417577
0.378138
0.394834
0.405326
0.395434
0.396929
0.39018
0.390598
0.37778
0.375219
0.371374
0.361889
0.360049
0.363326
0.374141
0.369298
0.375013
0.367965
0.351805
0.338435
0.342765
0.346981
0.354477
0.369374
0.359335
0.357124
0.361118
0.349016
0.361938
0.373526
0.392875
0.387656
0.399036
0.376682
0.351824
0.338373
0.341426
0.341632
0.337427
0.353932
0.383292
0.383321
0.382645
0.406008
0.395685
0.372018
0.358101
0.386202
0.3914
0.399394
0.415828
0.403046
0.428465
0.416716
0.391483
0.407921
0.405825
0.382366
0.370795
0.4155
0.422078
0.39183
0.405238
0.42041
0.402861
0.368341
0.364201
0.371192
0.370577
0.356908
0.358572
0.347231
0.349579
0.363956
0.363469
0.353968
0.3719
0.389343
0.392419
0.424975
0.455355
0.413347
0.456782
0.485528
0.460666
0.501819
0.453007
0.396095
0.381687
0.390129
0.387241
0.399964
0.409271
0.387575
0.422411
0.404288
0.386127
0.375507
0.36364
0.389674
0.403494
0.410674
0.385074
0.375403
0.392224
0.405467
0.415834
0.447399
0.4526
0.467436
0.48012
0.456815
0.443731
0.432383
0.443431
0.452821
0.468677
0.46623
0.452203
0.437237
0.466667
0.495316
0.463682
0.502991
0.501869
0.49913
0.552848
0.486679
0.508923
0.373758
0.363557
0.363404
0.371994
0.371372
0.392908
0.389684
0.395041
0.41143
0.431829
0.396627
0.375693
0.372995
0.370839
0.388257
0.398736
0.43629
0.439258
0.48144
0.483917
0.474978
0.446009
0.425349
0.421775
0.512909
0.520835
0.44795
0.492336
0.446898
0.419366
0.420256
0.411433
0.388641
0.377123
0.377144
0.371123
0.364986
0.388081
0.383163
0.363836
0.368256
0.364499
0.362511
0.384895
0.395022
0.409873
0.375484
0.379483
0.394451
0.382481
0.37987
0.380147
0.405845
0.367167
0.378276
0.368259
0.363042
0.375532
0.391387
0.391354
0.423117
0.428593
0.439457
0.386992
0.402033
0.376535
0.359796
0.361621
0.371933
0.409219
0.407094
0.441013
0.454327
0.435304
0.436182
0.394256
0.420191
0.41646
0.394628
0.421772
0.454036
0.435964
0.411048
0.419795
0.428483
0.453847
0.437143
0.431235
0.478202
0.456981
0.440563
0.484244
0.489067
0.487071
0.500625
0.540285
0.394041
0.451963
0.515051
0.488632
0.453965
0.438919
0.424194
0.42538
0.412262
0.413918
0.398356
0.425843
0.405677
0.438432
0.456222
0.384695
0.409719
0.391824
0.384843
0.388064
0.409653
0.404596
0.39974
0.388236
0.395849
0.41533
0.399873
0.396871
0.40615
0.421847
0.392139
0.392651
0.3802
0.385779
0.401124
0.404864
0.378534
0.371867
0.405944
0.417645
0.454121
0.43298
0.42004
0.397161
0.372613
0.367972
0.423863
0.368579
0.357292
0.359113
0.359615
0.362752
0.36238
0.353329
0.347473
0.349341
0.346175
0.359993
0.361034
0.357137
0.345622
0.340619
0.339051
0.341487
0.352706
0.336605
0.349131
0.34888
0.361668
0.359376
0.367702
0.354647
0.346561
0.354407
0.372467
0.359159
0.343359
0.34569
0.346697
0.354677
0.352287
0.368444
0.369085
0.384633
0.372395
0.387732
0.395847
0.375258
0.396433
0.386287
0.363891
0.351365
0.343668
0.347412
0.352398
0.357139
0.360501
0.368766
0.365192
0.383717
0.388261
0.385325
0.373747
0.398762
0.36195
0.359611
0.366941
0.384268
0.389458
0.38887
0.403789
0.394266
0.400702
0.363314
0.363261
0.385009
0.373667
0.367612
0.370175
0.368625
0.363964
0.389127
0.416428
0.393936
0.415245
0.370645
0.389141
0.396022
0.400499
0.46078
0.454031
0.418952
0.439797
0.422672
0.442637
0.476633
0.489652
0.479221
0.455152
0.495649
0.474252
0.483293
0.427455
0.38955
0.387648
0.387754
0.389514
0.387205
0.41723
0.444554
0.430128
0.446022
0.409209
0.411082
0.397047
0.406531
0.393816
0.423716
0.429349
0.420724
0.423965
0.423522
0.406886
0.424031
0.420251
0.38609
0.399231
0.394285
0.380645
0.354453
0.350334
0.348428
0.359253
0.360441
0.35681
0.367312
0.354741
0.368312
0.394679
0.393075
0.391796
0.409183
0.389464
0.367146
0.3648
0.379794
0.379964
0.374831
0.365904
0.378306
0.395738
0.403366
0.395949
0.389031
0.388261
0.363073
0.393617
0.383234
0.409123
0.394012
0.386054
0.376785
0.360804
0.351833
0.345228
0.341979
0.352536
0.346785
0.340729
0.348608
0.347563
0.347942
0.365354
0.362718
0.370706
0.358929
0.366868
0.402985
0.408967
0.400496
0.397194
0.395321
0.403707
0.374315
0.360946
0.352503
0.357994
0.352268
0.350212
0.356033
0.372846
0.406832
0.400324
0.360191
0.382203
0.3929
0.401947
0.373593
0.377136
0.36915
0.397386
0.380841
0.403974
0.427563
0.460953
0.49788
0.399765
0.423052
0.436424
0.432525
0.426517
0.413132
0.409501
0.388066
0.384384
0.37502
0.378264
0.368317
0.368009
0.367552
0.372884
0.397555
0.387652
0.453478
0.459872
0.475898
0.458097
0.464565
0.451812
0.421523
0.436989
0.421055
0.559623
0.54653
0.509934
0.496032
0.483805
0.54601
0.474671
0.453026
0.429976
0.476874
0.508654
0.486348
0.531702
0.51152
0.532687
0.457558
0.450911
0.403845
0.400264
0.375213
0.368917
0.38287
0.397604
0.399756
0.381824
0.392567
0.399963
0.418647
0.403355
0.402039
0.425419
0.375053
0.374799
0.360857
0.366609
0.363293
0.378397
0.37719
0.375214
0.385199
0.382881
0.366393
0.389058
0.411011
0.428675
0.429533
0.44056
0.395955
0.39636
0.367271
0.354592
0.355378
0.346864
0.344097
0.348793
0.357407
0.35503
0.347936
0.351913
0.345384
0.348737
0.347992
0.345214
0.340102
0.348061
0.353189
0.363935
0.36817
0.395575
0.424391
0.419568
0.402765
0.414904
0.423438
0.428502
0.422544
0.406406
0.409258
0.381412
0.366687
0.353792
0.357003
0.363963
0.350836
0.353933
0.353797
0.364349
0.37156
0.384772
0.38559
0.410201
0.416387
0.388362
0.411179
0.419516
0.403398
0.394392
0.389908
0.408357
0.434581
0.390491
0.360707
0.3531
0.345474
0.34807
0.346105
0.351204
0.354211
0.355053
0.361239
0.346563
0.345866
0.339387
0.344814
0.35065
0.339359
0.348338
0.34964
0.370894
0.370964
0.372021
0.36221
0.356052
0.34933
0.390948
0.389779
0.367647
0.361883
0.38128
0.370339
0.377255
0.367866
0.390487
0.395297
0.409138
0.407923
0.419835
0.399052
0.391576
0.386261
0.36445
0.356236
0.374759
0.356992
0.384653
0.391689
0.411779
0.414983
0.403913
0.37761
0.387087
0.370609
0.371266
0.367097
0.385343
0.399662
0.391094
0.408537
0.383667
0.381908
0.359522
0.354476
0.353006
0.349013
0.357683
0.344312
0.344065
0.361303
0.373916
0.37471
0.373819
0.36238
0.353456
0.353751
0.357975
0.357453
0.387633
0.396384
0.381083
0.386249
0.362845
0.363434
0.370692
0.368769
0.386255
0.371968
0.360848
0.349071
0.365691
0.371447
0.372289
0.360764
0.35869
0.376595
0.398442
0.40217
0.371705
0.399272
0.399383
0.38272
0.356344
0.355475
0.392433
0.390988
0.367786
0.364949
0.363966
0.349224
0.342192
0.341544
0.346633
0.342362
0.346398
0.36457
0.390116
0.383747
0.367184
0.361125
0.375856
0.380311
0.379849
0.374911
0.377946
0.392304
0.360863
0.359954
0.354573
0.354496
0.346604
0.355893
0.370033
0.383175
0.400546
0.394436
0.367697
0.356459
0.347341
0.343651
0.366017
0.344147
0.343433
0.344068
0.347482
0.345576
0.34482
0.343935
0.337946
0.344976
0.354272
0.353626
0.359462
0.375605
0.41326
0.41774
0.412934
0.396719
0.386133
0.370161
0.365565
0.366989
0.385248
0.378807
0.372419
0.375143
0.395384
0.404267
0.377264
0.3738
0.400734
0.393362
0.37704
0.365863
0.362761
0.381635
0.367807
0.406208
0.422773
0.393888
0.417081
0.418747
0.402177
0.379508
0.378728
0.371144
0.365017
0.358903
0.359841
0.352744
0.366109
0.390403
0.388259
0.382906
0.359397
0.342845
0.347817
0.338447
0.34597
0.365856
0.374589
0.355193
0.366345
0.408078
0.378671
0.355673
0.352002
0.351004
0.358598
0.367868
0.397148
0.397983
0.399862
0.377894
0.349356
0.350322
0.354093
0.359822
0.389033
0.395764
0.364748
0.363949
0.357284
0.362629
0.365117
0.368591
0.369063
0.377026
0.348421
0.34946
0.355021
0.359329
0.354422
0.371022
0.375346
0.387114
0.390257
0.422709
0.424109
0.429213
0.432666
0.438815
0.40376
0.415872
0.419387
0.396907
0.385396
0.421448
0.38255
0.392638
0.431109
0.517134
0.544215
0.525961
0.484144
0.452286
0.44345
0.440193
0.412223
0.389693
0.421774
0.417241
0.43258
0.448174
0.403124
0.405578
0.389559
0.38476
0.402562
0.413425
0.451025
0.423789
0.390688
0.368263
0.35528
0.355952
0.386495
0.416111
0.43703
0.400174
0.393954
0.398697
0.43522
0.425628
0.388309
0.36145
0.346532
0.350356
0.34803
0.352967
0.359715
0.354503
0.352429
0.35551
0.353704
0.350372
0.353452
0.347984
0.348099
0.352567
0.348603
0.343276
0.345604
0.347882
0.349306
0.347937
0.345949
0.352872
0.36619
0.40161
0.448608
0.431127
0.386461
0.399809
0.391023
0.415414
0.391327
0.390228
0.393525
0.379771
0.398846
0.414923
0.416861
0.37862
0.376635
0.368272
0.392464
0.377132
0.375267
0.376556
0.404183
0.409584
0.374787
0.360046
0.363131
0.352582
0.369573
0.365486
0.355996
0.346494
0.365792
0.383001
0.387365
0.391294
0.41334
0.39349
0.407183
0.420232
0.403232
0.404718
0.378136
0.378725
0.386241
0.369224
0.369722
0.390925
0.385911
0.406086
0.405656
0.39095
0.363246
0.365792
0.375944
0.375347
0.367585
0.387198
0.403628
0.394945
0.380576
0.395491
0.400788
0.418951
0.390002
0.410658
0.406954
0.400759
0.411499
0.404621
0.407393
0.399092
0.383337
0.411219
0.420757
0.404137
0.398179
0.387974
0.415265
0.396005
0.422743
0.406158
0.405041
0.37489
0.392358
0.388029
0.362514
0.372133
0.354171
0.348287
0.340407
0.344505
0.351247
0.364596
0.366056
0.36527
0.371982
0.363837
0.356169
0.365097
0.37029
0.383251
0.365956
0.34725
0.350932
0.37221
0.371228
0.368413
0.367727
0.37531
0.393547
0.385745
0.392191
0.37466
0.365167
0.370417
0.38096
0.352082
0.358434
0.356177
0.346568
0.354563
0.365771
0.361524
0.371351
0.363576
0.34446
0.3436
0.340507
0.34527
0.345552
0.365987
0.385673
0.358211
0.383339
0.378578
0.379046
0.371346
0.368276
0.374272
0.382966
0.401728
0.406957
0.394746
0.379069
0.378631
0.387395
0.391784
0.374573
0.407491
0.367245
0.354248
0.358618
0.382249
0.390018
0.370139
0.359062
0.354138
0.348652
0.366239
0.388347
0.39825
0.36793
0.376781
0.399571
0.38649
0.364397
0.374757
0.425732
0.392764
0.385711
0.37144
0.371548
0.360014
0.361931
0.363356
0.382081
0.385788
0.436049
0.442351
0.451142
0.451467
0.455791
0.453975
0.464563
0.447261
0.422096
0.393867
0.42973
0.410948
0.452206
0.443418
0.470643
0.470324
0.432596
0.397736
0.458695
0.461273
0.441835
0.408834
0.394018
0.38071
0.36897
0.370454
0.394536
0.406049
0.397334
0.393458
0.3779
0.375391
0.412083
0.456855
0.475117
0.496608
0.435275
0.442535
0.403324
0.378974
0.380879
0.408689
0.432026
0.451642
0.403818
0.388719
0.381306
0.404863
0.432517
0.421354
0.402428
0.39819
0.41149
0.439073
0.425596
0.387226
0.356897
0.356637
0.364691
0.3758
0.380096
0.356478
0.355938
0.359294
0.362426
0.373528
0.382724
0.379909
0.405895
0.446623
0.452624
0.410625
0.43796
0.459121
0.390297
0.460935
0.442801
0.48463
0.467891
0.458172
0.433563
0.437619
0.420508
0.459061
0.475737
0.482429
0.48207
0.500768
0.446256
0.51372
0.48322
0.477464
0.447297
0.431897
0.432128
0.458578
0.397883
0.425326
0.460332
0.458008
0.420384
0.427895
0.428761
0.428144
0.411878
0.443429
0.445109
0.42912
0.395053
0.375309
0.369559
0.382845
0.43148
0.421227
0.413892
0.396077
0.396375
0.416299
0.426354
0.427354
0.430692
0.446348
0.421927
0.433772
0.406522
0.41629
0.416851
0.413919
0.375772
0.381582
0.400099
0.415193
0.376254
0.424189
0.406852
0.374907
0.370274
0.37107
0.382426
0.415528
0.407199
0.38847
0.417666
0.403809
0.418231
0.403363
0.406766
0.402009
0.426358
0.441062
0.466872
0.463692
0.503136
0.457432
0.413504
0.493518
0.530419
0.474404
0.441485
0.472772
0.43574
0.464815
0.470839
0.480678
0.407292
0.394513
0.45362
0.412917
0.440665
0.465876
0.444797
0.494245
0.467078
0.443456
0.492479
0.492038
0.475969
0.399537
0.385525
0.415551
0.388575
0.402317
0.391389
0.364707
0.355221
0.356056
0.369507
0.355895
0.370334
0.375954
0.380138
0.420277
0.41732
0.412657
0.386456
0.35743
0.361768
0.351831
0.355122
0.378786
0.391176
0.373781
0.371571
0.350208
0.353304
0.374845
0.383313
0.358985
0.345253
0.33868
0.347643
0.349195
0.343469
0.337415
0.349391
0.351773
0.352609
0.363699
0.366009
0.383847
0.3853
0.369505
0.3562
0.369432
0.412194
0.407309
0.365395
0.364343
0.380317
0.382783
0.364465
0.360687
0.366515
0.359865
0.373376
0.369583
0.381328
0.371519
0.357976
0.355744
0.373152
0.379607
0.380567
0.374724
0.383802
0.37866
0.387462
0.398813
0.383949
0.385715
0.387381
0.402937
0.395811
0.388062
0.428563
0.414228
0.394877
0.375895
0.361114
0.350538
0.347628
0.353849
0.346347
0.344927
0.342815
0.354737
0.354682
0.37337
0.375556
0.35106
0.356918
0.377377
0.399529
0.38455
0.374579
0.354929
0.355103
0.339967
0.339566
0.344157
0.347795
0.357548
0.376513
0.395004
0.398848
0.400479
0.417541
0.414004
0.425649
0.41627
0.410167
0.410471
0.402886
0.410563
0.419626
0.406536
0.402167
0.366438
0.360642
0.389188
0.378872
0.357966
0.358911
0.368259
0.379132
0.368228
0.384222
0.384804
0.386857
0.394672
0.374119
0.348309
0.353497
0.362276
0.376015
0.360629
0.378567
0.35129
0.363376
0.356737
0.372266
0.393186
0.38721
0.361654
0.36432
0.371219
0.35265
0.362993
0.35768
0.376812
0.384164
0.386261
0.391917
0.385508
0.372757
0.384314
0.370558
0.384405
0.412232
0.40014
0.382456
0.377959
0.397599
0.40079
0.39601
0.40716
0.412994
0.405546
0.400839
0.366703
0.352448
0.349998
0.350623
0.364511
0.387367
0.39474
0.39802
0.403843
0.375487
0.378756
0.370546
0.373465
0.371691
0.3721
0.389564
0.42428
0.409275
0.414111
0.454386
0.426236
0.435358
0.414214
0.393873
0.375397
0.375015
0.360689
0.393104
0.411668
0.422332
0.372485
0.396366
0.414875
0.432074
0.451755
0.440374
0.443079
0.426583
0.440817
0.4144
0.4153
0.422693
0.394769
0.386207
0.414944
0.410708
0.402273
0.373741
0.38835
0.425125
0.444681
0.44947
0.46884
0.473867
0.466378
0.440948
0.443808
0.465717
0.526483
0.564541
0.561185
0.542934
0.530221
0.438296
0.411704
0.471583
0.489263
0.529313
0.460298
0.487996
0.406506
0.37512
0.391218
0.357129
0.348063
0.349403
0.359717
0.367863
0.364589
0.351727
0.370915
0.367057
0.347982
0.365309
0.349923
0.353584
0.352473
0.363182
0.385224
0.369615
0.373018
0.368983
0.35834
0.364923
0.359881
0.371566
0.383501
0.391938
0.401263
0.406276
0.402168
0.41736
0.395412
0.400296
0.411506
0.408394
0.425994
0.396733
0.440359
0.395206
0.405611
0.409067
0.41722
0.410444
0.414791
0.491415
0.393326
0.394655
0.409249
0.403479
0.395031
0.403592
0.389899
0.400237
0.408634
0.427585
0.409213
0.405214
0.380343
0.398556
0.384095
0.4155
0.398941
0.382253
0.393956
0.398583
0.408075
0.395798
0.412912
0.447116
0.494111
0.475171
0.440254
0.42739
0.386453
0.399252
0.474754
0.420419
0.382941
0.366064
0.382453
0.39861
0.437593
0.435343
0.392331
0.377475
0.369295
0.362244
0.363057
0.377929
0.418263
0.443804
0.447462
0.443993
0.387787
0.42932
0.411764
0.410448
0.40873
0.443171
0.461429
0.440358
0.439579
0.425928
0.436352
0.435459
0.392711
0.42713
0.440687
0.445217
0.431526
0.453783
0.503124
0.506443
0.487586
0.485311
0.437041
0.402668
0.394957
0.367554
0.358142
0.349721
0.364858
0.361083
0.368415
0.353184
0.350454
0.358644
0.347237
0.351094
0.342982
0.347278
0.342225
0.347219
0.354415
0.370506
0.383202
0.370691
0.367425
0.348695
0.355657
0.373553
0.380786
0.388477
0.385007
0.385242
0.383818
0.364625
0.364117
0.370288
0.368127
0.381817
0.386465
0.385279
0.396591
0.392577
0.474443
0.473459
0.473402
0.441598
0.512743
0.519947
0.500529
0.487567
0.440372
0.385025
0.379776
0.400271
0.411248
0.442641
0.41578
0.406452
0.375633
0.400662
0.391991
0.374878
0.348856
0.354923
0.369646
0.357653
0.37887
0.386576
0.388062
0.366982
0.357696
0.358914
0.357631
0.354464
0.351795
0.373058
0.392699
0.381017
0.381416
0.358271
0.342198
0.347982
0.344791
0.352983
0.366876
0.373639
0.367292
0.366741
0.368428
0.37272
0.36843
0.360568
0.359266
0.349174
0.348783
0.369002
0.39124
0.425049
0.468582
0.465552
0.424492
0.44406
0.418306
0.411741
0.445202
0.460508
0.4339
0.394132
0.382811
0.412657
0.404647
0.410973
0.414744
0.376314
0.364039
0.380671
0.409804
0.419715
0.429603
0.446701
0.442206
0.443005
0.422099
0.411281
0.405145
0.435489
0.425141
0.399556
0.374158
0.365915
0.357319
0.358648
0.35943
0.370647
0.389912
0.428634
0.451768
0.465311
0.448857
0.480393
0.485872
0.465165
0.424879
0.433269
0.407248
0.42973
0.450004
0.49895
0.468338
0.442547
0.435251
0.500719
0.505816
0.486479
0.458282
0.454345
0.472972
0.487747
0.454505
0.393219
0.393713
0.384939
0.380564
0.376863
0.379101
0.387363
0.425078
0.453391
0.426318
0.430252
0.404762
0.430821
0.46712
0.443921
0.480991
0.430497
0.395411
0.362507
0.349561
0.353747
0.374844
0.369653
0.353011
0.376163
0.401242
0.390563
0.394504
0.404214
0.418321
0.420806
0.436935
0.429176
0.465346
0.490115
0.482541
0.469082
0.430321
0.374979
0.384377
0.413114
0.409586
0.427667
0.414157
0.445934
0.446345
0.427762
0.413508
0.429314
0.42057
0.428105
0.393674
0.379708
0.377602
0.381988
0.384122
0.428993
0.380489
0.374603
0.373124
0.391184
0.385493
0.383521
0.429778
0.477209
0.442859
0.42622
0.359873
0.383939
0.396595
0.433405
0.462747
0.445741
0.443306
0.411997
0.429895
0.402498
0.405093
0.431593
0.433609
0.398505
0.36896
0.362471
0.356575
0.362674
0.383082
0.395966
0.396583
0.397048
0.409435
0.421768
0.383365
0.402983
0.418886
0.400469
0.383112
0.401579
0.389698
0.385475
0.375703
0.359579
0.38054
0.405711
0.412772
0.387089
0.368084
0.377002
0.392686
0.36332
0.3692
0.376449
0.393981
0.401887
0.410128
0.399571
0.397523
0.378599
0.368789
0.375743
0.399821
0.407756
0.388434
0.380555
0.384297
0.379956
0.390944
0.411146
0.402656
0.389362
0.362736
0.360169
0.345278
0.354519
0.359945
0.339104
0.351489
0.353854
0.363466
0.394251
0.411201
0.406437
0.387005
0.377425
0.350373
0.339913
0.351509
0.354071
0.350119
0.372739
0.391782
0.384858
0.371826
0.352129
0.362047
0.356499
0.349291
0.372853
0.372763
0.383074
0.365679
0.37139
0.380407
0.362687
0.37961
0.40528
0.40468
0.416612
0.413481
0.388612
0.419273
0.382777
0.419045
0.437927
0.392908
0.384553
0.363566
0.39516
0.435621
0.432689
0.409545
0.40419
0.449879
0.398418
0.355119
0.38156
0.382636
0.361379
0.36559
0.371607
0.37342
0.370635
0.378534
0.370352
0.371781
0.368616
0.354382
0.340496
0.342205
0.349093
0.347626
0.340548
0.335979
0.348472
0.343022
0.348905
0.361271
0.362028
0.395586
0.385527
0.382017
0.408766
0.394072
0.379658
0.390314
0.404225
0.388697
0.374861
0.381607
0.371011
0.435219
0.425543
0.424582
0.413478
0.435468
0.426875
0.405738
0.40041
0.389516
0.408814
0.45513
0.389801
0.383554
0.391187
0.420601
0.429823
0.389845
0.386976
0.415153
0.409744
0.4636
0.451406
0.411618
0.432358
0.419358
0.411241
0.379542
0.367798
0.376232
0.391526
0.429202
0.444136
0.453841
0.482008
0.46234
0.459512
0.561368
0.537584
0.564321
0.523312
0.572252
0.582483
0.488958
0.416668
0.426776
0.392893
0.403578
0.400496
0.381545
0.375412
0.401718
0.413438
0.385084
0.392538
0.397229
0.41977
0.403795
0.384851
0.372936
0.369732
0.348299
0.349715
0.346713
0.358903
0.34978
0.345507
0.353452
0.369705
0.379283
0.384309
0.387266
0.403571
0.373482
0.42758
0.396231
0.372
0.389206
0.379085
0.415056
0.411519
0.385089
0.385051
0.370402
0.380449
0.384769
0.360676
0.355718
0.385465
0.364687
0.351145
0.348306
0.362354
0.368833
0.386677
0.404583
0.380744
0.356248
0.354003
0.353117
0.346136
0.345712
0.35352
0.354803
0.378376
0.410274
0.457221
0.422199
0.469547
0.450617
0.43772
0.448379
0.43431
0.441273
0.440934
0.460142
0.407405
0.396223
0.405066
0.432227
0.393476
0.40495
0.388633
0.372113
0.401423
0.408075
0.370698
0.351473
0.355848
0.368911
0.400223
0.388965
0.395576
0.417451
0.39569
0.404245
0.406889
0.387858
0.382054
0.393644
0.373111
0.362525
0.390179
0.416456
0.380834
0.390447
0.410044
0.405752
0.411895
0.408726
0.396852
0.411952
0.411867
0.414787
0.449796
0.437776
0.426157
0.468167
0.431066
0.407061
0.429008
0.435729
0.421032
0.448702
0.483568
0.460765
0.43069
0.42923
0.443325
0.428564
0.427881
0.422948
0.432845
0.466881
0.462315
0.419398
0.385669
0.396522
0.386161
0.386995
0.365
0.350529
0.346644
0.35379
0.364624
0.384549
0.414873
0.391999
0.384575
0.393551
0.430951
0.433032
0.401039
0.411044
0.441428
0.420181
0.392965
0.380453
0.400469
0.413378
0.407761
0.437551
0.458876
0.494572
0.441461
0.404582
0.378195
0.407316
0.416779
0.415889
0.384245
0.369322
0.375822
0.398095
0.416104
0.433352
0.416189
0.464288
0.473279
0.413413
0.403298
0.449371
0.467076
0.458272
0.435797
0.414993
0.458693
0.487395
0.460875
0.527222
0.517012
0.505411
0.529779
0.490276
0.522932
0.486915
0.499999
0.480426
0.460904
0.501763
0.558545
0.56108
0.541683
0.530933
0.532279
0.58497
0.592019
0.5796
0.488532
0.446002
0.467659
0.479757
0.409846
0.395077
0.447302
0.435844
0.416067
0.375063
0.402893
0.453076
0.459559
0.417567
0.427646
0.419559
0.425878
0.367436
0.363703
0.365089
0.383752
0.40608
0.431103
0.453067
0.452675
0.446242
0.444163
0.434278
0.428667
0.4394
0.39696
0.39074
0.407979
0.398261
0.400396
0.404369
0.36798
0.361143
0.375682
0.382544
0.413526
0.407437
0.390705
0.405818
0.415865
0.388319
0.420233
0.406885
0.375582
0.388168
0.415261
0.399667
0.39416
0.38561
0.423572
0.421602
0.434449
0.43208
0.429657
0.387095
0.411254
0.400036
0.396476
0.409111
0.418628
0.393588
0.430789
0.429522
0.387069
0.389886
0.380411
0.411231
0.394936
0.460454
0.466077
0.432639
0.424884
0.429491
0.420713
0.440773
0.423179
0.454157
0.445465
0.418877
0.395704
0.369185
0.364116
0.367355
0.376664
0.356542
0.35523
0.350829
0.344578
0.340569
0.34699
0.349212
0.351734
0.349671
0.372863
0.382185
0.380169
0.394488
0.390453
0.376471
0.383838
0.370296
0.3894
0.40852
0.397082
0.396081
0.380586
0.35446
0.351947
0.355227
0.355343
0.361698
0.366302
0.397281
0.426692
0.433573
0.480206
0.466445
0.494632
0.488743
0.520403
0.478161
0.400716
0.402531
0.454072
0.385568
0.404614
0.454898
0.420332
0.394155
0.401789
0.451699
0.463595
0.469181
0.505853
0.442814
0.460328
0.391655
0.355625
0.374395
0.375136
0.373146
0.366317
0.425989
0.402328
0.387855
0.399903
0.476472
0.439104
0.413516
0.387655
0.366066
0.389184
0.39556
0.379557
0.381241
0.401049
0.394245
0.412953
0.40255
0.441259
0.409481
0.401339
0.38616
0.43585
0.395933
0.434337
0.449713
0.487204
0.453302
0.404428
0.395383
0.431435
0.434574
0.484666
0.457226
0.456102
0.479027
0.45169
0.475599
0.445154
0.427406
0.408937
0.382315
0.371888
0.385852
0.393796
0.369595
0.369534
0.373571
0.38435
0.405766
0.425075
0.417046
0.406948
0.396872
0.413598
0.430094
0.440428
0.415708
0.43598
0.401609
0.345391
0.402465
0.412243
0.434773
0.444396
0.400364
0.415193
0.464318
0.46677
0.411979
0.414917
0.426923
0.43354
0.456846
0.442448
0.446578
0.462503
0.509169
0.471012
0.42787
0.429033
0.429862
0.438202
0.428936
0.460118
0.441748
0.434215
0.45857
0.470509
0.465567
0.47985
0.485937
0.551119
0.555814
0.529225
0.53535
0.583656
0.546314
0.561797
0.525343
0.50658
0.443786
0.409296
0.368552
0.390771
0.402687
0.438595
0.376612
0.418015
0.454369
0.435085
0.434474
0.404295
0.41193
0.427562
0.454304
0.41953
0.433698
0.423565
0.403344
0.413121
0.394282
0.408785
0.407947
0.375863
0.392289
0.435703
0.475476
0.417295
0.428868
0.423309
0.446351
0.404989
0.403976
0.373584
0.366091
0.364925
0.36349
0.356069
0.358035
0.350778
0.350684
0.354754
0.359467
0.364033
0.387088
0.402626
0.360941
0.372337
0.361523
0.374345
0.388392
0.372821
0.360072
0.413053
0.420337
0.393984
0.422419
0.443433
0.422643
0.403176
0.417985
0.435329
0.404708
0.369367
0.349072
0.35173
0.351916
0.360999
0.367164
0.370637
0.363902
0.366986
0.368694
0.372939
0.390349
0.401868
0.419827
0.488472
0.4907
0.47288
0.445288
0.4646
0.458058
0.461465
0.423401
0.376003
0.362199
0.387853
0.372459
0.358232
0.359813
0.39232
0.481744
0.405122
0.378166
0.407628
0.409954
0.386837
0.441087
0.497164
0.526014
0.468998
0.468318
0.416125
0.544563
0.527984
0.519289
0.519447
0.506628
0.496119
0.507116
0.496031
0.476631
0.509976
0.509358
0.517394
0.504944
0.500979
0.461346
0.465754
0.454015
0.473659
0.429806
0.421226
0.437769
0.493152
0.441612
0.454744
0.447635
0.408672
0.43407
0.42661
0.440288
0.401673
0.38006
0.366033
0.360501
0.357698
0.365502
0.397703
0.395714
0.373446
0.367334
0.362539
0.376742
0.401933
0.410063
0.390105
0.386562
0.376909
0.362051
0.354083
0.371994
0.349387
0.354444
0.37378
0.391617
0.401455
0.398913
0.412597
0.405962
0.407801
0.385293
0.392192
0.371134
0.361415
0.352958
0.354991
0.355801
0.342971
0.353038
0.371178
0.380731
0.377965
0.384706
0.400906
0.37353
0.374449
0.371748
0.355941
0.362449
0.351549
0.374484
0.361599
0.374581
0.40366
0.39756
0.390542
0.384373
0.384184
0.403916
0.388596
0.413961
0.418062
0.423669
0.422178
0.449654
0.449675
0.396566
0.423282
0.420193
0.435101
0.464925
0.442018
0.499446
0.460392
0.462176
0.486228
0.502245
0.457165
0.475096
0.41708
0.406439
0.390322
0.437662
0.449054
0.393619
0.380653
0.438515
0.45386
0.433163
0.487336
0.428924
0.383374
0.383151
0.428999
0.40758
0.423826
0.4409
0.444553
0.42179
0.4369
0.425416
0.406339
0.422878
0.458877
0.476352
0.453896
0.470641
0.417737
0.418476
0.45261
0.478582
0.491974
0.476776
0.431458
0.414789
0.436562
0.442022
0.48075
0.504851
0.419991
0.437172
0.428982
0.412705
0.397734
0.377622
0.370466
0.393585
0.426027
0.420344
0.43571
0.415322
0.405023
0.39004
0.376813
0.373644
0.383341
0.357859
0.355428
0.354627
0.357658
0.372834
0.395719
0.38414
0.361054
0.361678
0.37081
0.376235
0.372395
0.376987
0.355408
0.359998
0.383473
0.394819
0.390644
0.395265
0.38565
0.394436
0.398746
0.356917
0.377226
0.384488
0.392413
0.389067
0.445306
0.4229
0.417589
0.405744
0.371876
0.366566
0.407359
0.383494
0.368136
0.369768
0.368724
0.367219
0.356663
0.37096
0.395284
0.399655
0.370236
0.371299
0.370224
0.367914
0.391685
0.379904
0.392536
0.384155
0.4046
0.467953
0.407683
0.48751
0.4628
0.473615
0.422557
0.443852
0.44014
0.5087
0.480593
0.488876
0.455395
0.476588
0.405661
0.378196
0.476423
0.465889
0.47925
0.473441
0.403812
0.379029
0.36478
0.362967
0.345851
0.349172
0.358666
0.365803
0.368549
0.412439
0.374342
0.398498
0.421474
0.385202
0.395015
0.398829
0.383699
0.385145
0.401756
0.396988
0.40686
0.399063
0.396954
0.382479
0.3744
0.373965
0.383181
0.359062
0.358605
0.350578
0.349971
0.352188
0.3476
0.379833
0.402786
0.385883
0.381026
0.358773
0.356724
0.347282
0.370214
0.375987
0.362318
0.360954
0.345243
0.357584
0.362205
0.372378
0.364652
0.347101
0.344309
0.34305
0.350125
0.349605
0.342999
0.348666
0.358422
0.360247
0.365779
0.393429
0.374148
0.357867
0.352379
0.3576
0.375663
0.394783
0.400521
0.41444
0.420264
0.41273
0.41273
0.412584
0.421469
0.388349
0.387611
0.381072
0.40097
0.41054
0.374196
0.371833
0.40456
0.39369
0.399808
0.397246
0.386641
0.397555
0.395218
0.421445
0.450145
0.391774
0.419246
0.430352
0.408034
0.415453
0.443081
0.448768
0.462853
0.453219
0.494669
0.438063
0.468609
0.47708
0.443728
0.436254
0.469375
0.486729
0.471726
0.444963
0.428995
0.426714
0.398336
0.463102
0.467757
0.453716
0.431932
0.426942
0.439375
0.43615
0.481824
0.461924
0.475203
0.502759
0.450338
0.490161
0.467559
0.460899
0.542529
0.496024
0.427706
0.4114
0.404351
0.407757
0.418109
0.426799
0.457519
0.437973
0.428701
0.465426
0.472673
0.507617
0.506732
0.583665
0.466698
0.417005
0.413231
0.43079
0.415779
0.431165
0.415498
0.390688
0.399874
0.406521
0.422826
0.43782
0.414122
0.40921
0.41302
0.418634
0.438765
0.423252
0.420694
0.415292
0.405472
0.425648
0.431077
0.43456
0.412719
0.392774
0.394081
0.396961
0.392629
0.386658
0.390921
0.361565
0.368814
0.397683
0.392762
0.387373
0.358741
0.358204
0.367375
0.386842
0.38032
0.41916
0.417307
0.407177
0.382469
0.392011
0.398293
0.394008
0.393578
0.419842
0.41922
0.429413
0.397824
0.401513
0.380869
0.391073
0.392207
0.401432
0.385648
0.422787
0.391985
0.403217
0.408014
0.425353
0.412203
0.408793
0.361794
0.357744
0.358964
0.343669
0.342112
0.3421
0.337728
0.349903
0.34151
0.351887
0.360552
0.390282
0.3601
0.382725
0.367408
0.351107
0.345239
0.338022
0.339115
0.349585
0.340154
0.340996
0.34545
0.341429
0.354474
0.345436
0.35152
0.346973
0.345858
0.332066
0.340984
0.342485
0.344436
0.342738
0.341317
0.357596
0.369217
0.387992
0.390347
0.376941
0.374972
0.375948
0.385943
0.366378
0.381443
0.37668
0.379902
0.365325
0.381333
0.372137
0.380248
0.387248
0.354836
0.349144
0.342893
0.340863
0.342774
0.347623
0.348094
0.34531
0.349913
0.349325
0.342687
0.345918
0.341402
0.341095
0.34879
0.342019
0.342612
0.347735
0.354
0.363685
0.371013
0.358126
0.35518
0.361572
0.367436
0.36513
0.399727
0.404922
0.426119
0.379407
0.376538
0.40082
0.400846
0.431929
0.449523
0.430757
0.433681
0.408834
0.426833
0.380713
0.365573
0.378894
0.395543
0.37525
0.35607
0.360147
0.358907
0.360027
0.383263
0.404048
0.389864
0.373228
0.37378
0.380693
0.390154
0.416556
0.43636
0.468595
0.447896
0.481591
0.461863
0.520804
0.496314
0.51089
0.398598
0.411859
0.442788
0.420939
0.379244
0.424479
0.469537
0.461066
0.478608
0.408066
0.386656
0.371196
0.361694
0.351117
0.345369
0.344921
0.356252
0.359561
0.359423
0.375192
0.376703
0.40333
0.388385
0.397682
0.378491
0.375779
0.397311
0.418908
0.425355
0.416147
0.382843
0.394758
0.387613
0.373145
0.375894
0.373606
0.395283
0.377233
0.358576
0.343178
0.34567
0.346505
0.349362
0.342841
0.341581
0.349473
0.363717
0.383048
0.376069
0.356944
0.34874
0.344067
0.360051
0.353279
0.354658
0.383994
0.418907
0.408289
0.408242
0.399542
0.406918
0.39183
0.394304
0.393014
0.392445
0.413989
0.420679
0.40456
0.405478
0.408591
0.388661
0.391538
0.398518
0.399586
0.395835
0.384563
0.380587
0.386662
0.427094
0.391991
0.374548
0.373227
0.410381
0.412656
0.446109
0.449835
0.396829
0.416234
0.36647
0.386877
0.430218
0.392267
0.476042
0.43812
0.453131
0.410557
0.408679
0.411975
0.409122
0.435696
0.449171
0.450213
0.444988
0.461569
0.454646
0.429317
0.440598
0.471329
0.48279
0.446118
0.431241
0.392974
0.38391
0.38172
0.376117
0.368865
0.407118
0.38796
0.356674
0.357789
0.347958
0.357183
0.35832
0.361977
0.38027
0.363347
0.357893
0.370835
0.391966
0.408027
0.387256
0.440481
0.424832
0.43983
0.448186
0.465082
0.406559
0.458708
0.48943
0.415433
0.478929
0.43868
0.452672
0.472334
0.453869
0.434136
0.430631
0.417185
0.417899
0.409299
0.468072
0.498389
0.468582
0.512273
0.460461
0.467424
0.468959
0.481203
0.491335
0.487461
0.526447
0.561226
0.573595
0.484813
0.414822
0.41896
0.43368
0.430287
0.391392
0.398078
0.41595
0.440698
0.412592
0.408293
0.409583
0.427267
0.444348
0.430939
0.42332
0.442216
0.448129
0.419408
0.402214
0.415722
0.414113
0.404703
0.373329
0.369998
0.36519
0.38109
0.365769
0.38205
0.394739
0.392938
0.399346
0.433442
0.480604
0.460849
0.470362
0.455506
0.423821
0.423444
0.439968
0.409826
0.440962
0.425011
0.386504
0.365036
0.366428
0.395998
0.392706
0.38545
0.381124
0.3735
0.404317
0.401992
0.416568
0.416824
0.415482
0.40379
0.382837
0.371975
0.360453
0.3878
0.411897
0.3826
0.373838
0.3947
0.423548
0.406914
0.408519
0.421287
0.412346
0.404482
0.416524
0.40792
0.384014
0.432609
0.440633
0.429304
0.432662
0.420147
0.478267
0.442509
0.465917
0.464856
0.453931
0.405904
0.431071
0.464849
0.426766
0.460926
0.478272
0.4309
0.415556
0.405592
0.429735
0.425899
0.415815
0.49105
0.502083
0.501887
0.483033
0.426796
0.376512
0.409996
0.522387
0.464253
0.477959
0.431409
0.417456
0.440446
0.443184
0.406074
0.413004
0.454818
0.415826
0.400351
0.455012
0.427484
0.436311
0.395273
0.382258
0.388103
0.438781
0.460185
0.45777
0.478474
0.478516
0.440255
0.445504
0.410028
0.442167
0.438457
0.450724
0.392507
0.384524
0.390453
0.38093
0.382419
0.412096
0.387466
0.371439
0.402922
0.435183
0.449987
0.405331
0.443037
0.43393
0.470643
0.440386
0.551779
0.605684
0.592256
0.567648
0.533165
0.522558
0.475746
0.506182
0.517798
0.476508
0.443502
0.414274
0.412284
0.415193
0.405575
0.419725
0.476875
0.437692
0.419093
0.448189
0.47672
0.503766
0.456838
0.465192
0.431098
0.414943
0.41731
0.460765
0.463532
0.461762
0.443852
0.423986
0.448943
0.442743
0.446366
0.425591
0.431243
0.443575
0.441149
0.44514
0.45414
0.439996
0.434777
0.435166
0.41693
0.406176
0.431899
0.475938
0.482573
0.490397
0.489527
0.500612
0.51476
0.492463
0.407262
0.424922
0.414058
0.408952
0.397658
0.403178
0.445034
0.427824
0.454772
0.481994
0.468527
0.451575
0.421776
0.393741
0.39456
0.40976
0.395241
0.412903
0.43867
0.438486
0.432229
0.434935
0.44713
0.484517
0.50571
0.465607
0.442091
0.379597
0.368086
0.370659
0.359816
0.36051
0.368262
0.367371
0.367345
0.356632
0.364454
0.36838
0.387546
0.405635
0.437787
0.476526
0.495654
0.495766
0.485916
0.478345
0.444763
0.43049
0.476811
0.449771
0.432688
0.438892
0.377064
0.45108
0.419169
0.402406
0.453595
0.46371
0.41944
0.364239
0.367131
0.403312
0.43083
0.421551
0.430596
0.435166
0.414798
0.4148
0.423376
0.482706
0.454697
0.422898
0.41326
0.426902
0.483154
0.485698
0.515945
0.557886
0.485065
0.489482
0.48877
0.524256
0.544803
0.590624
0.53398
0.521357
0.498278
0.528042
0.508799
0.494801
0.489033
0.430481
0.513629
0.484215
0.501832
0.451069
0.457821
0.475192
0.474093
0.515432
0.504406
0.449935
0.471672
0.445358
0.450179
0.431285
0.429772
0.424181
0.394452
0.42588
0.397276
0.398463
0.413368
0.403899
0.436754
0.440949
0.461785
0.507169
0.521739
0.481011
0.481393
0.42608
0.441546
0.474064
0.407537
0.442441
0.449934
0.46937
0.502066
0.445507
0.40305
0.435528
0.410852
0.470479
0.446361
0.418697
0.451837
0.434834
0.455504
0.460585
0.413274
0.460731
0.476626
0.42197
0.455237
0.509945
0.469587
0.489445
0.495255
0.402924
0.457728
0.515373
0.481213
0.469785
0.482886
0.518077
0.46856
0.504946
0.478097
0.436196
0.42369
0.48521
0.439738
0.471051
0.46777
0.515648
0.49979
0.434177
0.420562
0.378048
0.367758
0.353518
0.360282
0.369935
0.379677
0.403478
0.396787
0.400238
0.447266
0.463428
0.464344
0.458035
0.408179
0.423777
0.42711
0.408106
0.41526
0.390236
0.420424
0.42959
0.433112
0.47446
0.436624
0.451312
0.430253
0.395255
0.450496
0.443817
0.435602
0.45289
0.397111
0.381366
0.381981
0.373176
0.371369
0.374887
0.407348
0.466659
0.4593
0.50742
0.494213
0.505588
0.520073
0.518352
0.503822
0.505513
0.507588
0.504333
0.507643
0.501023
0.538524
0.501413
0.562699
0.571719
0.558976
0.528143
0.42336
0.408703
0.362695
0.368896
0.381567
0.420868
0.421531
0.382714
0.374978
0.389297
0.406687
0.394816
0.40665
0.43243
0.391969
0.428548
0.424904
0.411651
0.433513
0.425438
0.402493
0.432194
0.447899
0.422186
0.458465
0.414938
0.394562
0.413474
0.427424
0.39105
0.45371
0.425508
0.411897
0.407051
0.386034
0.389582
0.410608
0.389369
0.373544
0.371985
0.360768
0.348029
0.34463
0.347423
0.355327
0.367409
0.39848
0.405485
0.38059
0.351413
0.358974
0.361309
0.382082
0.407613
0.409402
0.42781
0.388449
0.490368
0.386196
0.373599
0.363212
0.371759
0.362191
0.357156
0.356028
0.380021
0.375663
0.365521
0.361764
0.359137
0.366375
0.411962
0.411798
0.434605
0.456326
0.423801
0.442866
0.440549
0.474435
0.443456
0.429856
0.438261
0.435977
0.413317
0.396921
0.378447
0.373604
0.362767
0.375094
0.382501
0.383507
0.381605
0.384729
0.396566
0.389338
0.428845
0.432108
0.433369
0.438062
0.421764
0.386101
0.354902
0.3722
0.409288
0.388471
0.412268
0.424281
0.386343
0.374484
0.354812
0.344272
0.350125
0.342442
0.344049
0.35569
0.345035
0.361453
0.347687
0.360749
0.382535
0.392725
0.3654
0.350738
0.352285
0.373909
0.363249
0.387294
0.428971
0.39598
0.439525
0.406335
0.433981
0.45179
0.424471
0.411093
0.444316
0.464607
0.501783
0.488718
0.533455
0.604293
0.582177
0.572704
0.526989
0.549293
0.562013
0.549176
0.539435
0.513455
0.514525
0.510247
0.464086
0.527203
0.522126
0.484289
0.43488
0.487697
0.523222
0.524955
0.498885
0.441991
0.48642
0.518985
0.493405
0.526008
0.454366
0.504737
0.465837
0.509206
0.506336
0.528246
0.535852
0.54959
0.532481
0.485361
0.410329
0.405746
0.405589
0.412545
0.413619
0.415601
0.410239
0.391586
0.422585
0.423262
0.457686
0.499771
0.450679
0.451615
0.436612
0.428179
0.430775
0.462606
0.510311
0.468744
0.451123
0.466309
0.501317
0.516514
0.439845
0.42771
0.427004
0.520515
0.510384
0.501069
0.44105
0.518711
0.481026
0.47216
0.540171
0.445596
0.466248
0.420515
0.446999
0.532725
0.525391
0.477722
0.496512
0.513732
0.488705
0.511223
0.533391
0.516837
0.513919
0.529499
0.49116
0.449995
0.43148
0.452246
0.445841
0.498297
0.487152
0.509008
0.515726
0.461281
0.432345
0.445903
0.456372
0.502282
0.444646
0.477312
0.441121
0.4571
0.446629
0.48006
0.455622
0.462729
0.429767
0.436985
0.436015
0.40015
0.389637
0.367551
0.372049
0.375422
0.390851
0.398603
0.384685
0.407861
0.393257
0.381867
0.391662
0.385115
0.401594
0.389151
0.380267
0.369965
0.38268
0.390979
0.403722
0.407317
0.40797
0.468149
0.422068
0.428014
0.427687
0.429827
0.41555
0.426104
0.419518
0.395879
0.424689
0.448775
0.440808
0.431386
0.4716
0.476906
0.41986
0.4766
0.489982
0.485279
0.472436
0.459079
0.443798
0.461772
0.455
0.477743
0.487305
0.473265
0.458843
0.461982
0.455287
0.428969
0.391968
0.410348
0.445442
0.439256
0.429553
0.411745
0.431769
0.463583
0.46204
0.473043
0.425895
0.440723
0.503092
0.440465
0.460836
0.466076
0.471167
0.478482
0.459235
0.475115
0.493048
0.472765
0.470147
0.450997
0.405486
0.405576
0.436796
0.417013
0.39013
0.376522
0.380611
0.421919
0.472352
0.492676
0.491454
0.45099
0.475098
0.454131
0.443134
0.431254
0.437475
0.48875
0.536996
0.581898
0.551513
0.589674
0.539592
0.386531
0.401917
0.364859
0.380015
0.371893
0.355212
0.355899
0.37855
0.399667
0.359246
0.353405
0.351713
0.346804
0.349666
0.357711
0.340241
0.352543
0.348844
0.347504
0.341917
0.363159
0.347753
0.360674
0.37809
0.400598
0.379437
0.371011
0.361196
0.363243
0.384147
0.398393
0.385
0.36823
0.370087
0.430034
0.442572
0.445524
0.427967
0.438887
0.425172
0.441464
0.432082
0.404199
0.433853
0.463959
0.433278
0.423593
0.417149
0.425321
0.434824
0.429557
0.425212
0.404561
0.442602
0.488691
0.495454
0.495335
0.52983
0.496893
0.542789
0.519759
0.528463
0.502799
0.480565
0.413381
0.468649
0.481998
0.477847
0.512114
0.532695
0.496653
0.496492
0.446309
0.472679
0.509568
0.509798
0.471614
0.48005
0.450085
0.440661
0.467474
0.455372
0.47482
0.400903
0.434519
0.488164
0.451664
0.501941
0.478451
0.46695
0.453086
0.451447
0.43954
0.440165
0.419448
0.410544
0.464684
0.450086
0.476259
0.484759
0.544758
0.531273
0.500647
0.501217
0.534857
0.440055
0.445489
0.450102
0.502512
0.496741
0.517254
0.520974
0.472003
0.509069
0.516868
0.484817
0.491881
0.528498
0.510824
0.481333
0.449125
0.507031
0.509263
0.505777
0.536854
0.545298
0.499275
0.486153
0.470835
0.460361
0.42445
0.433746
0.379567
0.372601
0.375555
0.382975
0.395515
0.412911
0.395558
0.389253
0.393343
0.401492
0.457865
0.446
0.39181
0.39092
0.393896
0.387083
0.41027
0.408026
0.409523
0.375738
0.380803
0.398832
0.399753
0.415251
0.411858
0.42752
0.411253
0.424567
0.430051
0.427813
0.405693
0.380937
0.362055
0.403065
0.386932
0.369786
0.40405
0.430219
0.415982
0.397705
0.36939
0.369547
0.358913
0.362133
0.366237
0.365277
0.360269
0.363498
0.368661
0.392294
0.398637
0.379071
0.36185
0.352568
0.361598
0.354225
0.360124
0.363823
0.370664
0.367133
0.352695
0.377621
0.394116
0.388135
0.391871
0.415212
0.460557
0.49266
0.437059
0.426112
0.400125
0.392243
0.379913
0.381118
0.398665
0.408663
0.407743
0.386818
0.391925
0.417188
0.441303
0.440417
0.442105
0.489811
0.449934
0.404103
0.398779
0.395846
0.40791
0.449369
0.432002
0.423455
0.423612
0.397104
0.390959
0.397936
0.387319
0.384765
0.390134
0.386804
0.40521
0.388463
0.384802
0.423168
0.383499
0.380658
0.374052
0.387607
0.427253
0.482891
0.410794
0.41529
0.40712
0.452248
0.450133
0.410755
0.396931
0.396222
0.412696
0.387759
0.390966
0.385373
0.386129
0.393984
0.396975
0.373541
0.368183
0.3648
0.373856
0.37218
0.366602
0.363889
0.358016
0.363304
0.362151
0.358342
0.356944
0.373834
0.366273
0.372706
0.355399
0.358945
0.361972
0.360241
0.355425
0.355968
0.360154
0.361799
0.360033
0.364311
0.363606
0.359432
0.356111
0.360901
0.366402
0.373146
0.373822
0.380106
0.368055
0.359567
0.35803
0.367617
0.399063
0.41532
0.408651
0.400742
0.406103
0.399998
0.42101
0.389536
0.377755
0.365077
0.383605
0.379463
0.405559
0.423588
0.386057
0.36895
0.392471
0.408002
0.39664
0.394432
0.384089
0.390441
0.396321
0.371959
0.368582
0.364723
0.360138
0.39687
0.404032
0.364625
0.3719
0.375748
0.403774
0.422898
0.440653
0.436254
0.403967
0.389914
0.361502
0.367277
0.372267
0.390112
0.411403
0.382915
0.366374
0.364793
0.36362
0.355666
0.359674
0.352475
0.354683
0.38175
0.388488
0.466117
0.422083
0.393924
0.388335
0.392913
0.390865
0.412193
0.411137
0.398101
0.413717
0.420619
0.416583
0.40513
0.409237
0.404684
0.386647
0.376671
0.391906
0.387204
0.397661
0.396199
0.382365
0.38729
0.367403
0.369022
0.377976
0.361214
0.368483
0.37542
0.386466
0.37292
0.368275
0.372173
0.388603
0.385625
0.398614
0.432936
0.440639
0.431646
0.406152
0.419607
0.405778
0.484968
0.558204
0.506134
0.395217
0.393884
0.368122
0.360056
0.372472
0.429538
0.402368
0.397691
0.414062
0.417706
0.413983
0.419699
0.392424
0.379923
0.394442
0.389478
0.383155
0.393216
0.375859
0.382987
0.390833
0.385362
0.391813
0.394544
0.39215
0.395298
