0.468822
0.613155
0.575861
0.527255
0.571532
0.590733
0.5914
0.566469
0.571311
0.600471
0.547684
0.505879
0.471807
0.476424
0.486314
0.43613
0.459751
0.471343
0.510457
0.549428
0.56025
0.500607
0.453311
0.460541
0.500083
0.500161
0.437946
0.463603
0.441879
0.415178
0.48543
0.517363
0.505121
0.498611
0.453039
0.439214
0.496428
0.530517
0.464329
0.501742
0.522604
0.514935
0.501513
0.427354
0.470757
0.463085
0.433948
0.429048
0.418262
0.445604
0.484322
0.506115
0.48458
0.464669
0.485669
0.546081
0.469329
0.494786
0.498942
0.503858
0.521847
0.485742
0.498917
0.47985
0.505369
0.509736
0.468218
0.467636
0.479501
0.445752
0.489554
0.485473
0.444652
0.395022
0.490092
0.502242
0.511192
0.495635
0.459357
0.525201
0.483726
0.436126
0.477829
0.477813
0.469954
0.4792
0.446106
0.447528
0.511707
0.450658
0.492502
0.487275
0.486783
0.495272
0.466626
0.501907
0.489486
0.509695
0.46119
0.436621
0.454279
0.466263
0.463935
0.442993
0.493026
0.483942
0.468941
0.478659
0.480457
0.493449
0.459531
0.4655
0.462742
0.521719
0.451892
0.49065
0.449039
0.484654
0.474317
0.460229
0.448398
0.454541
0.456739
0.431005
0.443171
0.460212
0.42333
0.401801
0.457254
0.407921
0.495169
0.490792
0.489376
0.493062
0.4581
0.47242
0.477188
0.491576
0.445139
0.445972
0.443165
0.450254
0.416458
0.48544
0.473609
0.415149
0.432133
0.468157
0.465776
0.412699
0.521947
0.480725
0.412093
0.414256
0.404435
0.444043
0.462656
0.480029
0.497084
0.453745
0.469702
0.457698
0.484955
0.463469
0.417704
0.444712
0.435126
0.410111
0.464193
0.510063
0.417416
0.432941
0.448045
0.473423
0.483223
0.429978
0.389711
0.439176
0.396201
0.382898
0.375897
0.365244
0.382432
0.439092
0.38851
0.381116
0.398754
0.42287
0.407317
0.413625
0.418503
0.411093
0.440542
0.423118
0.495321
0.498052
0.464233
0.433317
0.504337
0.500022
0.47922
0.451659
0.416592
0.411832
0.397798
0.391268
0.411028
0.404624
0.406123
0.413253
0.404797
0.402538
0.403929
0.417191
0.411326
0.412308
0.43163
0.409316
0.402754
0.396443
0.386831
0.374295
0.376344
0.394986
0.41483
0.386629
0.410481
0.400399
0.417754
0.447572
0.36944
0.39008
0.395093
0.396867
0.412095
0.410702
0.402494
0.411874
0.392476
0.424582
0.419177
0.386061
0.374396
0.365859
0.388604
0.385585
0.369454
0.383431
0.407157
0.430062
0.40601
0.403989
0.393297
0.365335
0.3801
0.368276
0.367171
0.352119
0.355576
0.366527
0.392459
0.377831
0.373643
0.370648
0.358544
0.356694
0.338755
0.346359
0.350714
0.349756
0.357374
0.343375
0.353893
0.355924
0.346819
0.365058
0.377205
0.369559
0.37224
0.372377
0.390468
0.38019
0.395889
0.374781
0.387355
0.381598
0.37839
0.394683
0.395834
0.38809
0.379142
0.3672
0.355313
0.354658
0.360052
0.352175
0.358924
0.355212
0.34269
0.350984
0.356765
0.365953
0.380489
0.368338
0.362104
0.3727
0.358982
0.356635
0.369655
0.373528
0.383173
0.364376
0.379188
0.386516
0.413517
0.391488
0.400466
0.398114
0.364914
0.370988
0.382474
0.385639
0.380809
0.418653
0.393974
0.382651
0.376731
0.373106
0.375892
0.373789
0.393105
0.391743
0.392243
0.410298
0.390694
0.379269
0.388108
0.389684
0.40651
0.386687
0.42347
0.413365
0.381138
0.40163
0.393809
0.394718
0.384003
0.413583
0.426536
0.428591
0.397679
0.421586
0.421746
0.397243
0.388386
0.38034
0.358878
0.371521
0.378957
0.370293
0.373901
0.359765
0.352146
0.339657
0.35388
0.363493
0.359921
0.365732
0.375682
0.365488
0.37935
0.388913
0.377047
0.39062
0.384926
0.371707
0.38221
0.393509
0.358301
0.352131
0.348081
0.34499
0.35463
0.336814
0.349673
0.351916
0.35135
0.356349
0.346741
0.347482
0.342267
0.340135
0.339583
0.352545
0.350337
0.354064
0.357365
0.367686
0.372136
0.388326
0.373666
0.398949
0.395368
0.406282
0.424267
0.466137
0.453044
0.481894
0.470767
0.461217
0.458272
0.391779
0.391204
0.41214
0.415304
0.468982
0.425021
0.429713
0.440522
0.443101
0.41393
0.372575
0.386928
0.448289
0.420403
0.399013
0.375555
0.403194
0.42207
0.430774
0.40301
0.410851
0.43092
0.442115
0.433036
0.420493
0.385093
0.428011
0.371785
0.383799
0.370267
0.376315
0.410385
0.411028
0.430813
0.416655
0.40371
0.414438
0.42199
0.428917
0.405373
0.400274
0.429796
0.414437
0.420264
0.430374
0.446905
0.456921
0.410524
0.474961
0.462737
0.446295
0.453332
0.424906
0.409911
0.413521
0.410194
0.409331
0.470619
0.482655
0.454166
0.462278
0.461839
0.481326
0.532854
0.470755
0.441213
0.463469
0.509734
0.500688
0.506519
0.481981
0.446787
0.419813
0.392409
0.45762
0.391746
0.364904
0.373412
0.40609
0.375783
0.386037
0.472185
0.473072
0.428484
0.420583
0.459232
0.465468
0.454305
0.39896
0.418915
0.423966
0.401686
0.392324
0.375293
0.381924
0.373672
0.365826
0.37309
0.408991
0.414391
0.406315
0.435849
0.418218
0.424092
0.425012
0.397923
0.372292
0.411657
0.421906
0.416675
0.441039
0.384035
0.428878
0.406416
0.396815
0.402031
0.36586
0.384045
0.397139
0.357994
0.380291
0.383101
0.374864
0.380368
0.412602
0.403467
0.389382
0.371216
0.385605
0.388427
0.379997
0.387977
0.40409
0.395874
0.404983
0.370132
0.372775
0.393977
0.432483
0.428469
0.442777
0.406105
0.370604
0.398383
0.385557
0.422172
0.409945
0.395368
0.405456
0.415577
0.369496
0.427857
0.373743
0.43967
0.406418
0.390321
0.421602
0.431165
0.388937
0.394732
0.42937
0.451969
0.440386
0.432444
0.408118
0.425894
0.419944
0.423652
0.395626
0.436163
0.405771
0.400204
0.400209
0.403385
0.406394
0.387583
0.386482
0.389454
0.380233
0.359322
0.37155
0.360451
0.373568
0.360597
0.354658
0.360974
0.364446
0.34396
0.346802
0.334198
0.348983
0.335509
0.343438
0.333698
0.344314
0.336373
0.33177
0.337986
0.340244
0.339829
0.343454
0.346253
0.344381
0.345763
0.351332
0.36719
0.379707
0.367121
0.375065
0.358053
0.359853
0.345026
0.346896
0.340185
0.341092
0.336001
0.341665
0.342258
0.352409
0.342984
0.342424
0.35752
0.355428
0.363087
0.348561
0.388941
0.362099
0.36321
0.355891
0.348574
0.360712
0.362277
0.370438
0.415349
0.414668
0.407474
0.414408
0.50613
0.506411
0.4913
0.45961
0.506373
0.422566
0.453729
0.45979
0.482622
0.472515
0.452285
0.451082
0.494479
0.463282
0.464547
0.477894
0.470691
0.491497
0.448292
0.436759
0.472162
0.452145
0.401615
0.383925
0.404983
0.453226
0.458844
0.410758
0.403866
0.396469
0.407921
0.44302
0.436822
0.374692
0.422143
0.421203
0.419989
0.400868
0.411172
0.464367
0.402665
0.41913
0.441547
0.430827
0.427349
0.385425
0.422415
0.415246
0.408238
0.414713
0.413125
0.38744
0.372384
0.366452
0.372663
0.369964
0.360304
0.355585
0.368921
0.379213
0.391534
0.383528
0.365005
0.368521
0.371937
0.397938
0.392358
0.370919
0.357592
0.382132
0.394428
0.395878
0.391857
0.40007
0.412741
0.400724
0.382383
0.381629
0.402216
0.404645
0.399628
0.416349
0.379918
0.452727
0.442827
0.458412
0.4252
0.41598
0.444247
0.405084
0.370905
0.408789
0.431331
0.477242
0.443956
0.471827
0.468961
0.424948
0.3851
0.428224
0.482113
0.518159
0.526961
0.478584
0.446569
0.444862
0.440985
0.425391
0.434111
0.467942
0.433671
0.450683
0.425702
0.439473
0.402149
0.425111
0.413554
0.427348
0.413296
0.413577
0.412713
0.400708
0.408931
0.396217
0.421224
0.420807
0.449144
0.462931
0.411128
0.443919
0.392915
0.453671
0.422221
0.425626
0.415754
0.425875
0.3754
0.377253
0.395942
0.38201
0.376055
0.355599
0.358761
0.367574
0.37985
0.379461
0.407372
0.401902
0.390721
0.407789
0.386879
0.396651
0.390951
0.391476
0.432021
0.401477
0.403662
0.414652
0.375257
0.38645
0.390086
0.42669
0.430495
0.407537
0.436171
0.440347
0.442408
0.442881
0.420623
0.393907
0.416931
0.433113
0.428396
0.434158
0.406552
0.384909
0.373237
0.373205
0.431082
0.418938
0.442754
0.451912
0.443483
0.433
0.485146
0.499614
0.441538
0.414767
0.434746
0.496956
0.446403
0.47894
0.484188
0.439584
0.401221
0.377777
0.373651
0.385464
0.380618
0.410269
0.418489
0.403597
0.392742
0.388828
0.417524
0.435788
0.409786
0.390556
0.40931
0.421297
0.437659
0.48958
0.401631
0.438253
0.457781
0.440982
0.449475
0.513133
0.511603
0.45794
0.476561
0.418099
0.440725
0.475368
0.430401
0.406759
0.392714
0.417051
0.371627
0.354518
0.355803
0.353222
0.350793
0.374426
0.387814
0.400656
0.41136
0.380418
0.430215
0.464613
0.453622
0.404585
0.42068
0.379869
0.384278
0.375809
0.40036
0.405558
0.382662
0.392795
0.383238
0.389106
0.40665
0.419833
0.424274
0.473586
0.436339
0.468757
0.420985
0.387216
0.391049
0.379407
0.366936
0.365216
0.372543
0.377478
0.415772
0.437083
0.4969
0.417155
0.44107
0.413075
0.378921
0.452942
0.477786
0.482513
0.415264
0.441604
0.428935
0.468458
0.500174
0.467089
0.501011
0.459487
0.424021
0.374421
0.434807
0.479561
0.426255
0.442743
0.450943
0.42028
0.42586
0.424047
0.456002
0.392724
0.452671
0.448968
0.435322
0.392053
0.388081
0.414357
0.385681
0.39345
0.42197
0.395625
0.406144
0.403966
0.386531
0.371119
0.373788
0.363445
0.346948
0.355259
0.353769
0.370787
0.379909
0.400441
0.408801
0.391254
0.391849
0.397585
0.414124
0.410001
0.408547
0.432744
0.434384
0.396479
0.379728
0.411353
0.387905
0.387828
0.379441
0.353075
0.344127
0.353394
0.366729
0.388752
0.437656
0.421737
0.429955
0.435461
0.492631
0.486341
0.38492
0.404192
0.413068
0.397992
0.371795
0.41844
0.466877
0.424722
0.384822
0.45258
0.441018
0.436143
0.421183
0.446778
0.475697
0.445998
0.462178
0.402714
0.403276
0.402089
0.404712
0.405458
0.384023
0.365652
0.369371
0.357806
0.355749
0.36365
0.357988
0.352905
0.359042
0.349002
0.347374
0.35176
0.360304
0.367394
0.36265
0.361485
0.380325
0.394726
0.399964
0.397266
0.406559
0.421035
0.397878
0.410113
0.386534
0.399452
0.384842
0.391179
0.368153
0.355855
0.356527
0.354137
0.357499
0.353519
0.351263
0.375085
0.369078
0.379332
0.386131
0.368031
0.378332
0.403686
0.415103
0.443859
0.436808
0.395609
0.389477
0.430201
0.424911
0.409995
0.447064
0.406128
0.366761
0.375245
0.372589
0.385281
0.381039
0.404823
0.426834
0.420812
0.456838
0.427866
0.442512
0.41275
0.407469
0.391344
0.394496
0.381125
0.367438
0.376918
0.394814
0.412008
0.388857
0.390629
0.400239
0.408761
0.420117
0.415482
0.423043
0.432686
0.447875
0.428238
0.448428
0.467142
0.397096
0.490691
0.468927
0.448375
0.371489
0.36244
0.452891
0.482262
0.406883
0.419472
0.454284
0.451724
0.484092
0.43855
0.414165
0.389641
0.406042
0.383282
0.359838
0.365396
0.361688
0.351609
0.352185
0.343901
0.353674
0.352248
0.344291
0.345887
0.36107
0.388942
0.391528
0.371212
0.376655
0.398035
0.399234
0.382536
0.367717
0.361864
0.348331
0.360376
0.357709
0.351067
0.347849
0.348524
0.356019
0.362528
0.347356
0.355031
0.372544
0.393938
0.385689
0.405298
0.435442
0.472592
0.483513
0.478488
0.446172
0.434389
0.398848
0.433451
0.406223
0.434488
0.418808
0.401397
0.405493
0.419072
0.461802
0.442042
0.44752
0.462952
0.478053
0.514553
0.413179
0.403422
0.422103
0.442366
0.431312
0.432323
0.39704
0.408593
0.421705
0.409667
0.429707
0.440811
0.444755
0.453356
0.438318
0.433274
0.410553
0.431455
0.403056
0.398034
0.392762
0.375068
0.362966
0.354114
0.358329
0.357442
0.389146
0.408826
0.424743
0.428876
0.43113
0.438725
0.440347
0.434439
0.415584
0.40426
0.386545
0.3802
0.380433
0.387425
0.397829
0.404909
0.413579
0.467431
0.487565
0.444517
0.42342
0.426132
0.441739
0.435794
0.432111
0.404208
0.445165
0.42572
0.474445
0.419916
0.404799
0.388908
0.381057
0.377687
0.369064
0.364251
0.35574
0.352451
0.373365
0.356733
0.363973
0.360897
0.374239
0.374586
0.403361
0.41611
0.414609
0.406014
0.4388
0.437776
0.465382
0.444133
0.415885
0.378842
0.488318
0.507567
0.511369
0.492987
0.453559
0.418224
0.447777
0.437524
0.385433
0.37764
0.363667
0.353568
0.35362
0.36248
0.37117
0.388783
0.39011
0.388883
0.377547
0.355748
0.365949
0.376399
0.362738
0.386194
0.404747
0.459925
0.489488
0.436289
0.483642
0.436954
0.433713
0.509519
0.466565
0.425606
0.402199
0.415485
0.442443
0.450975
0.45374
0.472796
0.436921
0.420606
0.388609
0.428455
0.405745
0.388637
0.389283
0.398794
0.40868
0.436111
0.424545
0.434182
0.406829
0.396925
0.384248
0.395504
0.407549
0.434983
0.412257
0.391256
0.380569
0.377968
0.370635
0.373914
0.379135
0.370493
0.381506
0.385318
0.352939
0.363845
0.360619
0.359512
0.355283
0.342595
0.34427
0.345973
0.353644
0.351309
0.357922
0.343667
0.347807
0.363711
0.357588
0.371875
0.362569
0.358656
0.383437
0.379632
0.370957
0.382489
0.364841
0.366435
0.359013
0.354116
0.359301
0.349101
0.350345
0.352154
0.363338
0.374447
0.376725
0.395794
0.365524
0.363121
0.372139
0.395794
0.423969
0.397029
0.39462
0.376613
0.373174
0.379147
0.385748
0.384102
0.384491
0.403193
0.385581
0.397677
0.413022
0.404272
0.38737
0.384459
0.37489
0.377252
0.362569
0.353472
0.352597
0.358497
0.351103
0.345583
0.343995
0.339675
0.348749
0.358102
0.388715
0.374244
0.360743
0.366224
0.381313
0.376109
0.407317
0.388776
0.380353
0.412291
0.425394
0.416577
0.359358
0.378371
0.399306
0.4003
0.386442
0.382993
0.37931
0.372597
0.360877
0.35522
0.38307
0.357778
0.348255
0.355777
0.354712
0.362266
0.365719
0.359015
0.361125
0.365708
0.367053
0.367585
0.356223
0.361727
0.377147
0.358918
0.349814
0.354152
0.363257
0.360485
0.366824
0.367449
0.395001
0.404338
0.393468
0.394867
0.385802
0.393751
0.395791
0.407275
0.36586
0.398985
0.407267
0.427013
0.392752
0.402805
0.403484
0.392946
0.424732
0.43106
0.409706
0.40297
0.395118
0.418512
0.404044
0.418125
0.380869
0.409482
0.42593
0.374973
0.381284
0.391262
0.398301
0.426619
0.384425
0.399772
0.391182
0.396197
0.397637
0.389562
0.390757
0.392322
0.388842
0.380205
0.375371
0.382136
0.367856
0.371121
0.371629
0.362239
0.361542
0.363648
0.356293
0.358979
0.367647
0.380905
0.367423
0.364086
0.374471
0.369145
0.381023
0.377563
0.358175
0.361935
0.341255
0.337797
0.33907
0.342529
0.343
0.3456
0.348343
0.346413
0.362201
0.37154
0.367217
0.374835
0.343678
0.356989
0.357265
0.365519
0.356518
0.344431
0.353612
0.352089
0.371608
0.378696
0.368431
0.386599
0.399083
0.395162
0.380047
0.396791
0.401265
0.387421
0.365665
0.348738
0.35494
0.344393
0.332317
0.336894
0.345887
0.336488
0.346787
0.336403
0.338486
0.347393
0.360169
0.390103
0.376302
0.377132
0.389734
0.392279
0.373424
0.395974
0.416144
0.408328
0.381807
0.377171
0.366809
0.359434
0.356754
0.377285
0.395424
0.393492
0.389302
0.403019
0.395752
0.422716
0.409147
0.418401
0.387525
0.407822
0.449054
0.425115
0.408379
0.393983
0.388942
0.398685
0.417073
0.405535
0.40612
0.39633
0.36842
0.365932
0.37564
0.388952
0.442459
0.429842
0.414414
0.388945
0.394687
0.404464
0.406034
0.415833
0.425066
0.422789
0.382488
0.368984
0.367718
0.36779
0.360216
0.368289
0.374118
0.373727
0.367398
0.364854
0.348888
0.364558
0.352458
0.349963
0.344429
0.338726
0.360323
0.374666
0.352589
0.365407
0.361545
0.355422
0.352538
0.368501
0.375135
0.378019
0.400087
0.388816
0.396046
0.418871
0.431242
0.452324
0.458464
0.418449
0.408202
0.419905
0.49426
0.476994
0.494229
0.435823
0.485375
0.484617
0.519089
0.48901
0.418084
0.405079
0.387241
0.379481
0.38388
0.379566
0.400609
0.383866
0.390483
0.397104
0.402804
0.414094
0.404474
0.382368
0.392994
0.421394
0.42345
0.412754
0.395821
0.394493
0.377645
0.370338
0.380638
0.35899
0.368263
0.380983
0.398414
0.405849
0.401196
0.398051
0.42323
0.396939
0.37308
0.374786
0.376026
0.386687
0.39779
0.41125
0.399733
0.425322
0.406334
0.432995
0.462407
0.429576
0.475143
0.497076
0.439243
0.437492
0.522398
0.43054
0.482851
0.471103
0.417735
0.440777
0.423893
0.441539
0.445313
0.453766
0.451832
0.454443
0.482912
0.457118
0.475259
0.434656
0.47087
0.447927
0.426632
0.481157
0.452341
0.476353
0.514512
0.470393
0.456901
0.51438
0.491629
0.50291
0.500827
0.474275
0.524237
0.551362
0.554428
0.502528
0.470886
0.531151
0.490402
0.378436
0.369104
0.354786
0.372021
0.36511
0.361928
0.366484
0.376849
0.368392
0.37438
0.386072
0.400298
0.393071
0.385086
0.399277
0.390588
0.399285
0.421386
0.42758
0.440573
0.404536
0.38892
0.381205
0.370666
0.371375
0.372898
0.372236
0.371788
0.384082
0.390273
0.392309
0.399345
0.448534
0.428066
0.458002
0.421227
0.46211
0.492817
0.463614
0.510563
0.471619
0.476849
0.456076
0.436861
0.440852
0.418762
0.407295
0.432092
0.478159
0.535591
0.524019
0.517225
0.490396
0.421181
0.493746
0.492926
0.469298
0.424207
0.449006
0.403553
0.396144
0.432379
0.430467
0.398428
0.389099
0.398497
0.353945
0.389409
0.391248
0.369952
0.368135
0.374153
0.371084
0.356321
0.376598
0.391204
0.392425
0.383412
0.367129
0.364829
0.366817
0.366414
0.370662
0.360088
0.3538
0.368131
0.376612
0.388264
0.38053
0.398387
0.426181
0.404956
0.380921
0.377583
0.375526
0.3758
0.40125
0.388068
0.384773
0.381808
0.37764
0.386237
0.384241
0.381005
0.407818
0.398519
0.376041
0.364507
0.378013
0.378358
0.366656
0.367132
0.365457
0.357472
0.374855
0.374243
0.389377
0.38911
0.395827
0.400612
0.396467
0.419914
0.432945
0.429195
0.436518
0.44274
0.403164
0.388596
0.385866
0.407765
0.393497
0.368887
0.370382
0.359055
0.35776
0.359705
0.366567
0.369147
0.39475
0.407105
0.424417
0.397075
0.4367
0.44224
0.468227
0.431743
0.468483
0.411746
0.435563
0.441666
0.398876
0.387032
0.413552
0.419103
0.42083
0.40797
0.421673
0.390045
0.387606
0.430962
0.436842
0.443795
0.468338
0.438852
0.422931
0.397631
0.436115
0.428821
0.407759
0.427987
0.443736
0.458615
0.426175
0.450577
0.440254
0.416513
0.445558
0.462984
0.491115
0.447567
0.472586
0.445484
0.439997
0.471543
0.533045
0.454957
0.502501
0.480716
0.500099
0.482647
0.546942
0.560349
0.439426
0.38666
0.430109
0.452896
0.451203
0.532357
0.534373
0.46158
0.459474
0.487488
0.429766
0.442195
0.436908
0.430187
0.41665
0.420789
0.420904
0.408794
0.435629
0.412238
0.390987
0.399274
0.400387
0.421573
0.450719
0.389663
0.415811
0.42077
0.463268
0.444718
0.443936
0.383158
0.387122
0.409695
0.411382
0.39528
0.382187
0.384757
0.383638
0.38588
0.398904
0.418613
0.400247
0.413853
0.39584
0.403694
0.392093
0.387561
0.388396
0.391241
0.405844
0.417602
0.414704
0.39753
0.394751
0.400109
0.396231
0.398537
0.420646
0.420513
0.417819
0.398749
0.386783
0.387932
0.390437
0.38029
0.380849
0.38152
0.391558
0.396161
0.414931
0.405373
0.394659
0.383351
0.366637
0.370543
0.385224
0.399593
0.413993
0.419915
0.422756
0.452528
0.443681
0.45538
0.41907
0.418594
0.417899
0.403912
0.383737
0.373659
0.36941
0.369312
0.36816
0.39083
0.452476
0.371583
0.357062
0.360724
0.352823
0.358365
0.362707
0.352093
0.366341
0.3618
0.366496
0.367628
0.353054
0.354775
0.350617
0.34389
0.353097
0.345584
0.350173
0.343066
0.35188
0.357763
0.362878
0.351358
0.371109
0.358175
0.353516
0.356386
0.335129
0.332839
0.348018
0.337457
0.341435
0.341628
0.341247
0.355412
0.350211
0.336752
0.336838
0.347023
0.351935
0.345274
0.353194
0.355586
0.366158
0.357204
0.363059
0.360953
0.373154
0.354519
0.354784
0.352444
0.340256
0.352845
0.356356
0.366085
0.373414
0.377155
0.362655
0.356305
0.347211
0.33999
0.346148
0.344778
0.343862
0.349279
0.356118
0.353695
0.353114
0.350207
0.361439
0.375098
0.368206
0.370252
0.389409
0.380628
0.368729
0.373911
0.390426
0.385309
0.395833
0.395695
0.371596
0.38019
0.373622
0.418585
0.393625
0.37939
0.360705
0.370193
0.351798
0.351512
0.344036
0.343193
0.345203
0.348942
0.356328
0.347696
0.358548
0.355657
0.364062
0.354972
0.374284
0.362148
0.362668
0.369064
0.379838
0.385846
0.369869
0.397598
0.392599
0.389876
0.369373
0.377561
0.398221
0.397923
0.373444
0.354571
0.352812
0.35989
0.369038
0.36516
0.377569
0.387891
0.39077
0.393545
0.382239
0.38957
0.382281
0.430309
0.384789
0.398784
0.394811
0.408062
0.378152
0.358434
0.343773
0.372972
0.384842
0.390535
0.373123
0.372264
0.37228
0.365729
0.373707
0.366943
0.370371
0.368044
0.357239
0.364337
0.387825
0.391181
0.40192
0.41627
0.422362
0.372684
0.413805
0.416894
0.392115
0.361016
0.367916
0.407781
0.377454
0.407998
0.397573
0.409477
0.445304
0.442728
0.479242
0.453513
0.409288
0.428783
0.424717
0.446478
0.443563
0.406463
0.418716
0.453526
0.454169
0.506332
0.440425
0.517092
0.475054
0.487617
0.496055
0.431844
0.454458
0.522195
0.471683
0.490465
0.481694
0.501351
0.401966
0.450786
0.387843
0.385053
0.380805
0.390532
0.397417
0.385469
0.388248
0.398472
0.372627
0.388675
0.396545
0.426773
0.423972
0.463356
0.413981
0.435766
0.448602
0.449329
0.430713
0.405188
0.413689
0.393818
0.414966
0.382985
0.414268
0.415426
0.386374
0.396119
0.404692
0.414336
0.442616
0.414047
0.43902
0.431267
0.419435
0.415907
0.429144
0.419669
0.417466
0.408042
0.429347
0.435119
0.401892
0.427794
0.398554
0.37155
0.378596
0.402519
0.426249
0.387238
0.390195
0.375266
0.367833
0.356277
0.347871
0.351724
0.344728
0.346598
0.355486
0.359635
0.37133
0.361639
0.348563
0.352192
0.38021
0.355143
0.359179
0.352905
0.356037
0.370102
0.383767
0.395316
0.404383
0.398568
0.383999
0.395278
0.381642
0.422225
0.407024
0.380735
0.382226
0.368518
0.359984
0.358298
0.374369
0.370357
0.402516
0.374554
0.36759
0.371953
0.383219
0.363546
0.365324
0.380373
0.38349
0.393358
0.404467
0.40457
0.403873
0.393709
0.37704
0.40672
0.384197
0.388665
0.385978
0.362685
0.360325
0.398004
0.394481
0.384911
0.382919
0.406001
0.428053
0.380107
0.390748
0.382433
0.390118
0.378548
0.369288
0.366405
0.348043
0.347909
0.358849
0.341594
0.342505
0.342148
0.34546
0.353962
0.353861
0.345159
0.346291
0.329985
0.347816
0.355046
0.348946
0.345345
0.341121
0.348765
0.352862
0.366788
0.366355
0.363021
0.365821
0.376841
0.358081
0.360975
0.35954
0.366318
0.374573
0.398545
0.405861
0.408436
0.41797
0.4058
0.394629
0.390641
0.396649
0.397453
0.397842
0.396271
0.412859
0.370906
0.365982
0.363173
0.353459
0.353382
0.35353
0.36275
0.354872
0.356723
0.347282
0.350795
0.354367
0.356169
0.350583
0.369501
0.383908
0.387509
0.429624
0.404683
0.384489
0.359287
0.366943
0.385555
0.378155
0.390742
0.403393
0.413757
0.378865
0.376378
0.371544
0.372312
0.381924
0.373318
0.366058
0.412545
0.38336
0.379187
0.381938
0.379788
0.430535
0.424166
0.431618
0.450709
0.485159
0.487366
0.499253
0.390554
0.402698
0.42194
0.42899
0.42988
0.44333
0.426661
0.439188
0.428339
0.420717
0.406319
0.42136
0.423382
0.390823
0.382046
0.39686
0.392895
0.372354
0.369774
0.380981
0.382697
0.374443
0.364579
0.368775
0.372157
0.365748
0.370915
0.364675
0.3662
0.379781
0.403905
0.392384
0.392275
0.383488
0.445401
0.463296
0.452868
0.468273
0.461655
0.485876
0.403212
0.510084
0.480285
0.446414
0.448267
0.457265
0.367305
0.471655
0.447039
0.428849
0.401121
0.441525
0.548768
0.570679
0.525406
0.567424
0.544707
0.475694
0.526422
0.466506
0.497488
0.470202
0.54395
0.548038
0.480793
0.465287
0.438414
0.467417
0.428527
0.431339
0.457601
0.49716
0.501231
0.516092
0.486638
0.486052
0.534112
0.529304
0.513021
0.510032
0.5464
0.520033
0.45642
0.459284
0.475577
0.426724
0.413392
0.394511
0.395237
0.405625
0.381307
0.368762
0.36537
0.372532
0.375963
0.389803
0.400164
0.395029
0.39981
0.399698
0.38073
0.382894
0.399189
0.38589
0.401157
0.398763
0.424491
0.412552
0.405132
0.401542
0.405099
0.398856
0.428789
0.422166
0.366569
0.383364
0.382289
0.366862
0.365185
0.356519
0.362232
0.370905
0.365798
0.360735
0.374086
0.382829
0.379233
0.375058
0.370477
0.379818
0.381803
0.388798
0.387277
0.37843
0.363604
0.369149
0.382175
0.396414
0.407932
0.414089
0.429107
0.428254
0.406782
0.452296
0.437681
0.443411
0.408513
0.384155
0.385077
0.407477
0.380043
0.35406
0.355697
0.353485
0.356604
0.354117
0.354438
0.339269
0.339952
0.348254
0.345935
0.351706
0.348263
0.366524
0.350318
0.359786
0.350095
0.345764
0.357348
0.346547
0.341485
0.34927
0.351864
0.345616
0.353871
0.342242
0.344826
0.34559
0.341368
0.338818
0.349104
0.347022
0.346041
0.360506
0.3599
0.367807
0.365558
0.370711
0.381902
0.40915
0.419185
0.429585
0.421124
0.418066
0.418551
0.386763
0.405239
0.424383
0.423679
0.423215
0.433034
0.424105
0.434847
0.410454
0.407981
0.404788
0.390322
0.428095
0.385736
0.377165
0.371909
0.361412
0.351848
0.355693
0.358935
0.355109
0.361803
0.366111
0.352564
0.34905
0.35662
0.35123
0.344662
0.362785
0.366896
0.361662
0.363239
0.380163
0.37873
0.390586
0.398004
0.372657
0.398958
0.418948
0.395151
0.407016
0.426558
0.393564
0.383358
0.416111
0.405176
0.425238
0.414476
0.408428
0.399121
0.396781
0.39257
0.385733
0.394812
0.406502
0.407886
0.444001
0.425761
0.400372
0.38338
0.360532
0.35983
0.361663
0.345956
0.340397
0.349749
0.351569
0.344432
0.343878
0.34847
0.351982
0.350829
0.362315
0.345717
0.357403
0.355334
0.354711
0.365087
0.344132
0.347992
0.349447
0.345164
0.33127
0.343682
0.342965
0.349761
0.348045
0.351354
0.339925
0.33686
0.351644
0.348771
0.342066
0.354719
0.361739
0.37697
0.378364
0.36445
0.368438
0.373638
0.3693
0.349605
0.353554
0.360939
0.352875
0.343521
0.376614
0.396343
0.401874
0.383828
0.369397
0.36802
0.365485
0.357782
0.372066
0.384591
0.372797
0.375204
0.374138
0.372677
0.367778
0.372223
0.380552
0.397283
0.394446
0.400194
0.408147
0.401469
0.401475
0.414821
0.412231
0.424658
0.418337
0.385577
0.385298
0.396988
0.402765
0.372805
0.368054
0.367938
0.359786
0.35141
0.374836
0.374579
0.352222
0.358816
0.373633
0.391798
0.387532
0.395604
0.391272
0.4282
0.42131
0.403789
0.416989
0.407274
0.371438
0.377183
0.380274
0.399384
0.366635
0.376567
0.371246
0.367332
0.369563
0.364215
0.383046
0.372887
0.41719
0.3945
0.389865
0.390418
0.40361
0.412012
0.39437
0.378757
0.387054
0.378115
0.36574
0.359187
0.356553
0.355669
0.35079
0.348163
0.351739
0.348522
0.356185
0.36242
0.352132
0.335852
0.345222
0.344575
0.344471
0.36409
0.370532
0.377131
0.376608
0.378752
0.363687
0.384776
0.361812
0.36226
0.361049
0.347215
0.357875
0.353565
0.35395
0.365752
0.346005
0.361674
0.371258
0.385963
0.406657
0.392286
0.387067
0.374759
0.395819
0.382421
0.375282
0.358206
0.365467
0.364012
0.364977
0.371618
0.35593
0.374809
0.381648
0.389855
0.377114
0.371123
0.370579
0.354073
0.352893
0.346588
0.36231
0.363002
0.371988
0.373745
0.364003
0.374586
0.359978
0.369162
0.358138
0.36209
0.359599
0.377042
0.390614
0.401893
0.404186
0.39933
0.389303
0.372636
0.39007
0.398099
0.389045
0.405296
0.395081
0.387797
0.356322
0.358501
0.352789
0.355661
0.372654
0.390705
0.397509
0.400952
0.36678
0.373904
0.361391
0.364659
0.366724
0.359971
0.365545
0.348126
0.339989
0.34503
0.334247
0.348765
0.344148
0.343862
0.346047
0.337803
0.345282
0.344933
0.355088
0.366577
0.37567
0.397663
0.384535
0.386954
0.369604
0.364545
0.367375
0.359261
0.366395
0.378896
0.379669
0.376362
0.390352
0.376743
0.358515
0.377909
0.395308
0.374835
0.385514
0.393395
0.371405
0.360026
0.363644
0.35759
0.356844
0.354098
0.348214
0.364024
0.345241
0.351357
0.348351
0.351401
0.365776
0.367273
0.381277
0.371511
0.400844
0.39595
0.413602
0.40056
0.365438
0.376738
0.354728
0.356029
0.350347
0.349665
0.351779
0.337453
0.339534
0.348823
0.373587
0.347015
0.341146
0.34241
0.347341
0.345482
0.345387
0.34842
0.350342
0.339427
0.341407
0.34811
0.346732
0.347905
0.341574
0.336808
0.333464
0.348683
0.350785
0.35861
0.341574
0.352175
0.362393
0.349809
0.36737
0.373743
0.394199
0.424808
0.408289
0.40752
0.431262
0.407747
0.414548
0.380493
0.408021
0.383366
0.384146
0.366846
0.367809
0.362917
0.367294
0.363624
0.371539
0.378496
0.389622
0.382857
0.37765
0.365227
0.375097
0.379128
0.385049
0.388258
0.407627
0.397834
0.396541
0.380203
0.37131
0.379341
0.372315
0.396643
0.407828
0.410616
0.3751
0.371576
0.378333
0.375521
0.356241
0.356195
0.374261
0.399735
0.353156
0.357769
0.401831
0.407556
0.392726
0.42846
0.42725
0.391347
0.394018
0.39846
0.441574
0.411429
0.415175
0.403626
0.394498
0.381598
0.378393
0.383132
0.366428
0.375148
0.374016
0.368461
0.357857
0.355279
0.362286
0.364385
0.350479
0.353185
0.357957
0.359812
0.3789
0.380361
0.404416
0.392283
0.386987
0.385199
0.370146
0.36354
0.350215
0.348363
0.336345
0.353206
0.342784
0.340744
0.333053
0.34377
0.352529
0.360953
0.372085
0.379937
0.369773
0.353515
0.354703
0.354119
0.384717
0.41056
0.403874
0.387957
0.367275
0.354658
0.355317
0.352006
0.35018
0.349887
0.354307
0.355459
0.360936
0.362111
0.378302
0.3972
0.400914
0.407267
0.38458
0.386184
0.417067
0.385408
0.364108
0.351577
0.347443
0.345234
0.355283
0.355555
0.35419
0.354781
0.36377
0.385459
0.394222
0.389285
0.400324
0.366189
0.361086
0.372026
0.357558
0.362745
0.351623
0.368239
0.356395
0.360976
0.373325
0.36912
0.365395
0.362605
0.378606
0.38369
0.364873
0.343937
0.353662
0.349191
0.352572
0.350812
0.35861
0.364851
0.351637
0.352936
0.357359
0.368821
0.373321
0.377156
0.374194
0.389473
0.386811
0.398998
0.379964
0.419902
0.425616
0.412104
0.437276
0.430543
0.42929
0.438979
0.424632
0.445223
0.433786
0.401329
0.406598
0.403849
0.426212
0.421913
0.415654
0.404588
0.388289
0.387546
0.383564
0.418121
0.425602
0.38894
0.375626
0.389206
0.395814
0.420108
0.439302
0.490191
0.548551
0.519626
0.57444
0.54676
0.509786
0.507974
0.461392
0.451927
0.454564
0.434519
0.449617
0.436199
0.448481
0.415838
0.410121
0.390919
0.38272
0.412408
0.433777
0.422561
0.413536
0.417684
0.442493
0.457893
0.446413
0.398887
0.405525
0.402842
0.413008
0.391515
0.388511
0.381446
0.38577
0.39817
0.404708
0.401878
0.414753
0.437657
0.453813
0.450748
0.416912
0.407169
0.381229
0.37932
0.364903
0.353415
0.359107
0.352203
0.35258
0.375228
0.393748
0.393799
0.427509
0.437195
0.436507
0.42504
0.388301
0.390803
0.393324
0.39845
0.392293
0.416884
0.439213
0.444964
0.423524
0.418489
0.364575
0.361408
0.363653
0.355006
0.344514
0.353337
0.34537
0.353796
0.343588
0.352599
0.352483
0.349992
0.355125
0.367902
0.348562
0.356435
0.353562
0.350079
0.357289
0.355381
0.354473
0.354904
0.350095
0.356074
0.346304
0.353544
0.349943
0.347901
0.343595
0.353565
0.347476
0.362835
0.343348
0.341573
0.347254
0.34452
0.345406
0.343981
0.346342
0.350787
0.344253
0.354196
0.341446
0.348892
0.343036
0.351084
0.35312
0.353143
0.366318
0.378563
0.394702
0.43332
0.450861
0.442649
0.425074
0.424601
0.385844
0.37629
0.407638
0.400635
0.389611
0.39944
0.419144
0.406397
0.393991
0.378778
0.389742
0.392962
0.390779
0.405875
0.370436
0.383082
0.409201
0.394232
0.415225
0.410599
0.417213
0.41434
0.373539
0.383131
0.383047
0.365644
0.366948
0.37209
0.384489
0.400688
0.378936
0.37496
0.378477
0.369307
0.371587
0.385407
0.376718
0.434026
0.420443
0.393559
0.377245
0.372247
0.354567
0.364623
0.365494
0.361295
0.343757
0.361369
0.363298
0.372471
0.369712
0.374869
0.356193
0.363528
0.34825
0.346923
0.346756
0.356153
0.374855
0.378913
0.385982
0.37996
0.39561
0.378508
0.401982
0.417799
0.410083
0.405445
0.380049
0.39994
0.413558
0.422277
0.418358
0.407389
0.398362
0.41361
0.399076
0.378449
0.378237
0.373665
0.384866
0.39447
0.3771
0.373003
0.365721
0.37431
0.366385
0.388617
0.389697
0.372526
0.400548
0.39566
0.416132
0.405725
0.402989
0.390674
0.396351
0.373045
0.355049
0.360238
0.368993
0.378885
0.370795
0.375296
0.374542
0.368534
0.370977
0.396206
0.379841
0.407098
0.39511
0.390855
0.393862
0.393413
0.374212
0.386341
0.403761
0.40874
0.394608
0.406183
0.42678
0.388955
0.398203
0.409342
0.413058
0.407821
0.409924
0.386189
0.407294
0.430399
0.399071
0.400266
0.406756
0.415069
0.407497
0.406742
0.389506
0.371653
0.390397
0.393302
0.427827
0.402458
0.437215
0.41272
0.405119
0.383116
0.414196
0.365395
0.399292
0.428041
0.404101
0.415875
0.386972
0.405063
0.425069
0.426894
0.395258
0.392391
0.408784
0.39294
0.362373
0.405479
0.377484
0.398953
0.381915
0.379404
0.350272
0.375097
0.370875
0.354324
0.356441
0.351709
0.348966
0.339738
0.339833
0.34376
0.348364
0.341382
0.352607
0.363589
0.360158
0.377571
0.359407
0.354223
0.368552
0.370613
0.368303
0.374561
0.36397
0.358611
0.359419
0.354512
0.369326
0.368756
0.369341
0.369288
0.384637
0.394724
0.356326
0.348138
0.350354
0.345856
0.351987
0.355452
0.379783
0.390903
0.363977
0.36608
0.36511
0.36719
0.365695
0.373579
0.382553
0.374538
0.407499
0.375204
0.386583
0.3963
0.387979
0.381722
0.378894
0.36669
0.359348
0.368582
0.374494
0.373407
0.381828
0.366879
0.350282
0.355297
0.36086
0.355451
0.352851
0.351388
0.340987
0.356011
0.35139
0.365029
0.360413
0.373501
0.362578
0.362212
0.370011
0.372584
0.362561
0.341419
0.346028
0.34859
0.34943
0.332478
0.340144
0.344857
0.34461
0.346499
0.344298
0.357407
0.358845
0.387637
0.380202
0.374073
0.359179
0.381486
0.390403
0.348892
0.391929
0.382022
0.37272
0.387394
0.375366
0.34946
0.371213
0.373266
0.371502
0.391755
0.379174
0.382594
0.404033
0.394442
0.414491
0.415982
0.384817
0.394069
0.381166
0.37433
0.371573
0.386177
0.400166
0.386603
0.382826
0.38726
0.368845
0.397324
0.407399
0.384266
0.37015
0.353128
0.355882
0.355834
0.358262
0.375659
0.377947
0.391751
0.387592
0.38535
0.369853
0.358279
0.362026
0.355234
0.354289
0.349465
0.344102
0.358942
0.361149
0.379665
0.392173
0.388334
0.406044
0.384496
0.365874
0.371329
0.371577
0.388026
0.403117
0.401061
0.38787
0.374153
0.359589
0.362121
0.38057
0.389233
0.435624
0.413622
0.393805
0.382611
0.386508
0.383331
0.372707
0.370414
0.371974
0.37152
0.359242
0.351139
0.367829
0.359027
0.359552
0.367067
0.380958
0.398249
0.38133
0.384774
0.446154
0.451367
0.433701
0.44082
0.434917
0.48226
0.440006
0.469315
0.475151
0.433721
0.462226
0.436578
0.478161
0.460267
0.448581
0.434519
0.431567
0.398008
0.394777
0.40652
0.429184
0.433117
0.402334
0.415559
0.44523
0.473519
0.437598
0.443033
0.460467
0.504184
0.47958
0.43002
0.422829
0.430437
0.39178
0.413627
0.437464
0.510482
0.438484
0.462735
0.440652
0.435091
0.413434
0.392446
0.394456
0.391011
0.382153
0.378108
0.372071
0.360358
0.36898
0.380182
0.385157
0.416531
0.403786
0.401884
0.400051
0.385381
0.390372
0.398948
0.385143
0.365284
0.368777
0.385848
0.415017
0.427748
0.472681
0.444216
0.450873
0.51244
0.505247
0.460756
0.412213
0.465436
0.436381
0.440589
0.405617
0.40019
0.381731
0.373925
0.377564
0.389769
0.409833
0.411682
0.424167
0.448302
0.462748
0.429381
0.415469
0.385108
0.392947
0.386768
0.374428
0.388104
0.392147
0.420352
0.430003
0.438696
0.42035
0.422855
0.397286
0.403187
0.397732
0.399075
0.411971
0.409048
0.435449
0.454442
0.431888
0.40858
0.391815
0.375009
0.36046
0.35124
0.348867
0.368799
0.366169
0.362226
0.367551
0.386844
0.384501
0.372258
0.360352
0.354216
0.357604
0.351209
0.360776
0.360295
0.363779
0.362156
0.373471
0.371178
0.385224
0.382782
0.386299
0.373679
0.398507
0.419283
0.457455
0.435547
0.46108
0.445435
0.418882
0.400579
0.426252
0.452274
0.451738
0.464417
0.405061
0.372936
0.47499
0.451548
0.424149
0.461947
0.472382
0.496043
0.476778
0.460438
0.447587
0.468322
0.417398
0.448863
0.434849
0.437702
0.418785
0.423238
0.448016
0.46875
0.453182
0.513515
0.500999
0.459844
0.52397
0.461283
0.513983
0.495054
0.451083
0.44035
0.540673
0.490197
0.504615
0.46145
0.485311
0.468808
0.427677
0.459307
0.438786
0.422748
0.429548
0.43478
0.450201
0.467143
0.408098
0.387845
0.422456
0.428301
0.448099
0.472146
0.465884
0.450221
0.423421
0.417479
0.430243
0.425588
0.439898
0.417557
0.404668
0.450177
0.415566
0.408257
0.42765
0.459172
0.445603
0.444604
0.426497
0.431677
0.406383
0.383509
0.37383
0.37682
0.368145
0.372082
0.37674
0.389214
0.430741
0.432192
0.42261
0.419816
0.420039
0.407617
0.405907
0.386177
0.401716
0.391246
0.408667
0.423815
0.441996
0.410818
0.419225
0.435494
0.42513
0.436366
0.449701
0.442983
0.42359
0.420281
0.418431
0.449152
0.411179
0.401885
0.413017
0.419529
0.418755
0.414897
0.422087
0.405648
0.384937
0.366504
0.378039
0.385128
0.392278
0.408231
0.422542
0.407974
0.372371
0.38016
0.419654
0.428719
0.422563
0.391096
0.381279
0.368361
0.371364
0.369185
0.368267
0.373885
0.372677
0.392367
0.418623
0.412528
0.412549
0.401979
0.388653
0.388285
0.408024
0.427216
0.428185
0.390428
0.418049
0.418369
0.413041
0.393617
0.403332
0.410099
0.433162
0.371721
0.397667
0.454608
0.447336
0.434599
0.447403
0.486868
0.483741
0.444572
0.490812
0.515362
0.501785
0.403946
0.406105
0.421077
0.490191
0.496759
0.529291
0.531562
0.465201
0.483943
0.434243
0.448936
0.489739
0.455527
0.44038
0.430967
0.453342
0.476316
0.484612
0.457368
0.462043
0.499521
0.382756
0.431131
0.393338
0.395675
0.421197
0.485601
0.400842
0.425229
0.432323
0.449106
0.475309
0.456501
0.43882
0.450752
0.516299
0.47269
0.478919
0.454793
0.415157
0.470607
0.508662
0.476258
0.482809
0.501572
0.516135
0.435701
0.436197
0.36416
0.362179
0.410001
0.423461
0.407647
0.40036
0.37644
0.401624
0.402999
0.401947
0.380788
0.369427
0.360088
0.3589
0.351459
0.353081
0.358917
0.372137
0.366892
0.348609
0.362943
0.357242
0.38357
0.375996
0.37591
0.367925
0.391785
0.413004
0.427593
0.418698
0.415866
0.426571
0.39882
0.397928
0.374686
0.354522
0.360287
0.362464
0.361089
0.35233
0.351331
0.353353
0.356882
0.379066
0.378517
0.394155
0.388264
0.372582
0.37478
0.382565
0.371117
0.352028
0.348242
0.352067
0.351765
0.354356
0.364742
0.383763
0.395698
0.372323
0.36278
0.355769
0.351428
0.339391
0.340485
0.336711
0.351808
0.343507
0.352726
0.346331
0.343925
0.34358
0.336647
0.338118
0.348287
0.348051
0.355644
0.348856
0.348253
0.355362
0.36113
0.368111
0.36021
0.369975
0.375367
0.392552
0.389787
0.380138
0.371781
0.368157
0.364897
0.348467
0.374971
0.363077
0.379548
0.434827
0.43291
0.389187
0.372275
0.361487
0.361343
0.368408
0.377668
0.383479
0.379676
0.383237
0.365193
0.364036
0.36267
0.357956
0.360803
0.37372
0.360125
0.361145
0.363691
0.377541
0.357328
0.38082
0.379284
0.386571
0.374861
0.368768
0.370458
0.3476
0.349916
0.360073
0.365166
0.376196
0.38054
0.381499
0.381088
0.376939
0.372739
0.37896
0.375704
0.389966
0.373357
0.378792
0.387026
0.388251
0.396561
0.402737
0.384518
0.384373
0.387958
0.384672
0.385478
0.391736
0.404184
0.402923
0.383579
0.401483
0.371462
0.4006
0.424809
0.430479
0.420481
0.41508
0.401943
0.389743
0.385485
0.372623
0.36875
0.355028
0.350723
0.353071
0.34567
0.348434
0.358622
0.355079
0.336619
0.35103
0.345879
0.342451
0.344178
0.344366
0.351842
0.355044
0.35212
0.355722
0.36559
0.374874
0.386785
0.369839
0.355065
0.355256
0.345706
0.359649
0.368825
0.381451
0.391549
0.404751
0.392959
0.378321
0.374948
0.382958
0.341503
0.359691
0.37098
0.352001
0.34467
0.329848
0.351155
0.333371
0.339733
0.346889
0.344583
0.347134
0.351571
0.358324
0.371056
0.381232
0.380568
0.391475
0.404922
0.393058
0.409917
0.40075
0.395224
0.417594
0.448184
0.39292
0.42626
0.420971
0.431124
0.399223
0.434018
0.407911
0.395204
0.424928
0.390659
0.421587
0.389984
0.421306
0.408991
0.421713
0.387311
0.420976
0.414891
0.398506
0.387555
0.367969
0.356486
0.358542
0.374809
0.391701
0.391551
0.375268
0.370081
0.356532
0.354441
0.360629
0.356423
0.373006
0.371743
0.378307
0.379296
0.36234
0.379275
0.384826
0.388508
0.382346
0.384008
0.379848
0.409594
0.395809
0.377665
0.371808
0.365387
0.343101
0.345126
0.351528
0.360921
0.359668
0.379621
0.376042
0.36335
0.356317
0.36987
0.383527
0.366739
0.349045
0.355736
0.366424
0.357773
0.356382
0.361386
0.374316
0.381437
0.396852
0.388225
0.393205
0.376474
0.357097
0.360691
0.364133
0.366079
0.38174
0.355554
0.354584
0.351242
0.365159
0.362591
0.359306
0.358386
0.374321
0.380681
0.38544
0.387896
0.382657
0.387159
0.389514
0.398445
0.382859
0.383403
0.372355
0.373869
0.385375
0.380448
0.372679
0.371014
0.381051
0.402275
0.418467
0.398413
0.410386
0.387166
0.390037
0.369969
0.370505
0.390842
0.395225
0.396294
0.406027
0.402462
0.39393
0.399978
0.408404
0.405366
0.413377
0.413242
0.401844
0.40625
0.411823
0.383597
0.368457
0.363638
0.346649
0.350371
0.348705
0.350607
0.349852
0.355864
0.364693
0.367542
0.394241
0.388269
0.389804
0.390545
0.40476
0.399187
0.406242
0.397534
0.368545
0.382749
0.382321
0.374851
0.375164
0.363156
0.371841
0.373591
0.365198
0.378664
0.354741
0.397266
0.386018
0.393692
0.431557
0.416864
0.408841
0.412574
0.410433
0.419274
0.454692
0.456707
0.429278
0.421329
0.436053
0.43693
0.420915
0.400772
0.393121
0.394366
0.373136
0.372234
0.383539
0.365949
0.352069
0.373157
0.381223
0.408661
0.421437
0.408923
0.43749
0.39532
0.370766
0.377519
0.390145
0.404611
0.424348
0.400988
0.421827
0.452181
0.442502
0.452908
0.426995
0.458691
0.456822
0.427859
0.42852
0.422249
0.441909
0.443239
0.416913
0.406868
0.399258
0.437186
0.426536
0.414372
0.398216
0.391327
0.395587
0.37751
0.391503
0.440559
0.395525
0.426076
0.41781
0.384209
0.36555
0.380495
0.392465
0.384278
0.414936
0.437036
0.42518
0.466276
0.463516
0.433709
0.469453
0.467996
0.463158
0.488653
0.476976
0.454096
0.429722
0.452414
0.418256
0.469583
0.508425
0.436951
0.520606
0.534582
0.577258
0.551818
0.586148
0.537575
0.566091
0.520818
0.560451
0.499419
0.467882
0.407794
0.394632
0.428492
0.491814
0.452086
0.484548
0.493987
0.508441
0.551878
0.464635
0.454465
0.479247
0.494358
0.421925
0.38823
0.374044
0.376187
0.390486
0.391953
0.365117
0.349056
0.347619
0.348476
0.352026
0.346668
0.351046
0.368264
0.372513
0.363007
0.372903
0.356159
0.347181
0.356196
0.359551
0.381938
0.37234
0.361875
0.346727
0.349246
0.371694
0.358795
0.348101
0.351742
0.354256
0.3529
0.351327
0.353665
0.362887
0.363632
0.384918
0.385433
0.371931
0.367356
0.37991
0.366175
0.378953
0.358561
0.355653
0.361106
0.372341
0.356779
0.360287
0.359516
0.368157
0.374965
0.388153
0.378761
0.39153
0.392381
0.383124
0.419336
0.395089
0.416249
0.414767
0.389461
0.423703
0.411049
0.391397
0.399706
0.403965
0.396608
0.412455
0.410539
0.405447
0.411219
0.419928
0.431939
0.42915
0.365126
0.436282
0.444562
0.393808
0.396616
0.409369
0.401826
0.410089
0.408076
0.407828
0.426673
0.403555
0.418655
0.416432
0.41324
0.478169
0.505123
0.393642
0.393019
0.389202
0.399877
0.41981
0.400437
0.422142
0.381135
0.374466
0.416617
0.405634
0.40164
0.382374
0.397084
0.381151
0.428274
0.39362
0.422297
0.438003
0.417137
0.407285
0.411082
0.420288
0.390234
0.384322
0.376394
0.397316
0.39988
0.378654
0.389701
0.413112
0.4177
0.396975
0.400957
0.373682
0.390868
0.398837
0.388929
0.396114
0.401059
0.422806
0.39345
0.394441
0.397122
0.405606
0.420165
0.408508
0.478086
0.533677
0.455079
0.472169
0.478171
0.445804
0.434564
0.44944
0.399056
0.383691
0.38925
0.381481
0.416878
0.480479
0.469201
0.434713
0.405908
0.384287
0.381702
0.369907
0.361884
0.372725
0.392762
0.372985
0.424397
0.445174
0.430107
0.433397
0.437085
0.402221
0.38249
0.385032
0.369738
0.361207
0.377138
0.361862
0.362648
0.355038
0.370908
0.366112
0.390948
0.394561
0.442721
0.449015
0.439559
0.451873
0.443902
0.406894
0.4626
0.421675
0.382454
0.369974
0.400285
0.440736
0.406583
0.41621
0.400217
0.421745
0.416221
0.402007
0.451465
0.431587
0.4662
0.458093
0.429732
0.457736
0.44382
0.436347
0.428731
0.422771
0.442444
0.431191
0.443896
0.427948
0.403026
0.384221
0.404469
0.445742
0.440327
0.438958
0.443834
0.445465
0.435315
0.429636
0.441444
0.457442
0.484018
0.51699
0.511377
0.505025
0.509569
0.482383
0.484485
0.48344
0.514051
0.407563
0.401561
0.405551
0.386089
0.405821
0.369928
0.366553
0.358426
0.358885
0.354473
0.349636
0.356086
0.369383
0.36473
0.357655
0.374013
0.363887
0.352611
0.350224
0.34605
0.354682
0.375967
0.345121
0.344577
0.346675
0.35536
0.350286
0.347257
0.339822
0.341322
0.35197
0.343899
0.344165
0.34645
0.343673
0.346675
0.358308
0.368812
0.371382
0.392635
0.376908
0.362114
0.371824
0.379659
0.362003
0.34709
0.35194
0.354376
0.357148
0.361636
0.377182
0.389701
0.376559
0.375238
0.395189
0.387789
0.387027
0.375092
0.388382
0.388878
0.382284
0.374611
0.358444
0.362469
0.366297
0.371186
0.369043
0.370633
0.369795
0.376657
0.381962
0.38068
0.384829
0.394904
0.379411
0.384009
0.407089
0.393917
0.383577
0.441538
0.483267
0.472243
0.477184
0.446772
0.500682
0.441682
0.433299
0.497687
0.512928
0.531664
0.505805
0.515034
0.50624
0.483686
0.48257
0.492603
0.398842
0.392964
0.381093
0.372821
0.379733
0.388355
0.396551
0.422411
0.394154
0.431739
0.458085
0.439277
0.405982
0.403654
0.40026
0.40305
0.371089
0.380607
0.397746
0.408007
0.391321
0.387793
0.374781
0.355231
0.342806
0.359289
0.350451
0.359006
0.368617
0.372408
0.35769
0.352159
0.379852
0.397848
0.386378
0.390437
0.393601
0.367025
0.367426
0.36295
0.358004
0.359653
0.36074
0.346287
0.361529
0.363751
0.356538
0.35001
0.350781
0.349283
0.374817
0.389554
0.389835
0.391558
0.391912
0.364581
0.384897
0.376591
0.359684
0.344098
0.344248
0.34628
0.342307
0.343994
0.34539
0.356024
0.348638
0.362521
0.369955
0.369022
0.377252
0.362724
0.358233
0.384743
0.354619
0.375629
0.366242
0.367604
0.371315
0.374868
0.373955
0.357576
0.363671
0.360356
0.358887
0.350502
0.344873
0.355026
0.345508
0.355524
0.36916
0.381304
0.38951
0.41148
0.402595
0.458152
0.481713
0.445166
0.490996
0.438497
0.425992
0.449003
0.441053
0.427281
0.422792
0.407985
0.417965
0.384838
0.47221
0.441996
0.463608
0.466474
0.452152
0.392724
0.409574
0.373375
0.378684
0.394904
0.399758
0.435699
0.403586
0.384833
0.443418
0.386369
0.438459
0.393107
0.374458
0.367869
0.367701
0.362193
0.382204
0.386329
0.416941
0.405514
0.420551
0.429205
0.440704
0.40653
0.457197
0.446827
0.443769
0.442334
0.473438
0.401437
0.418798
0.435099
0.419589
0.395165
0.392627
0.427499
0.410409
0.452868
0.404503
0.4364
0.388989
0.407012
0.371234
0.376808
0.367983
0.36055
0.357679
0.357808
0.361236
0.356521
0.35803
0.361227
0.364608
0.375698
0.382389
0.406988
0.435151
0.41816
0.43803
0.47952
0.435134
0.502966
0.44011
0.444584
0.425989
0.557579
0.501941
0.455396
0.508063
0.422537
0.399767
0.456459
0.448074
0.413528
0.416853
0.402409
0.439978
0.413455
0.450318
0.450686
0.492581
0.502681
0.456804
0.483766
0.443006
0.440025
0.401399
0.469172
0.483994
0.521662
0.522188
0.488696
0.521536
0.448186
0.473062
0.444376
0.438082
0.480548
0.476764
0.469062
0.492266
0.484399
0.477963
0.437928
0.391688
0.395024
0.397749
0.389133
0.3956
0.375259
0.382455
0.379799
0.375136
0.37653
0.374655
0.382217
0.378827
0.392347
0.428362
0.42192
0.444055
0.455089
0.432778
0.418652
0.431649
0.42861
0.432055
0.3782
0.435623
0.421166
0.45475
0.480181
0.480079
0.415567
0.474094
0.473015
0.439786
0.422945
0.41904
0.384325
0.366248
0.363246
0.35548
0.346323
0.346343
0.354307
0.371636
0.374415
0.365247
0.378448
0.361891
0.352587
0.365455
0.375697
0.37759
0.404675
0.411777
0.382445
0.388496
0.400905
0.394615
0.406582
0.416118
0.418886
0.412679
0.412777
0.452546
0.434058
0.42692
0.438299
0.425949
0.456766
0.484407
0.527969
0.448054
0.500336
0.477708
0.459691
0.466437
0.438671
0.396439
0.371548
0.366649
0.378574
0.409452
0.417367
0.412144
0.400841
0.429092
0.416312
0.444568
0.413417
0.389921
0.442567
0.480442
0.427653
0.439062
0.452587
0.416287
0.405665
0.409622
0.433643
0.427712
0.422614
0.432521
0.417637
0.431398
0.386114
0.384756
0.38031
0.376362
0.372347
0.386261
0.385082
0.37718
0.380581
0.395073
0.44895
0.401752
0.393025
0.367869
0.370748
0.377408
0.37055
0.377936
0.393335
0.388923
0.383783
0.386786
0.381523
0.388352
0.424343
0.446719
0.482574
0.468862
0.414039
0.471506
0.435208
0.409843
0.365488
0.351824
0.367984
0.402149
0.395013
0.399431
0.431019
0.438666
0.44029
0.48745
0.433753
0.456482
0.441161
0.445018
0.420242
0.40289
0.406398
0.417502
0.484578
0.388652
0.416683
0.407147
0.402733
0.426916
0.43609
0.428272
0.438385
0.419715
0.380442
0.371353
0.366772
0.36365
0.360815
0.361753
0.350468
0.352748
0.371327
0.384515
0.383751
0.3976
0.390825
0.402568
0.392227
0.400268
0.392993
0.413906
0.406165
0.421427
0.424573
0.384161
0.382612
0.39875
0.404283
0.399366
0.435731
0.403558
0.400464
0.375755
0.39257
0.419525
0.380716
0.380626
0.400559
0.383007
0.38791
0.379996
0.372769
0.368795
0.351831
0.366688
0.389374
0.409688
0.398429
0.432862
0.398636
0.391761
0.384216
0.367916
0.371965
0.372112
0.375047
0.396275
0.391444
0.371579
0.361059
0.359442
0.376953
0.376793
0.37489
0.382138
0.394898
0.398258
0.405349
0.410192
0.413886
0.405813
0.392072
0.395667
0.3992
0.395003
0.36992
0.377053
0.3631
0.369231
0.368659
0.39656
0.401997
0.435771
0.389785
0.393865
0.381885
0.382084
0.379424
0.381448
0.38402
0.382926
0.380534
0.382492
0.395938
0.410015
0.418402
0.382359
0.410833
0.408608
0.378988
0.372928
0.360317
0.360524
0.359226
0.351069
0.34482
0.343185
0.359457
0.364755
0.359647
0.338827
0.339792
0.350847
0.350417
0.353864
0.350301
0.358647
0.363071
0.374011
0.40132
0.396354
0.426023
0.410547
0.403131
0.408623
0.382266
0.378704
0.378498
0.359479
0.350366
0.336577
0.338716
0.351418
0.348217
0.353074
0.358193
0.351719
0.347017
0.356996
0.369927
0.387078
0.403979
0.38531
0.382439
0.38178
0.364887
0.365426
0.349002
0.354997
0.368746
0.349353
0.361739
0.354506
0.349152
0.354185
0.371459
0.382208
0.369324
0.381904
0.379508
0.377878
0.362772
0.363571
0.370558
0.381457
0.379149
0.377109
0.367908
0.352004
0.378444
0.399963
0.39748
0.426666
0.408388
0.399125
0.407618
0.421344
0.426198
0.38317
0.391736
0.408196
0.420128
0.402082
0.378846
0.405743
0.413567
0.430509
0.443526
0.412711
0.400296
0.388031
0.390302
0.357303
0.356724
0.394639
0.388459
0.416456
0.424123
0.43803
0.44127
0.422165
0.409617
0.403049
0.393772
0.433102
0.459455
0.4227
0.408084
0.375191
0.355849
0.34146
0.401502
0.381691
0.38985
0.360595
0.362139
0.359858
0.367692
0.369612
0.369997
0.367467
0.38122
0.366757
0.365844
0.382511
0.37957
0.376816
0.36542
0.371645
0.372795
0.370401
0.370258
0.365224
0.35792
0.343334
0.344123
0.342361
0.339712
0.342964
0.342959
0.355689
0.352061
0.341188
0.340556
0.333826
0.33482
0.348148
0.346928
0.342191
0.349214
0.342804
0.340687
0.362164
0.363683
0.355182
0.363254
0.367079
0.387779
0.404047
0.386947
0.383839
0.379645
0.390771
0.409275
0.407718
0.393156
0.389978
0.376362
0.38399
0.393285
0.39206
0.426332
0.381043
0.378564
0.392453
0.377638
0.372493
0.384118
0.37881
0.367638
0.37888
0.423888
0.457407
0.425363
0.425702
0.43465
0.410879
0.422201
0.409237
0.442248
0.42001
0.395465
0.470285
0.414883
0.379298
0.386148
0.420621
0.391777
0.383914
0.405123
0.421446
0.467984
0.435877
0.397817
0.377992
0.385097
0.381071
0.385338
0.405709
0.434507
0.403502
0.442279
0.416702
0.39534
0.380292
0.379587
0.397022
0.404952
0.433919
0.413676
0.405511
0.462283
0.471893
0.464732
0.424582
0.393322
0.439651
0.44017
0.41862
0.421175
0.411325
0.41913
0.406387
0.387028
0.36786
0.371451
0.364904
0.376147
0.377015
0.384573
0.402625
0.423277
0.440082
0.467246
0.417018
0.429212
0.475919
0.515567
0.452676
0.459872
0.46117
0.406281
0.518897
0.566517
0.556385
0.51222
0.560489
0.579538
0.549679
0.486108
0.564561
0.585749
0.559844
0.560845
0.599634
0.513381
0.464427
0.416776
0.416491
0.43919
0.414493
0.396954
0.388925
0.40036
0.406903
0.39662
0.404459
0.393869
0.369292
0.356478
0.394585
0.398018
0.405308
0.41231
0.414609
0.382222
0.387971
0.39361
0.39146
0.395725
0.398684
0.450975
0.38699
0.410407
0.397045
0.389157
0.380701
0.378758
0.366882
0.380798
0.358787
0.35051
0.346071
0.349336
0.350076
0.343758
0.349668
0.36316
0.35432
0.357613
0.342212
0.339183
0.351947
0.354581
0.352238
0.374149
0.365118
0.377883
0.380677
0.382395
0.386287
0.390513
0.384132
0.393395
0.41391
0.390041
0.356502
0.42976
0.425411
0.381851
0.410134
0.378198
0.3654
0.393908
0.384552
0.381256
0.376863
0.400424
0.429784
0.408396
0.414636
0.384622
0.385563
0.389119
0.381025
0.363571
0.376849
0.376649
0.384307
0.394775
0.374779
0.363695
0.357715
0.353649
0.357785
0.391594
0.379462
0.364246
0.365119
0.352618
0.349646
0.343581
0.353269
0.359915
0.364752
0.365468
0.372168
0.389246
0.384088
0.408478
0.400548
0.389186
0.372327
0.36023
0.352298
0.35581
0.352232
0.357357
0.348705
0.348109
0.344185
0.348765
0.342777
0.35119
0.355811
0.352586
0.357059
0.369259
0.387534
0.405255
0.41511
0.440257
0.473987
0.412838
0.434009
0.442742
0.497401
0.442916
0.458702
0.412111
0.463703
0.46621
0.430706
0.427981
0.440626
0.487938
0.396429
0.443965
0.437921
0.462912
0.457368
0.438868
0.400589
0.393212
0.40103
0.389772
0.407578
0.401378
0.435754
0.427652
0.39896
0.388948
0.402321
0.407239
0.401227
0.375139
0.371279
0.371515
0.401893
0.400518
0.410359
0.408999
0.383661
0.359021
0.356516
0.347072
0.349937
0.357188
0.363096
0.374653
0.401704
0.395849
0.396669
0.385562
0.392047
0.393331
0.425056
0.413292
0.420809
0.377124
0.398679
0.403141
0.396861
0.413769
0.401133
0.38094
0.378065
0.387945
0.388366
0.397381
0.376819
0.369582
0.364492
0.362011
0.376054
0.391778
0.432571
0.409586
0.379512
0.383738
0.38577
0.38892
0.413375
0.411201
0.396456
0.408965
0.42713
0.399556
0.413145
0.405463
0.417275
0.378756
0.417776
0.40757
0.410641
0.415395
0.398134
0.420498
0.448392
0.447327
0.444818
0.444138
0.418784
0.429803
0.423121
0.489721
0.473143
0.421345
0.393785
0.405717
0.445685
0.424796
0.406498
0.444219
0.440751
0.428266
0.407229
0.455919
0.51516
0.472425
0.467687
0.462817
0.413167
0.428208
0.434621
0.447837
0.409741
0.458435
0.420568
0.438206
0.441211
0.433094
0.418934
0.422325
0.434691
0.428808
0.449096
0.473607
0.450781
0.463036
0.443266
0.425244
0.394201
0.389583
0.380773
0.405209
0.395355
0.379387
0.384652
0.393959
0.377849
0.361601
0.355756
0.352976
0.347064
0.338892
0.353641
0.356215
0.351515
0.366513
0.375699
0.37123
0.424681
0.425313
0.385481
0.38807
0.401751
0.376436
0.388371
0.391489
0.408018
0.422828
0.455374
0.432868
0.412504
0.394342
0.412458
0.417066
0.412323
0.450527
0.414089
0.426474
0.430511
0.390957
0.368436
0.383864
0.383392
0.405452
0.398782
0.423631
0.405808
0.400498
0.432428
0.438025
0.441477
0.489177
0.421694
0.499691
0.50397
0.444251
0.41372
0.410123
0.392464
0.375698
0.376342
0.40109
0.425713
0.41458
0.420799
0.415641
0.404339
0.391153
0.371066
0.367453
0.373679
0.377242
0.376677
0.405404
0.397885
0.407014
0.435832
0.443789
0.410265
0.44643
0.390522
0.442193
0.518244
0.465959
0.458544
0.430226
0.396109
0.39596
0.418844
0.482872
0.394382
0.464173
0.492217
0.469154
0.454735
0.41201
0.460298
0.41702
0.385944
0.479522
0.450904
0.522173
0.450882
0.468917
0.467743
0.511016
0.536712
0.527237
0.501943
0.51098
0.515568
0.520136
0.536603
0.521829
0.453048
0.537896
0.504776
0.488131
0.486858
0.507629
0.493699
0.464135
0.488865
0.464059
0.465522
0.485996
0.520796
0.563376
0.553272
0.546068
0.581597
0.53622
0.542416
0.530568
0.528836
0.532806
0.534935
0.574127
0.595843
0.586563
0.598473
0.594618
0.564514
0.500158
0.479889
0.417419
0.47901
0.481927
0.453269
0.482298
0.476443
0.422229
0.402009
0.395982
0.39338
0.423333
0.467782
0.449547
0.424608
0.428165
0.40512
0.381018
0.37224
0.400258
0.400224
0.45652
0.443445
0.455325
0.469119
0.427943
0.411588
0.418262
0.43422
0.43876
0.406106
0.439721
0.410217
0.386666
0.360114
0.361456
0.362541
0.359132
0.367418
0.372267
0.387702
0.404762
0.407682
0.431926
0.428688
0.454059
0.445813
0.449844
0.458365
0.452654
0.43147
0.457102
0.431292
0.448291
0.43367
0.423052
0.429318
0.426142
0.445676
0.42988
0.395739
0.371465
0.388021
0.419309
0.410067
0.392308
0.392919
0.41664
0.397534
0.400116
0.407146
0.386231
0.371873
0.350358
0.361171
0.379035
0.373249
0.378718
0.385187
0.380341
0.409864
0.447363
0.403733
0.375678
0.394829
0.411714
0.405667
0.397452
0.417729
0.407972
0.384907
0.393933
0.424652
0.410195
0.420218
0.400398
0.363091
0.390717
0.385477
0.398032
0.408414
0.404201
0.400194
0.404059
0.391432
0.394839
0.377389
0.405703
0.414971
0.42946
0.417496
0.42377
0.436744
0.43795
0.438685
0.425036
0.447901
0.403145
0.406291
0.371529
0.413686
0.410653
0.417282
0.375204
0.377976
0.423829
0.407762
0.41146
0.412581
0.421195
0.378551
0.410899
0.44412
0.416001
0.432839
0.427211
0.403026
0.368975
0.386236
0.394168
0.37428
0.388372
0.414299
0.407347
0.394977
0.392981
0.400127
0.429719
0.495105
0.496536
0.43675
0.44038
0.425159
0.44972
0.398681
0.464239
0.396796
0.426642
0.418937
0.438342
0.443483
0.421386
0.429038
0.453006
0.455316
0.449695
0.441201
0.458218
0.407598
0.387652
0.401971
0.372989
0.365506
0.36235
0.365904
0.363908
0.370709
0.362417
0.39053
0.358302
0.354795
0.357279
0.353163
0.35547
0.34629
0.342124
0.34706
0.347966
0.332943
0.345024
0.349072
0.343026
0.355209
0.345018
0.358579
0.348133
0.351169
0.363668
0.382215
0.383427
0.380943
0.392097
0.368545
0.384657
0.404252
0.398528
0.382283
0.376235
0.376714
0.393801
0.373683
0.365476
0.375113
0.403624
0.375154
0.398524
0.418472
0.412007
0.381546
0.388638
0.403223
0.394584
0.366241
0.356881
0.352121
0.348852
0.354983
0.348039
0.362359
0.352931
0.357576
0.361175
0.362247
0.360206
0.371767
0.405407
0.388508
0.421656
0.431646
0.429854
0.437406
0.485936
0.47435
0.487479
0.445842
0.495613
0.493637
0.480609
0.496939
0.506349
0.534435
0.495187
0.461353
0.404234
0.397119
0.400329
0.404716
0.42479
0.487892
0.406221
0.364249
0.392523
0.416952
0.462343
0.44747
0.412287
0.428384
0.407234
0.381383
0.387579
0.416881
0.433219
0.469981
0.46839
0.459006
0.480269
0.458422
0.476003
0.53571
0.531446
0.418645
0.452924
0.46861
0.411449
0.370207
0.346392
0.364804
0.378572
0.370043
0.378979
0.371269
0.375403
0.370869
0.358855
0.373967
0.411082
0.440834
0.391196
0.413048
0.384734
0.390853
0.395932
0.403831
0.453176
0.499525
0.446153
0.431994
0.421444
0.395813
0.371669
0.404225
0.367228
0.364804
0.387168
0.391186
0.404498
0.386454
0.382414
0.376682
0.370984
0.391588
0.411033
0.391871
0.402853
0.385636
0.40267
0.423258
0.423747
0.380881
0.442794
0.439821
0.408418
0.410464
0.408476
0.394268
0.38898
0.383209
0.439414
0.43232
0.395019
0.396979
0.444895
0.424078
0.421634
0.477796
0.489223
0.485104
0.475975
0.431268
0.435291
0.374364
0.378936
0.413197
0.431842
0.43106
0.421738
0.446832
0.486537
0.482772
0.505478
0.409779
0.469485
0.442953
0.461425
0.49692
0.480773
0.422695
0.438235
0.514845
0.486556
0.403893
0.424674
0.430067
0.417923
0.399893
0.382534
0.382021
0.380068
0.363476
0.369526
0.402363
0.403398
0.383761
0.372192
0.366917
0.371126
0.367997
0.376125
0.370957
0.381164
0.387568
0.392235
0.419481
0.410779
0.439386
0.426532
0.407528
0.410731
0.403119
0.389939
0.403874
0.425295
0.401233
0.410058
0.450223
0.435617
0.445207
0.416818
0.414565
0.437651
0.434287
0.409918
0.393399
0.346882
0.343893
0.368264
0.436924
0.39071
0.433175
0.432923
0.436544
0.427825
0.461191
0.413306
0.387169
0.398976
0.430785
0.456074
0.472494
0.498039
0.435849
0.417785
0.406263
0.425217
0.404668
0.432242
0.421408
0.460272
0.407119
0.470234
0.443231
0.474279
0.408987
0.439591
0.453603
0.462899
0.462107
0.498065
0.520148
0.467074
0.475051
0.427231
0.428504
0.422365
0.436182
0.426003
0.433646
0.440211
0.43609
0.452028
0.406424
0.473418
0.447015
0.455264
0.428163
0.450115
0.418123
0.453343
0.463735
0.474606
0.466482
0.450199
0.480782
0.482293
0.477396
0.47904
0.492826
0.548773
0.553483
0.550385
0.56116
0.58468
0.488936
0.510274
0.571941
0.577958
0.589402
0.567587
0.525523
0.575809
0.547909
0.547368
0.502939
0.532443
0.489809
0.452659
0.433441
0.411366
0.406243
0.370273
0.366854
0.394778
0.386577
0.389649
0.415625
0.461793
0.415685
0.371544
0.381811
0.447175
0.391697
0.44685
0.461876
0.430418
0.439713
0.436059
0.432965
0.426948
0.381262
0.391663
0.432801
0.437335
0.417872
0.44242
0.4666
0.403662
0.435832
0.449409
0.417708
0.430532
0.416718
0.41909
0.388706
0.410651
0.41565
0.404806
0.384687
0.3959
0.422367
0.396046
0.420018
0.407899
0.344433
0.363454
0.421634
0.436198
0.435201
0.48423
0.466707
0.407041
0.427621
0.432887
0.424913
0.408825
0.438365
0.452184
0.440332
0.420439
0.389697
0.419925
0.387061
0.382464
0.364618
0.364121
0.368014
0.363619
0.366192
0.359088
0.367683
0.359759
0.352153
0.361157
0.354843
0.3545
0.34686
0.35686
0.344465
0.349352
0.360024
0.354023
0.364696
0.362575
0.365534
0.379963
0.39421
0.399261
0.406042
0.351427
0.369878
0.383974
0.360806
0.358742
0.364237
0.370534
0.378218
0.38083
0.396318
0.377528
0.368072
0.362402
0.357716
0.397958
0.42833
0.42791
0.41313
0.389076
0.39917
0.412184
0.432688
0.428588
0.45822
0.433794
0.411748
0.389528
0.416951
0.425845
0.410537
0.431447
0.439188
0.415903
0.39333
0.37107
0.367695
0.35158
0.346515
0.349831
0.353608
0.350144
0.35364
0.351306
0.370419
0.36246
0.371627
0.37675
0.3645
0.366012
0.361769
0.36855
0.365411
0.371325
0.365948
0.3648
0.380751
0.378227
0.402113
0.392777
0.411148
0.410483
0.429367
0.483746
0.493232
0.505648
0.476324
0.462302
0.483303
0.460895
0.429694
0.482261
0.447237
0.422963
0.493329
0.483556
0.439772
0.459084
0.393093
0.372077
0.379433
0.35433
0.369706
0.401381
0.372701
0.37218
0.373089
0.371225
0.35968
0.356737
0.353158
0.366168
0.377249
0.408398
0.488854
0.474871
0.420883
0.389072
0.370275
0.386298
0.398807
0.417261
0.408267
0.411713
0.382413
0.391382
0.391001
0.495705
0.495489
0.499139
0.547807
0.504771
0.443541
0.494754
0.493336
0.444589
0.394751
0.440557
0.519386
0.570155
0.516582
0.539584
0.536905
0.501736
0.525143
0.513708
0.514784
0.498296
0.505784
0.486317
0.491169
0.523635
0.513823
0.483524
0.493021
0.460517
0.491024
0.529198
0.507077
0.511626
0.521563
0.513259
0.481937
0.528557
0.511755
0.490302
0.478112
0.442401
0.470519
0.460957
0.525883
0.385414
0.520151
0.428525
0.432038
0.427548
0.399975
0.443085
0.415872
0.460353
0.51254
0.473928
0.397257
0.486764
0.41551
0.493982
0.424487
0.471316
0.413088
0.404252
0.438148
0.429384
0.409293
0.444894
0.441331
0.43922
0.413169
0.390098
0.382721
0.37741
0.372696
0.359172
0.360526
0.360477
0.354207
0.361144
0.360142
0.371043
0.391998
0.403357
0.400218
0.39136
0.38311
0.363711
0.36804
0.366612
0.36298
0.3621
0.372221
0.381415
0.405479
0.398376
0.407675
0.412317
0.418488
0.361192
0.400695
0.373273
0.375737
0.378084
0.368876
0.356593
0.349408
0.358891
0.37783
0.358848
0.349118
0.349641
0.34991
0.359036
0.368744
0.378535
0.393691
0.389555
0.409497
0.394093
0.382872
0.41618
0.419098
0.406589
0.402736
0.409412
0.411666
0.404005
0.400204
0.370201
0.387867
0.396521
0.379838
0.362376
0.360067
0.362809
0.350994
0.35492
0.353487
0.356418
0.35802
0.353549
0.338281
0.347732
0.352394
0.353686
0.358487
0.383063
0.387713
0.373713
0.379307
0.376565
0.378978
0.390802
0.405762
0.395839
0.394397
0.352257
0.361069
0.387814
0.382893
0.360501
0.356282
0.355584
0.364739
0.360086
0.349584
0.353552
0.361069
0.387622
0.365966
0.357373
0.370952
0.378032
0.381789
0.425102
0.407924
0.388126
0.399114
0.381992
0.385803
0.382933
0.381582
0.38678
0.396533
0.411011
0.376857
0.40051
0.409576
0.41838
0.413343
0.42261
0.425912
0.421371
0.440182
0.404253
0.45747
0.442061
0.426516
0.473433
0.411796
0.382246
0.419413
0.427266
0.382916
0.457315
0.415441
0.455961
0.463228
0.466579
0.415098
0.467499
0.504774
0.494023
0.47437
0.446564
0.449821
0.473962
0.504973
0.466968
0.50408
0.500346
0.487316
0.426839
0.479533
0.470642
0.408755
0.425499
0.419117
0.39428
0.39074
0.389923
0.451423
0.423883
0.444508
0.453683
0.413009
0.374507
0.36948
0.391545
0.453018
0.424519
0.487799
0.42161
0.419431
0.447738
0.496022
0.478271
0.439524
0.418306
0.392883
0.373707
0.381203
0.385145
0.411483
0.446694
0.437418
0.378682
0.417696
0.429805
0.437829
0.443979
0.463838
0.42525
0.413376
0.430326
0.452678
0.421081
0.422331
0.428383
0.400725
0.412026
0.434031
0.411797
0.441368
0.476546
0.452199
0.500903
0.458734
0.449304
0.483822
0.45766
0.423706
0.412589
0.383788
0.450536
0.452793
0.450959
0.472681
0.488692
0.467171
0.510316
0.496461
0.462806
0.419805
0.436935
0.424598
0.408951
0.451307
0.433539
0.434264
0.440377
0.459179
0.499634
0.488426
0.506929
0.490501
0.386645
0.408013
0.452502
0.443914
0.41419
0.426006
0.385354
0.425378
0.374686
0.384011
0.380448
0.372782
0.368574
0.363854
0.404687
0.424403
0.436723
0.410372
0.419546
0.432869
0.434248
0.427371
0.412948
0.398491
0.399339
0.404386
0.395741
0.389272
0.369499
0.370058
0.373408
0.386226
0.378638
0.374996
0.356127
0.356412
0.356555
0.351422
0.356813
0.354846
0.354845
0.359848
0.370323
0.387445
0.400464
0.397986
0.379937
0.372621
0.362336
0.357547
0.370764
0.351114
0.370657
0.37885
0.370806
0.387528
0.367028
0.373605
0.37878
0.371262
0.358388
0.343528
0.357803
0.375019
0.379345
0.399033
0.381749
0.398743
0.383552
0.395158
0.404512
0.385643
0.381514
0.394584
0.390759
0.399988
0.402723
0.386356
0.352134
0.361157
0.37862
0.38305
0.37679
0.391157
0.390117
0.393743
0.394209
0.388585
0.469074
0.424363
0.415944
0.430733
0.420777
0.41087
0.404832
0.408264
0.378504
0.361801
0.35905
0.372783
0.507244
0.380852
0.37003
0.405034
0.359411
0.360351
0.376184
0.369562
0.369967
0.367314
0.370212
0.355835
0.378499
0.348281
0.364547
0.362415
0.37893
0.394098
0.396502
0.400417
0.398908
0.375556
0.364987
0.35985
0.382839
0.374716
0.365545
0.371544
0.364391
0.393002
0.390375
0.392125
0.367646
0.394898
0.390207
0.382214
0.386053
0.404838
0.404366
0.481226
0.454564
0.402806
0.41257
0.490386
0.484607
0.451083
0.474857
0.490427
0.457105
0.427107
0.417861
0.427413
0.460566
0.426033
0.454895
0.508675
0.508721
0.466497
0.494453
0.484782
0.492918
0.455376
0.45541
0.486475
0.465889
0.423257
0.388275
0.352945
0.402067
0.466991
0.485661
0.476874
0.454801
0.448726
0.512227
0.466547
0.480366
0.41687
0.390355
0.384469
0.373659
0.370612
0.359022
0.364819
0.361186
0.344102
0.347627
0.349598
0.348775
0.351583
0.365893
0.362206
0.369309
0.369027
0.368073
0.429444
0.395453
0.378482
0.371342
0.398252
0.398726
0.415438
0.427554
0.400895
0.369315
0.390048
0.400075
0.392047
0.405863
0.38623
0.38099
0.384413
0.385864
0.403697
0.399954
0.387746
0.406186
0.399031
0.414625
0.401872
0.396276
0.398068
0.395862
0.364933
0.400209
0.37808
0.370719
0.3662
0.381785
0.379543
0.386807
0.368206
0.350296
0.365403
0.351885
0.354852
0.346062
0.345637
0.354369
0.355377
0.348942
0.3478
0.347393
0.371231
0.388514
0.405263
0.400374
0.382228
0.38953
0.385242
0.376685
0.361609
0.355872
0.352215
0.361202
0.35469
0.339718
0.355201
0.385094
0.379316
0.372613
0.373729
0.350791
0.362174
0.359777
0.345019
0.345466
0.35448
0.360703
0.357745
0.36664
0.377997
0.366636
0.3625
0.366687
0.351065
0.342924
0.3451
0.343513
0.347631
0.338681
0.346454
0.353769
0.352672
0.346559
0.346869
0.339086
0.344183
0.353292
0.357652
0.359211
0.357971
0.362447
0.364515
0.367062
0.379837
0.406667
0.375164
0.373106
0.362298
0.353565
0.34777
0.357086
0.351928
0.363304
0.368615
0.382717
0.395476
0.394066
0.384562
0.417368
0.417209
0.411636
0.408873
0.431209
0.395009
0.430767
0.422681
0.402783
0.414639
0.410564
0.415976
0.427062
0.396611
0.380273
0.380023
0.395116
0.376887
0.384992
0.393553
0.408088
0.415993
0.404915
0.384619
0.364082
0.367761
0.375864
0.406365
0.402766
0.398525
0.388808
0.391562
0.407987
0.400927
0.393523
0.37424
0.399565
0.405463
0.389332
0.381013
0.409878
0.430949
0.412398
0.439119
0.461697
0.38511
0.398499
0.424658
0.413874
0.420326
0.440066
0.407189
0.408973
0.398054
0.43241
0.45984
0.426972
0.433709
0.463767
0.460065
0.465549
0.45491
0.451515
0.513416
0.47649
0.434743
0.44128
0.461696
0.475717
0.492286
0.462261
0.46404
0.422988
0.434185
0.438269
0.44222
0.496085
0.499509
0.473712
0.495575
0.448033
0.44127
0.448551
0.436979
0.42091
0.423257
0.430215
0.420752
0.375944
0.466522
0.459676
0.463158
0.472268
0.464764
0.443028
0.45407
0.410223
0.431876
0.422041
0.435297
0.443475
0.431284
0.440981
0.471289
0.49223
0.481566
0.442235
0.47316
0.477238
0.512978
0.492398
0.468984
0.431736
0.473919
0.507904
0.465904
0.469246
0.460195
0.461598
0.558505
0.526473
0.505692
0.486244
0.443726
0.411743
0.414767
0.408072
0.399711
0.408995
0.399037
0.416355
0.418637
0.417585
0.414809
0.439103
0.452129
0.462903
0.454106
0.42146
0.418708
0.43852
0.474445
0.456458
0.48182
0.463614
0.511779
0.503793
0.507605
0.50582
0.576651
0.591049
0.509349
0.422995
0.410533
0.429868
0.404322
0.42376
0.410865
0.449306
0.414075
0.418794
0.443006
0.421212
0.40524
0.425215
0.40921
0.375133
0.381141
0.414821
0.394699
0.41813
0.408525
0.434522
0.440802
0.437219
0.407459
0.422888
0.414007
0.405538
0.426811
0.401274
0.407056
0.425738
0.45027
0.423599
0.425436
0.429548
0.442276
0.395733
0.423415
0.408753
0.398241
0.407931
0.441788
0.411495
0.43857
0.421894
0.421637
0.445148
0.434067
0.400968
0.388758
0.39655
0.391348
0.393947
0.377083
0.413959
0.408202
0.382182
0.391087
0.382739
0.385748
0.397756
0.385866
0.346666
0.345052
0.37485
0.413433
0.39158
0.388973
0.393148
0.402583
0.376227
0.370959
0.352898
0.355609
0.36169
0.356071
0.37276
0.382732
0.385318
0.394387
0.370347
0.400683
0.430364
0.424763
0.417244
0.397036
0.403688
0.398341
0.375683
0.386329
0.395709
0.401975
0.400517
0.403314
0.386662
0.385408
0.391707
0.426784
0.408914
0.43503
0.41795
0.424696
0.421218
0.435546
0.378358
0.397866
0.403369
0.384627
0.377577
0.374643
0.394738
0.403927
0.398111
0.386795
0.40543
0.378766
0.39765
0.418478
0.415894
0.39796
0.39589
0.394725
0.393452
0.429132
0.39881
0.406354
0.441944
0.409905
0.403354
0.439078
0.403948
0.382622
0.354005
0.352822
0.359399
0.351514
0.363035
0.356945
0.339291
0.343041
0.343899
0.340383
0.34104
0.337983
0.33907
0.357351
0.336245
0.341927
0.346407
0.344132
0.351609
0.35522
0.360333
0.375055
0.394585
0.377765
0.353164
0.384079
0.372866
0.383557
0.364548
0.358616
0.344618
0.348971
0.34631
0.346688
0.336205
0.333231
0.334207
0.346488
0.346824
0.350277
0.343541
0.334891
0.345065
0.341407
0.345086
0.341691
0.342782
0.348486
0.362197
0.344028
0.349423
0.344386
0.351596
0.346654
0.354566
0.343041
0.346438
0.335078
0.334765
0.330218
0.339575
0.350878
0.339785
0.343614
0.347138
0.337383
0.339512
0.350701
0.345705
0.336208
0.359217
0.363199
0.369017
0.374884
0.380687
0.400256
0.390488
0.386854
0.371889
0.380627
0.371866
0.376618
0.370601
0.386949
0.38941
0.381219
0.361318
0.364232
0.380457
0.405085
0.360176
0.380053
0.38108
0.37199
0.360583
0.373585
0.38444
0.377205
0.37432
0.370939
0.381086
0.380937
0.398584
0.36678
0.355265
0.353482
0.349862
0.343431
0.346816
0.34348
0.344591
0.333053
0.348648
0.339318
0.344776
0.350109
0.349134
0.345416
0.347472
0.344229
0.345586
0.353071
0.356893
0.342287
0.34291
0.341079
0.340413
0.351931
0.338043
0.341391
0.342236
0.346207
0.347574
0.354138
0.342097
0.333502
0.343173
0.346828
0.346132
0.347164
0.3557
0.355196
0.367271
0.363315
0.371004
0.370524
0.35846
0.354678
0.356345
0.353963
0.356255
0.369858
0.3727
0.359356
0.366261
0.371386
0.397239
0.406671
0.398452
0.419222
0.438767
0.402306
0.372057
0.3852
0.381078
0.377093
0.393291
0.406633
0.396424
0.408684
0.430908
0.439956
0.462404
0.429297
0.431345
0.432838
0.426537
0.451374
0.406021
0.403011
0.439625
0.409633
0.384847
0.368963
0.362395
0.370934
0.377049
0.385336
0.395389
0.392486
0.381379
0.364564
0.362327
0.349932
0.361769
0.361006
0.360656
0.354758
0.359342
0.361905
0.377679
0.39042
0.404008
0.404494
0.398307
0.381596
0.373967
0.371264
0.373984
0.372944
0.379505
0.382915
0.377455
0.406319
0.403577
0.429719
0.417441
0.455873
0.479442
0.45693
0.43855
0.459952
0.481247
0.482292
0.482449
0.438888
0.499977
0.542423
0.491534
0.500533
0.54387
0.479101
0.407317
0.361001
0.385507
0.44084
0.436406
0.449395
0.420981
0.421402
0.382042
0.376029
0.408147
0.438012
0.479923
0.457061
0.489647
0.435851
0.452005
0.506928
0.425925
0.396041
0.391902
0.381358
0.375285
0.36837
0.370139
0.35503
0.353257
0.349424
0.349633
0.341215
0.343449
0.344917
0.354422
0.359326
0.363893
0.354472
0.35505
0.36438
0.371925
0.37564
0.383613
0.369077
0.38633
0.416683
0.39904
0.382819
0.403428
0.38948
0.386583
0.372644
0.379533
0.373472
0.383887
0.402779
0.420832
0.411346
0.446359
0.408858
0.408348
0.433122
0.363094
0.399036
0.379759
0.406108
0.40032
0.380074
0.371758
0.375993
0.372607
0.372415
0.377889
0.375036
0.384051
0.404338
0.383083
0.376495
0.364882
0.355118
0.344532
0.346116
0.337513
0.351301
0.351449
0.346685
0.342573
0.351499
0.342049
0.342677
0.339803
0.341613
0.353574
0.348186
0.347898
0.370085
0.38191
0.383129
0.381534
0.377918
0.368599
0.349908
0.344599
0.35257
0.336578
0.34694
0.355238
0.365532
0.352872
0.354789
0.352263
0.355443
0.363321
0.392409
0.410921
0.415249
0.432399
0.410495
0.373377
0.419964
0.403342
0.401374
0.395866
0.41029
0.412477
0.386685
0.382979
0.401683
0.397654
0.391884
0.37824
0.396215
0.410549
0.409348
0.436411
0.412625
0.409329
0.392817
0.419854
0.403644
0.399349
0.406595
0.405925
0.384074
0.389216
0.392731
0.399926
0.398833
0.387475
0.410845
0.390733
0.397538
0.396869
0.390035
0.371425
0.380065
0.397748
0.372371
0.410551
0.42338
0.409312
0.396336
0.386843
0.371324
0.367224
0.368346
0.398178
0.410608
0.418153
0.398561
0.424494
0.427454
0.476715
0.451273
0.437734
0.368966
0.42402
0.422006
0.38846
0.368999
0.353651
0.383722
0.448815
0.434528
0.376739
0.389316
0.437117
0.469494
0.466928
0.445633
0.448199
0.44273
0.446961
0.409399
0.409413
0.429032
0.403076
0.406992
0.395946
0.411694
0.40863
0.425347
0.464053
0.462504
0.440115
0.435242
0.459131
0.428062
0.469362
0.490762
0.427664
0.445543
0.462782
0.448194
0.396772
0.440876
0.46598
0.459504
0.492361
0.492681
0.453804
0.423217
0.461622
0.44246
0.406137
0.403244
0.379489
0.384528
0.382742
0.384644
0.375709
0.374348
0.374861
0.360273
0.388877
0.406332
0.412563
0.387309
0.370339
0.362949
0.35031
0.359681
0.358428
0.342537
0.347236
0.360466
0.358774
0.358935
0.358947
0.3606
0.365118
0.381881
0.378482
0.364589
0.360107
0.352982
0.36224
0.370802
0.375465
0.382011
0.4094
0.392333
0.414565
0.398934
0.386622
0.434524
0.453098
0.429718
0.409959
0.437227
0.458227
0.459414
0.417445
0.476659
0.461352
0.38304
0.427786
0.447372
0.47902
0.460441
0.527898
0.421245
0.390562
0.478718
0.486824
0.407728
0.4715
0.47282
0.431002
0.474941
0.471943
0.447694
0.46401
0.422521
0.441371
0.417922
0.43692
0.421978
0.41163
0.423563
0.414173
0.406438
0.409972
0.463549
0.478422
0.474291
0.522543
0.432452
0.51221
0.496025
0.52692
0.448442
0.464783
0.497661
0.437934
0.478038
0.459938
0.493137
0.476219
0.515756
0.460268
0.507808
0.468122
0.540619
0.515804
0.56154
0.560095
0.570486
0.580023
0.543256
0.413628
0.412992
0.416504
0.427079
0.409719
0.425518
0.44549
0.440653
0.404609
0.395533
0.388263
0.390256
0.408364
0.421446
0.410635
0.437457
0.44393
0.423025
0.402189
0.411877
0.404684
0.420362
0.398713
0.419462
0.434918
0.433281
0.470925
0.425327
0.436563
0.409801
0.427527
0.418851
0.468419
0.479031
0.42354
0.414411
0.421902
0.394021
0.410274
0.402902
0.428237
0.402824
0.42373
0.412851
0.394992
0.389456
0.356995
0.369262
0.370742
0.360313
0.370313
0.373163
0.389191
0.36697
0.364579
0.37325
0.39052
0.378127
0.410897
0.397695
0.387925
0.398261
0.400487
0.40373
0.462915
0.508434
0.453985
0.482748
0.439738
0.485245
0.454778
0.488424
0.423362
0.427601
0.420057
0.405707
0.442129
0.454933
0.417471
0.409015
0.41066
0.416327
0.467438
0.422386
0.427614
0.392078
0.380974
0.369848
0.360066
0.353613
0.379464
0.389541
0.402354
0.394513
0.39096
0.389894
0.381063
0.388391
0.374203
0.366561
0.380429
0.400219
0.408427
0.401463
0.402487
0.436516
0.396912
0.405571
0.42821
0.434718
0.396442
0.416903
0.390403
0.395272
0.370579
0.379571
0.364499
0.356044
0.364955
0.382578
0.393062
0.417498
0.405977
0.391799
0.373519
0.372503
0.37525
0.371218
0.418237
0.435793
0.411539
0.393003
0.420901
0.414216
0.402978
0.413337
0.429141
0.417541
0.407242
0.401457
0.407457
0.410903
0.422043
0.410936
0.404907
0.401032
0.368042
0.426173
0.43921
0.434479
0.446679
0.427432
0.431161
0.402224
0.462688
0.411761
0.428691
0.499583
0.456807
0.477583
0.407146
0.442874
0.489419
0.437528
0.493029
0.46948
0.438074
0.399696
0.412305
0.426125
0.435999
0.464565
0.465108
0.432024
0.421443
0.454058
0.467905
0.481676
0.474906
0.460827
0.401951
0.404246
0.427357
0.415804
0.395507
0.432643
0.426891
0.433994
0.416413
0.411413
0.420112
0.484814
0.49638
0.5367
0.468751
0.507979
0.495844
0.466206
0.501641
0.397082
0.457449
0.382576
0.370416
0.446975
0.374155
0.50386
0.538389
0.477735
0.45057
0.476165
0.47998
0.44226
0.420786
0.417543
0.417368
0.432633
0.448369
0.445548
0.440871
0.432906
0.379618
0.407958
0.41836
0.457581
0.445994
0.407599
0.423772
0.402702
0.398159
0.444932
0.472914
0.444385
0.406197
0.438162
0.434464
0.398792
0.391872
0.386197
0.378362
0.381238
0.39507
0.421868
0.455956
0.461823
0.458615
0.47592
0.439834
0.489317
0.468009
0.47415
0.482871
0.427087
0.453312
0.479761
0.410842
0.398741
0.421736
0.453233
0.431177
0.450404
0.426985
0.459436
0.442241
0.393342
0.391638
0.387324
0.381616
0.402629
0.37816
0.38306
0.378792
0.372354
0.392548
0.402931
0.421311
0.389857
0.385099
0.370504
0.372362
0.391296
0.414064
0.429144
0.441148
0.440063
0.459556
0.411833
0.398613
0.426987
0.460294
0.42535
0.442619
0.460536
0.480462
0.475773
0.417278
0.539596
0.565105
0.618067
0.593469
0.616821
0.56611
0.526169
0.605925
0.515067
0.546678
0.553111
0.491787
0.483976
0.467428
0.474772
0.537851
0.516058
0.519553
0.497341
0.454496
0.445664
0.441392
0.416669
0.411871
0.408966
0.415596
0.407848
0.422533
0.41516
0.396122
0.414324
0.425244
0.471333
0.482157
0.449346
0.42593
0.415213
0.4231
0.446541
0.449849
0.470888
0.482649
0.510797
0.496684
0.445883
0.46814
0.468408
0.461977
0.436061
0.426145
0.417976
0.411856
0.426225
0.408341
0.44731
0.465301
0.454179
0.473208
0.483402
0.45426
0.427362
0.460735
0.433091
0.415186
0.450167
0.445745
0.450917
0.43468
0.459701
0.432939
0.437265
0.415883
0.428732
0.433773
0.445857
0.438102
0.45018
0.426138
0.424741
0.465554
0.460634
0.447497
0.438913
0.441077
0.434878
0.434674
0.454212
0.415836
0.416163
0.417716
0.410264
0.402129
0.427284
0.436534
0.469498
0.482414
0.48424
0.480903
0.478246
0.495959
0.503261
0.479129
0.521935
0.486668
0.508493
0.521013
0.49925
0.485459
0.404417
0.40844
0.425162
0.424428
0.424167
0.403115
0.423025
0.382413
0.457374
0.422224
0.373066
0.388102
0.417676
0.445481
0.444597
0.411527
0.444687
0.425431
0.484784
0.50774
0.456604
0.454553
0.482879
0.448468
0.454636
0.433191
0.410186
0.395181
0.39236
0.389396
0.399884
0.402716
0.416627
0.384512
0.406461
0.392006
0.433426
0.458105
0.419292
0.430294
0.446782
0.437978
0.427223
0.428005
0.441911
0.441036
0.453301
0.502399
0.466833
0.498089
0.513374
0.502561
0.428455
0.464804
0.420365
0.38329
0.375775
0.368962
0.367206
0.373743
0.367581
0.361869
0.357793
0.359461
0.361562
0.357891
0.378897
0.364782
0.369935
0.36585
0.368734
0.357864
0.355389
0.368031
0.360884
0.37067
0.366094
0.37861
0.396467
0.393528
0.417863
0.433056
0.442575
0.489463
0.463747
0.489716
0.501661
0.500673
0.49097
0.520146
0.451452
0.485496
0.471264
0.444895
0.444647
0.40998
0.451376
0.470256
0.487767
0.491877
0.407665
0.43336
0.432016
0.434858
0.442976
0.371846
0.382018
0.460349
0.441876
0.434355
0.404199
0.401688
0.403122
0.45294
0.454472
0.454566
0.472703
0.454977
0.383438
0.361818
0.366709
0.360068
0.374339
0.404549
0.402054
0.422356
0.439212
0.424023
0.419082
0.432604
0.428587
0.435868
0.434455
0.417631
0.411998
0.411238
0.418488
0.406575
0.440213
0.460802
0.50514
0.490233
0.4197
0.414113
0.431868
0.412245
0.414263
0.41663
0.436815
0.469924
0.496294
0.48898
0.482361
0.496929
0.535198
0.565344
0.550311
0.492879
0.477432
0.498674
0.480444
0.495435
0.482158
0.499899
0.54903
0.517243
0.575879
0.581453
0.599675
0.558273
0.509669
0.55033
0.50176
0.529573
0.467126
0.515439
0.540327
0.505268
0.512277
0.519547
0.470323
0.455032
0.523241
0.437592
0.422783
0.518232
0.508836
0.439699
0.528081
0.501059
0.50258
0.440699
0.461756
0.450207
0.465552
0.479678
0.470759
0.438311
0.510838
0.530446
0.500445
0.499987
0.508718
0.436095
0.463711
0.469371
0.473914
0.429956
0.461523
0.47675
0.423445
0.418893
0.443873
0.425795
0.43375
0.426872
0.421636
0.395467
0.393435
0.413426
0.438412
0.391734
0.402801
0.393454
0.403468
0.422763
0.403381
0.395569
0.412145
0.428971
0.441235
0.420058
0.460999
0.425686
0.505071
0.501188
0.513138
0.544967
0.499032
0.482782
0.479527
0.490709
0.470859
0.427102
0.425013
0.439854
0.444753
0.511125
0.44337
0.435212
0.38232
0.405468
0.484387
0.474745
0.423654
0.449457
0.489347
0.491921
0.512605
0.438447
0.452726
0.399908
0.406187
0.402541
0.460193
0.434027
0.386019
0.492341
0.449514
0.442068
0.451691
0.397045
0.439932
0.45495
0.448745
0.434975
0.434696
0.425691
0.487378
0.477252
0.444282
0.416803
0.409557
0.459697
0.461238
0.486438
0.466808
0.409946
0.433529
0.433837
0.466343
0.535984
0.482483
0.502967
0.437472
0.516728
0.462594
0.490805
0.499776
0.402892
0.402955
0.415208
0.502865
0.514735
0.516016
0.470939
0.49163
0.479101
0.460754
0.474543
0.491344
0.50953
0.52668
0.447285
0.489981
0.515423
0.497038
0.493934
0.460773
0.419202
0.475125
0.427184
0.421033
0.505576
0.465344
0.392032
0.487462
0.46815
0.473959
0.478008
0.457504
0.509783
0.52158
0.503223
0.496339
0.440936
0.427688
0.424035
0.416921
0.37924
0.376887
0.372139
0.363121
0.354063
0.352982
0.354581
0.365712
0.365542
0.374382
0.371161
0.388313
0.383408
0.423261
0.397536
0.396062
0.401603
0.398888
0.455391
0.439326
0.451993
0.47497
0.470009
0.458845
0.475873
0.440576
0.406827
0.40956
0.443753
0.404956
0.42693
0.427302
0.424489
0.391817
0.371701
0.460263
0.405688
0.374768
0.420166
0.420625
0.473427
0.3843
0.37616
0.489305
0.468682
0.480754
0.456032
0.417356
0.450969
0.451802
0.467419
0.39312
0.371882
0.418104
0.433166
0.468027
0.449644
0.438222
0.443945
0.42755
0.45432
0.451374
0.416301
0.378412
0.357543
0.40513
0.383862
0.380033
0.37899
0.367605
0.366836
0.375939
0.377834
0.371877
0.385697
0.429005
0.459907
0.473294
0.457026
0.461537
0.510559
0.504212
0.484693
0.503814
0.516669
0.494357
0.540254
0.500707
0.50231
0.534556
0.520718
0.486923
0.519994
0.490874
0.493554
0.521654
0.506101
0.502577
0.478068
0.537036
0.490137
0.51193
0.552677
0.541944
0.518002
0.525755
0.477106
0.532335
0.593287
0.581037
0.562607
0.575633
0.542694
0.520578
0.535736
0.41873
0.430241
0.422894
0.395372
0.367069
0.361639
0.359518
0.37667
0.379655
0.385824
0.417241
0.417873
0.420055
0.424949
0.398058
0.375945
0.367587
0.380093
0.38652
0.386159
0.398695
0.399906
0.408216
0.394698
0.400832
0.395531
0.436603
0.435404
0.407398
0.394464
0.39251
0.438723
0.440105
0.434867
0.38886
0.407739
0.430716
0.430669
0.438259
0.430472
0.412102
0.409093
0.388401
0.429866
0.456127
0.449638
0.430681
0.421436
0.42778
0.45481
0.465482
0.42158
0.409575
0.397192
0.389313
0.401782
0.426546
0.399362
0.444351
0.410294
0.393549
0.386886
0.471115
0.43779
0.429064
0.421031
0.409128
0.418032
0.410378
0.403871
0.383027
0.38916
0.396974
0.378235
0.401207
0.421591
0.402252
0.379262
0.371783
0.375224
0.371385
0.374602
0.367476
0.355429
0.348203
0.348352
0.341585
0.34734
0.348968
0.345516
0.347309
0.362868
0.366792
0.36636
0.390516
0.395695
0.424851
0.393494
0.387597
0.38277
0.346448
0.352095
0.358482
0.362051
0.350775
0.366113
0.378099
0.383603
0.401031
0.41429
0.401346
0.407078
0.432127
0.426849
0.406575
0.371825
0.499064
0.477053
0.410972
0.376515
0.375622
0.372371
0.36761
0.359891
0.36659
0.372569
0.367586
0.365738
0.353237
0.355773
0.355992
0.353854
0.367436
0.384762
0.370247
0.384892
0.378131
0.362688
0.356557
0.36166
0.368003
0.355241
0.35753
0.365823
0.385631
0.426124
0.397678
0.417369
0.440696
0.428135
0.427255
0.478468
0.461386
0.411566
0.415167
0.446433
0.421423
0.457306
0.458748
0.464239
0.50755
0.444595
0.381782
0.448733
0.450072
0.43444
0.421304
0.450987
0.415809
0.420133
0.400359
0.398908
0.384335
0.379151
0.376933
0.380677
0.360998
0.363319
0.365617
0.373101
0.390505
0.382703
0.373085
0.38315
0.395665
0.378012
0.380188
0.380527
0.390105
0.400421
0.37782
0.366681
0.44024
0.42329
0.438081
0.425525
0.432103
0.447222
0.433966
0.433076
0.420724
0.425199
0.431035
0.382627
0.363866
0.354262
0.354044
0.367696
0.384937
0.412532
0.410898
0.358541
0.424041
0.420747
0.408335
0.43034
0.405115
0.382544
0.389522
0.38398
0.361788
0.358253
0.343932
0.347634
0.343881
0.349306
0.349655
0.349028
0.336759
0.342324
0.343049
0.356274
0.356923
0.347338
0.341572
0.359035
0.369735
0.346863
0.343892
0.359679
0.361319
0.391178
0.380538
0.403831
0.381352
0.371188
0.354557
0.349942
0.353043
0.345621
0.359837
0.376743
0.372882
0.362449
0.362578
0.368493
0.414398
0.424327
0.436044
0.408244
0.374218
0.456298
0.430483
0.406611
0.402392
0.412469
0.457332
0.457007
0.448718
0.439122
0.40846
0.406204
0.416942
0.418938
0.472099
0.483998
0.441645
0.47549
0.529674
0.519826
0.457793
0.496921
0.595992
0.599902
0.608708
0.582747
0.58161
0.573848
0.571555
0.535853
0.518214
0.553397
0.545152
0.578865
0.545492
0.545494
0.552892
0.527629
0.551551
0.524271
0.502921
0.544305
0.483618
0.527524
0.493151
0.450319
0.477975
0.530002
0.524412
0.533367
0.512217
0.504152
0.467368
0.443454
0.426297
0.463289
0.512908
0.526259
0.520181
0.527982
0.521938
0.525052
0.473141
0.442136
0.441816
0.441733
0.53385
0.543327
0.494852
0.459544
0.526208
0.532195
0.519793
0.47433
0.433639
0.507482
0.502112
0.45229
0.479708
0.50825
0.510147
0.500325
0.512282
0.536001
0.520502
0.533127
0.538623
0.547421
0.551763
0.532491
0.532477
0.520787
0.451365
0.419022
0.401252
0.402709
0.408809
0.395947
0.415035
0.417444
0.407895
0.402854
0.424595
0.408107
0.423399
0.419651
0.400767
0.419609
0.373534
0.400352
0.42157
0.423767
0.436631
0.410177
0.468633
0.44397
0.500595
0.502952
0.438877
0.460118
0.464491
0.447172
0.424982
0.45183
0.432194
0.413336
0.443476
0.427064
0.451973
0.45861
0.508867
0.510775
0.49792
0.451411
0.439046
0.466071
0.426588
0.484149
0.504688
0.49826
0.535007
0.516426
0.466978
0.414084
0.416749
0.444824
0.408162
0.423198
0.490378
0.533243
0.512037
0.52324
0.504296
0.514248
0.426387
0.459312
0.47656
0.51908
0.512647
0.46125
0.512443
0.449448
0.507911
0.522295
0.523512
0.436241
0.427674
0.478876
0.497958
0.39802
0.395952
0.43867
0.520161
0.540798
0.524144
0.519249
0.526297
0.45638
0.491085
0.509001
0.488626
0.506372
0.519202
0.511671
0.470254
0.493297
0.538263
0.523543
0.52352
0.51643
0.535716
0.525016
0.501714
0.54006
0.511025
0.497347
0.484996
0.458925
0.426786
0.429606
0.438626
0.452799
0.452271
0.441437
0.455492
0.488797
0.516044
0.505902
0.460845
0.486109
0.546209
0.553064
0.469998
0.480169
0.438591
0.438835
0.432277
0.452318
0.438294
0.44324
0.470216
0.479275
0.522548
0.42296
0.466939
0.486609
0.470401
0.449454
0.430679
0.458408
0.457033
0.446704
0.44734
0.457936
0.491733
0.442357
0.465643
0.466472
0.474762
0.409192
0.446437
0.451924
0.430336
0.4284
0.441236
0.422648
0.389414
0.381991
0.399756
0.368913
0.364806
0.365274
0.378265
0.372946
0.377819
0.377044
0.397028
0.392591
0.400222
0.396028
0.377171
0.403621
0.400465
0.41876
0.388173
0.38116
0.379842
0.385456
0.404524
0.379381
0.382107
0.39318
0.39299
0.408813
0.383713
0.401489
0.37657
0.365176
0.366924
0.383636
0.380862
0.385478
0.392146
0.386114
0.413846
0.404341
0.414512
0.394474
0.393511
0.43061
0.487859
0.457239
0.415857
0.422647
0.426828
0.416068
0.429219
0.445688
0.443594
0.407536
0.433911
0.398336
0.435547
0.417008
0.412423
0.423148
0.401276
0.391913
0.422776
0.429764
0.436603
0.465336
0.436802
0.44184
0.437973
0.425817
0.463256
0.478857
0.474817
0.478732
0.438929
0.395892
0.463749
0.47732
0.475874
0.459365
0.52161
0.484466
0.4861
0.479441
0.465649
0.474013
0.444822
0.437995
0.44961
0.466294
0.457436
0.461219
0.448818
0.460248
0.496086
0.499633
0.475056
0.446795
0.501911
0.458609
0.459089
0.461683
0.46226
0.45843
0.452172
0.455895
0.402737
0.395698
0.388131
0.402383
0.418507
0.455953
0.434964
0.459418
0.418768
0.421537
0.437924
0.415063
0.408447
0.431477
0.432077
0.450714
0.476381
0.453822
0.470507
0.467272
0.478911
0.422149
0.429636
0.448495
0.433597
0.494917
0.511411
0.433148
0.447743
0.449621
0.471718
0.437887
0.492393
0.473279
0.469057
0.501328
0.455696
0.446115
0.472982
0.457633
0.492321
0.509086
0.477273
0.489744
0.455171
0.462759
0.477411
0.462673
0.439165
0.409136
0.40188
0.397692
0.413446
0.42728
0.445938
0.42064
0.413373
0.385473
0.394623
0.379745
0.373307
0.373656
0.387249
0.409046
0.43472
0.472954
0.471731
0.492102
0.493232
0.500408
0.482482
0.462501
0.439625
0.481431
0.46879
0.439586
0.468191
0.479425
0.407381
0.442868
0.419739
0.422726
0.45232
0.483137
0.494406
0.537831
0.536186
0.572843
0.591143
0.545206
0.557826
0.601929
0.577945
0.547042
0.53294
0.390856
0.383916
0.403647
0.398463
0.363075
0.366553
0.374899
0.38529
0.375615
0.368175
0.357157
0.353208
0.354104
0.35766
0.365698
0.391299
0.408438
0.390945
0.367252
0.351452
0.354116
0.352697
0.353453
0.349938
0.343117
0.350427
0.345693
0.353705
0.35951
0.355915
0.341249
0.339253
0.349852
0.35526
0.34762
0.35004
0.35106
0.344008
0.341118
0.342699
0.37044
0.355755
0.344802
0.350663
0.354892
0.366512
0.364741
0.391412
0.401101
0.400084
0.382516
0.376319
0.380209
0.361749
0.361387
0.36101
0.362778
0.363841
0.377231
0.390888
0.398717
0.398069
0.39293
0.377071
0.367065
0.369384
0.361751
0.378292
0.417614
0.442401
0.435328
0.449768
0.429813
0.461006
0.410041
0.446387
0.444354
0.43351
0.417764
0.432627
0.438247
0.444666
0.446528
0.417657
0.40574
0.402676
0.416777
0.450793
0.459767
0.468291
0.448812
0.418235
0.401844
0.445354
0.4257
0.40855
0.420744
0.429873
0.453245
0.416669
0.428609
0.430515
0.438615
0.411727
0.395455
0.413693
0.426553
0.458981
0.474656
0.502863
0.495116
0.495796
0.50017
0.49071
0.509732
0.55051
0.484319
0.509496
0.554332
0.531461
0.499771
0.540201
0.496312
0.560267
0.459053
0.546895
0.511171
0.450962
0.414842
0.408789
0.488007
0.449385
0.480286
0.483707
0.478524
0.476546
0.481258
0.543297
0.554075
0.522477
0.504164
0.488428
0.50376
0.478362
0.452266
0.440929
0.47073
0.47482
0.513599
0.505716
0.512751
0.507209
0.463913
0.478827
0.48227
0.478018
0.448116
0.45227
0.43682
0.444487
0.479203
0.455579
0.451759
0.458956
0.49678
0.452989
0.422635
0.378436
0.415029
0.455769
0.487801
0.488501
0.493078
0.410285
0.49445
0.509267
0.479126
0.477784
0.467337
0.466566
0.46326
0.443115
0.441835
0.461725
0.454645
0.424436
0.440245
0.440084
0.432484
0.406274
0.401167
0.419612
0.453292
0.475756
0.496461
0.403907
0.446763
0.505635
0.48278
0.486749
0.538852
0.550665
0.539371
0.523246
0.531114
0.4727
0.504536
0.498077
0.524888
0.545048
0.431262
0.44878
0.449984
0.441131
0.431096
0.469324
0.516578
0.488367
0.494571
0.498868
0.525453
0.508235
0.503126
0.53961
0.471284
0.472724
0.504424
0.513788
0.514058
0.519666
0.492826
0.476875
0.460816
0.523564
0.523414
0.533552
0.536578
0.48444
0.499942
0.462976
0.455859
0.442381
0.480534
0.533435
0.523107
0.495695
0.501308
0.510228
0.518019
0.555715
0.574109
0.520973
0.529335
0.463684
0.460873
0.513471
0.480085
0.463009
0.463551
0.460221
0.42993
0.418649
0.419928
0.44398
0.383257
0.377746
0.374429
0.370187
0.371426
0.379554
0.379185
0.385296
0.396167
0.393733
0.401842
0.422127
0.404861
0.389053
0.389078
0.393779
0.381986
0.397422
0.390836
0.408857
0.452002
0.457563
0.465627
0.440811
0.393434
0.392805
0.387981
0.389283
0.391501
0.397466
0.386003
0.389993
0.395322
0.419641
0.410078
0.406273
0.410452
0.415824
0.380747
0.372729
0.383139
0.377626
0.398114
0.387706
0.410726
0.395072
0.391848
0.425996
0.426997
0.409156
0.411971
0.427251
0.421686
0.408268
0.41319
0.420629
0.446515
0.427
0.437122
0.428967
0.423184
0.392198
0.388722
0.380429
0.37304
0.359333
0.375414
0.408984
0.400898
0.385563
0.370197
0.367956
0.389873
0.397131
0.439103
0.428065
0.421891
0.418929
0.384422
0.414706
0.379703
0.373778
0.361086
0.375694
0.362354
0.355226
0.358358
0.3646
0.363736
0.371238
0.36137
0.361669
0.375784
0.354144
0.356298
0.36696
0.361987
0.363466
0.390328
0.381319
0.402378
0.401703
0.390417
0.385766
0.363556
0.357963
0.356995
0.348095
0.363745
0.365549
0.351503
0.361183
0.354195
0.36056
0.36072
0.362374
0.365734
0.369564
0.369637
0.367787
0.362742
0.352919
0.359379
0.388789
0.377458
0.394188
0.385477
0.382241
0.398853
0.389987
0.398909
0.405076
0.430784
0.461096
0.481854
0.507452
0.467667
0.443293
0.416573
0.404795
0.460667
0.396719
0.382222
0.397841
0.387591
0.384617
0.370012
0.376555
0.39248
0.400189
0.397512
0.395584
0.427885
0.41677
0.394566
0.382123
0.388066
0.401314
0.388706
0.414996
0.422592
0.406171
0.478587
0.456298
0.414279
0.434547
0.458547
0.479466
0.500765
0.469303
0.406993
0.404066
0.401731
0.400158
0.400741
0.396502
0.402153
0.383208
0.414892
0.443366
0.466955
0.452171
0.407816
0.428588
0.419437
0.426146
0.420925
0.394442
0.396633
0.397645
0.38469
0.387622
0.407242
0.393337
0.38201
0.379534
0.388942
0.416922
0.389126
0.368052
0.389102
0.383556
0.407698
0.402893
0.393459
0.383287
0.387146
0.382529
0.44418
0.402798
0.384763
0.382275
0.378334
0.382874
0.367395
0.380882
0.388663
0.386541
0.41124
0.442823
0.473607
0.49197
0.436568
0.385931
0.412523
0.418045
0.417409
0.39726
0.465042
0.440481
0.449931
0.450446
0.427683
0.397536
0.406082
0.381949
0.386848
0.405541
0.402837
0.422247
0.392924
0.382456
0.385182
0.396443
0.38668
0.384113
0.382521
0.389734
0.397114
0.390493
0.397402
0.396524
0.375186
0.371769
0.37243
0.363989
0.36706
0.362538
0.374204
0.373513
0.374335
0.369976
0.372003
0.360705
0.357639
0.369844
0.360312
0.355768
0.366562
0.360066
0.360779
0.363448
0.357252
0.35951
0.360648
0.353268
0.373316
0.374363
0.360652
0.371621
0.37193
0.373474
0.356583
0.354113
0.360107
0.357725
0.358624
0.365305
0.359813
0.360663
0.351877
0.358944
0.353937
0.356932
0.356807
0.36409
0.357713
0.363831
0.358693
0.361926
0.364455
0.364173
0.36634
0.360822
0.355133
0.36356
0.355592
0.356639
0.3573
0.364557
0.359618
0.372972
0.387925
0.357702
0.36137
0.385843
0.381621
0.378567
0.363088
0.372739
0.362252
0.356753
0.362346
0.353708
0.363887
0.371293
0.396061
0.402095
0.406427
0.424206
0.427131
0.391294
0.391198
0.405732
0.399484
0.412832
0.399122
0.400913
0.421222
0.42079
0.398195
0.381004
0.378925
0.376475
0.36123
0.368777
0.383946
0.383287
0.364963
0.393927
0.374661
0.436131
0.450226
0.398061
0.410101
0.362484
0.364035
0.373456
0.392962
0.391984
0.416003
0.399751
0.399564
0.393938
0.395786
0.393056
0.380185
0.388
0.395208
0.385777
0.39087
0.402024
0.37532
0.368675
0.363745
0.373474
0.372304
0.357415
0.34655
0.374131
0.393144
0.400484
0.432699
0.368992
0.358535
0.370414
0.365595
0.377913
0.383101
0.368596
0.401411
0.406139
0.414195
0.43157
0.42672
0.45452
0.450634
0.424783
0.401717
0.406223
0.405126
0.372058
0.360088
0.362917
0.364478
0.3701
0.368805
0.37565
0.392598
0.387685
0.425683
0.396887
0.394561
0.371471
0.365143
0.367602
0.364791
0.364792
0.36277
0.364437
0.356403
0.354893
0.360055
0.359313
0.353809
0.351121
0.355588
0.353799
0.378957
0.384401
0.394073
0.383126
0.460777
0.471195
0.437549
0.407414
0.389758
0.39792
0.390229
0.38657
0.396387
0.38941
0.380214
0.402256
0.408234
0.416175
0.428229
0.394268
0.401096
0.395078
0.411645
0.415773
0.425403
0.4158
0.415408
0.418353
0.405741
0.404486
0.419882
0.398575
0.402899
0.406404
0.390044
0.383452
0.370209
0.383119
0.391561
0.39225
0.379456
0.395502
0.402319
0.392622
0.400994
0.392877
0.386559
0.379409
0.382843
0.391511
0.368934
0.365834
0.37431
0.363744
0.387737
0.368371
0.362988
0.358613
0.365545
0.371421
0.371536
0.379342
0.383102
0.389767
0.379366
0.366553
0.364445
0.372267
0.369199
0.375225
0.386304
0.390743
0.386042
0.38521
0.399191
0.398073
0.445183
0.415979
0.447184
0.433865
0.420238
0.442821
0.408296
0.40401
0.442961
0.396847
0.372847
0.430959
0.482484
0.487596
0.56008
0.556294
0.515711
0.495199
0.400067
0.391068
0.380262
0.409533
0.395008
0.358786
0.35642
0.362357
0.359237
0.384162
0.425383
0.433059
0.404064
0.402268
0.382321
0.400221
0.454188
0.398416
0.420111
0.411061
0.426045
0.398844
0.409516
0.41608
0.429453
0.378788
0.384935
0.37604
0.39343
0.398169
0.38421
0.396861
0.377309
0.374236
0.405006
0.394965
0.378058
0.380579
0.366869
0.379666
0.381516
0.389946
0.408387
0.380836
0.387809
0.37326
0.400585
0.393878
0.400436
0.378016
0.399191
0.396785
0.389843
