0.503977
0.479258
0.474672
0.455236
0.435469
0.403395
0.37262
0.374921
0.387161
0.372511
0.422035
0.428679
0.398294
0.406234
0.349719
0.427785
0.405152
0.410852
0.428157
0.403292
0.435423
0.401764
0.431686
0.39772
0.393926
0.394042
0.40647
0.409347
0.416288
0.402886
0.426662
0.363249
0.376994
0.374094
0.398758
0.360622
0.372641
0.397714
0.403661
0.400774
0.47422
0.405067
0.41172
0.390278
0.413529
0.45543
0.404766
0.389156
0.358945
0.377554
0.396389
0.436735
0.398863
0.378533
0.36771
0.375776
0.407878
0.412798
0.471027
0.389385
0.363746
0.386256
0.359947
0.388717
0.371155
0.369343
0.374109
0.365819
0.356978
0.382801
0.382829
0.366439
0.36807
0.402174
0.438367
0.377747
0.368917
0.384128
0.389841
0.401822
0.361226
0.366706
0.37484
0.376148
0.411499
0.414191
0.419789
0.392248
0.461927
0.421291
0.407427
0.43397
0.444136
0.368226
0.373083
0.381817
0.361419
0.395717
0.371467
0.382871
0.382788
0.412598
0.427726
0.445528
0.371646
0.41007
0.414113
0.415355
0.41263
0.365703
0.43147
0.377528
0.364071
0.416058
0.404377
0.458282
0.427377
0.40513
0.417382
0.405086
0.387479
0.375226
0.370309
0.396041
0.375455
0.376708
0.414364
0.466726
0.387204
0.382133
0.379532
0.402441
0.396232
0.432614
0.398558
0.418468
0.431261
0.524367
0.421891
0.403201
0.414924
0.364827
0.412704
0.427917
0.397685
0.433193
0.405882
0.425222
0.470077
0.456151
0.420379
0.369075
0.390001
0.430956
0.471216
0.385846
0.375367
0.383795
0.444387
0.428537
0.435255
0.383103
0.38753
0.450541
0.383622
0.369567
0.357616
0.395416
0.43144
0.452823
0.464497
0.417248
0.391491
0.401979
0.37147
0.344418
0.372509
0.349087
0.399635
0.418581
0.396713
0.386728
0.368189
0.396364
0.422252
0.404979
0.423392
0.473726
0.422141
0.407677
0.409895
0.399952
0.439228
0.446409
0.434074
0.417113
0.484168
0.44441
0.440695
0.410922
0.429257
0.483546
0.479535
0.444746
0.443901
0.469162
0.42656
0.429423
0.484605
0.400962
0.37958
0.412496
0.385308
0.40687
0.520951
0.46208
0.486642
0.483565
0.416437
0.435375
0.455538
0.469245
0.364709
0.397065
0.465555
0.47531
0.46634
0.498028
0.418883
0.401056
0.374769
0.402466
0.413723
0.380935
0.361298
0.382559
0.386239
0.391596
0.390861
0.387291
0.421203
0.39125
0.39133
