0.52347
0.485426
0.473038
0.482455
0.480114
0.4747
0.45747
0.45717
0.449263
0.412018
0.436455
0.402924
0.398075
0.362301
0.376609
0.362858
0.385687
0.400104
0.373795
0.361142
0.393482
0.417569
0.412046
0.441331
0.442652
0.414659
0.403655
0.392968
0.403453
0.409023
0.348177
0.351262
0.39255
0.463084
0.416222
0.394063
0.389799
0.431749
0.442324
0.413988
0.391607
0.415028
0.436555
0.43257
0.405348
0.410787
0.422417
0.437537
0.386289
0.396198
0.433369
0.37022
0.381702
0.399015
0.403967
0.434695
0.377212
0.371137
0.431556
0.405966
0.41907
0.421421
0.394206
0.412462
0.429269
0.418164
0.378568
0.361318
0.375778
0.37316
0.385521
0.364105
0.38468
0.402777
0.381466
0.358321
0.369296
0.359101
0.391279
0.403611
0.380494
0.379197
0.43589
0.393362
0.416301
0.453375
0.494045
0.3869
0.415566
0.458751
0.38372
0.38184
0.382303
0.395304
0.423976
0.440376
0.478357
0.424384
0.398533
0.398926
0.405792
0.368003
0.349371
0.357486
0.372925
0.372715
0.382372
0.377991
0.414753
0.465048
0.408555
0.41357
0.384041
0.37744
0.37962
0.387166
0.348233
0.383175
0.368364
0.384084
0.431744
0.382045
0.443237
0.491556
0.475013
0.392331
0.379408
0.400361
0.35077
0.369028
0.400488
0.389008
0.359569
0.349032
0.369457
0.387838
0.380575
0.388493
0.36824
0.360981
0.37731
0.367442
0.383122
0.352722
0.378983
0.367174
0.354653
0.353941
0.388142
0.384793
0.394221
0.371006
0.357227
0.37461
0.370566
0.361423
0.400193
0.40729
0.467439
0.412263
0.397808
0.381447
0.353141
0.348762
0.404454
0.390521
0.376378
0.390687
0.383129
0.394646
0.402279
0.403864
0.362161
0.366396
0.374401
0.36143
0.356527
0.38086
0.379165
0.372534
0.385255
0.407713
0.435723
0.427293
0.399048
0.427689
0.40939
0.369304
0.413251
0.446055
0.478193
0.433598
0.409769
0.419743
0.403425
0.397313
0.434146
0.463795
0.444454
0.426608
0.379916
0.364582
0.359294
0.377748
0.366398
0.383663
0.389387
0.354722
0.363206
0.393528
0.39845
0.375853
0.365742
0.368268
0.383217
0.398518
0.375556
0.388395
0.403889
0.423307
0.40483
0.449787
0.506137
0.40062
0.359118
0.370443
0.406307
0.417198
0.403947
0.397398
0.430631
0.403692
0.413158
0.432152
0.472784
0.366684
0.354324
0.372995
0.378651
0.481746
0.401468
0.371616
0.367373
0.358986
0.381786
0.429983
0.400092
0.42557
0.383656
0.450439
0.468329
0.419941
0.434919
0.390214
0.420171
0.426936
0.407814
0.404958
0.408391
0.40012
0.389217
0.384273
0.387505
0.376168
0.373945
0.36284
0.367855
0.408181
0.406565
0.370954
0.350296
0.375196
0.400254
0.4087
0.41996
0.412749
0.524946
0.400829
0.381909
0.368183
0.393748
0.367103
0.365854
0.418226
0.422154
0.398423
0.381238
0.396879
0.395584
0.425354
0.439869
0.422587
0.374603
0.410505
0.426457
0.415825
0.446704
0.501458
0.547058
0.42917
0.40623
0.431056
0.391118
0.400545
0.411521
0.416386
0.42148
0.354944
0.374762
0.376101
0.449362
0.41734
0.438492
0.405415
0.38994
0.419593
0.446776
0.411279
0.400522
0.414837
0.435597
0.450537
0.489547
0.496087
0.415863
0.41909
0.421672
0.363721
0.374448
0.408664
0.371373
0.419843
0.4017
0.488669
0.502757
0.455057
0.408957
0.38403
0.367677
0.3899
0.369413
0.373233
0.407781
0.448937
0.434138
0.425543
0.438804
0.448281
0.42237
0.395358
0.370934
0.380965
0.389884
0.389689
0.461185
0.440005
0.369391
0.397939
0.368352
0.370789
0.355459
0.359772
0.398733
0.392108
0.410073
0.452967
0.449424
0.45621
0.452247
0.47676
0.413477
0.421113
0.406371
0.376639
0.403877
0.400079
0.385631
0.357285
0.34527
0.343568
0.376385
0.368639
0.345028
0.353141
0.392845
0.406452
0.373839
0.463552
0.420833
0.375357
0.386921
0.391715
0.351502
0.369017
0.401631
0.396222
0.406194
0.418553
0.435247
0.417554
0.368012
0.412913
0.448986
0.455576
0.496371
0.419627
0.424705
0.411098
0.404271
0.432177
0.387636
0.39256
0.40744
0.435844
0.442613
0.45087
0.441959
0.429194
0.438958
0.408
0.426082
0.529489
0.438737
0.449501
0.439326
0.451799
0.441892
0.42638
0.398295
0.423613
0.441682
0.416782
0.442005
0.524485
0.490307
0.468708
0.415243
0.474265
0.439884
0.447932
0.467732
0.470591
0.447399
0.405792
0.420246
0.438645
0.420573
0.523828
0.398591
0.415941
0.367814
0.387886
0.381947
0.403301
0.419774
0.397157
0.39942
0.352054
0.378252
0.445715
0.549454
0.491957
0.502588
0.438045
0.467254
0.489157
0.484115
0.489088
0.478059
0.453963
0.392007
0.387362
0.423171
0.450067
0.442203
0.450347
0.460751
0.434462
0.504155
0.378286
0.350528
0.374379
0.419814
0.427254
0.503981
0.47814
0.472309
0.455298
0.47741
0.491032
0.505023
0.43633
0.406801
0.395404
0.411145
0.390944
0.371877
0.363493
0.419627
0.40612
0.428163
0.397594
0.426673
0.393704
0.368007
0.362772
0.359979
0.366181
0.398812
0.386685
0.385792
0.39721
0.385949
0.379346
0.402404
0.398621
0.376048
0.396325
0.445987
0.382007
0.401488
0.387442
0.395069
