0.425855
0.574554
0.610501
0.572913
0.523249
0.563446
0.579934
0.60463
0.578536
0.567894
0.569383
0.601862
0.522111
0.483196
0.477228
0.49992
0.455972
0.426892
0.475067
0.484261
0.524541
0.55593
0.548052
0.462368
0.474777
0.455204
0.521697
0.463597
0.444905
0.478556
0.409812
0.446329
0.492315
0.520529
0.504836
0.481102
0.436182
0.451693
0.534291
0.507143
0.467268
0.507962
0.523313
0.516717
0.451929
0.47298
0.446075
0.459765
0.464045
0.466895
0.435226
0.426526
0.421958
0.446855
0.489718
0.501562
0.485579
0.477286
0.481813
0.533723
0.475336
0.477141
0.511779
0.49583
0.519433
0.503906
0.491588
0.494949
0.482118
0.514618
0.476497
0.486408
0.475676
0.459159
0.461007
0.485278
0.499463
0.394121
0.437341
0.485549
0.491451
0.520131
0.497292
0.473394
0.519679
0.463032
0.436853
0.493379
0.472048
0.47607
0.465551
0.447298
0.472527
0.494377
0.447282
0.485778
0.487956
0.485455
0.496647
0.46645
0.503553
0.486849
0.511324
0.462668
0.436667
0.45428
0.465844
0.463037
0.446829
0.491911
0.481932
0.468877
0.481474
0.478897
0.493205
0.460583
0.465272
0.462772
0.521433
0.452225
0.489937
0.447894
0.486057
0.471634
0.46321
0.44872
0.455126
0.454964
0.429946
0.44572
0.457786
0.424002
0.401601
0.45675
0.40974
0.500185
0.487035
0.49038
0.491102
0.456384
0.475762
0.475884
0.490172
0.443999
0.445427
0.446116
0.448197
0.417019
0.488334
0.475768
0.415555
0.431587
0.462754
0.473924
0.408694
0.52552
0.47765
0.415122
0.411522
0.406493
0.442915
0.462254
0.475676
0.500042
0.452892
0.46984
0.459981
0.483569
0.463556
0.418599
0.442714
0.437447
0.410611
0.462362
0.508083
0.422448
0.409883
0.450966
0.476084
0.489824
0.43531
0.39397
0.438038
0.40916
0.386176
0.374852
0.371768
0.372631
0.41943
0.412628
0.382258
0.389115
0.434849
0.400606
0.392157
0.435809
0.419383
0.422086
0.429171
0.460663
0.488282
0.508827
0.426073
0.475937
0.500359
0.489877
0.479362
0.405304
0.424199
0.401566
0.391003
0.395755
0.424568
0.388223
0.420914
0.406793
0.40402
0.397438
0.415601
0.415443
0.407912
0.422955
0.422946
0.403006
0.405841
0.387274
0.37683
0.376666
0.385221
0.411268
0.390009
0.400957
0.410094
0.397214
0.452596
0.388349
0.37866
0.407856
0.40443
0.379177
0.423003
0.408441
0.4078
0.402603
0.405117
0.429615
0.400281
0.379489
0.365681
0.374295
0.391923
0.376237
0.368615
0.397844
0.426411
0.416519
0.39506
0.411892
0.371904
0.375639
0.375505
0.370337
0.354223
0.35677
0.353655
0.389049
0.377246
0.380915
0.375068
0.360515
0.357798
0.350926
0.335799
0.353724
0.349269
0.351735
0.351746
0.346185
0.3566
0.356438
0.345494
0.373797
0.370834
0.37379
0.37365
0.373622
0.382163
0.39858
0.383174
0.380104
0.386058
0.379011
0.384488
0.393122
0.391275
0.3938
0.372845
0.362443
0.357157
0.354314
0.359087
0.350781
0.358852
0.355191
0.344814
0.348484
0.359592
0.368368
0.383103
0.362178
0.365387
0.370344
0.359185
0.357919
0.370374
0.369226
0.391914
0.369669
0.362404
0.387143
0.40562
0.405093
0.398353
0.400659
0.368969
0.3651
0.378241
0.385101
0.392114
0.397118
0.405122
0.389967
0.376306
0.374827
0.371705
0.374476
0.389853
0.385809
0.394808
0.405267
0.394806
0.393866
0.372859
0.404441
0.387982
0.389685
0.411099
0.424722
0.391939
0.393929
0.385501
0.407179
0.380772
0.386686
0.444239
0.428741
0.407379
0.399462
0.426819
0.417058
0.389643
0.383149
0.376626
0.3641
0.368375
0.38076
0.367613
0.372005
0.357446
0.344458
0.344396
0.356596
0.361123
0.362997
0.373084
0.371474
0.370242
0.380888
0.385324
0.383337
0.38816
0.381677
0.368281
0.39791
0.376297
0.355916
0.354949
0.339959
0.351477
0.349331
0.336668
0.351944
0.355954
0.347297
0.349789
0.358382
0.346973
0.346823
0.3429
0.340243
0.337994
0.353647
0.348409
0.353753
0.35985
0.366365
0.370123
0.391447
0.370205
0.39403
0.396954
0.399624
0.403273
0.436274
0.459276
0.463392
0.474065
0.487236
0.454482
0.452226
0.386949
0.397107
0.412928
0.41087
0.47275
0.425977
0.422621
0.446457
0.437936
0.413266
0.371943
0.391753
0.449255
0.41354
0.402603
0.372832
0.407696
0.425694
0.425644
0.401409
0.413984
0.430755
0.44217
0.433337
0.421359
0.381775
0.431208
0.372181
0.386211
0.367783
0.375469
0.4069
0.410638
0.430785
0.423587
0.400437
0.40798
0.401354
0.401769
0.413346
0.424223
0.405507
0.416024
0.400433
0.439042
0.442642
0.42383
0.409069
0.394788
0.42258
0.418629
0.427638
0.421667
0.420537
0.391317
0.426519
0.420709
0.411607
0.439069
0.441649
0.457594
0.410835
0.472308
0.465961
0.442465
0.45635
0.42812
0.404136
0.415318
0.414451
0.400816
0.463938
0.491934
0.454322
0.455846
0.473153
0.47015
0.522208
0.491543
0.431443
0.453249
0.505799
0.504094
0.51083
0.496703
0.448365
0.426843
0.39175
0.432077
0.422372
0.365628
0.370834
0.38559
0.395032
0.380353
0.451294
0.471116
0.44795
0.408721
0.437039
0.483879
0.467049
0.434023
0.400156
0.418891
0.42322
0.401003
0.392822
0.374713
0.382014
0.373923
0.365585
0.373943
0.406513
0.413882
0.407054
0.434273
0.420234
0.42208
0.430294
0.397879
0.371364
0.411656
0.42191
0.411665
0.440875
0.39076
0.42365
0.40777
0.39957
0.393602
0.376503
0.3796
0.393403
0.362508
0.380653
0.384517
0.375463
0.376918
0.409256
0.405046
0.396267
0.371071
0.38357
0.386494
0.38213
0.385009
0.403051
0.392404
0.4066
0.380822
0.368387
0.390611
0.427022
0.421394
0.437886
0.431277
0.366856
0.389018
0.389159
0.416896
0.409869
0.40425
0.394601
0.425463
0.377499
0.40799
0.398664
0.422545
0.411309
0.391705
0.420613
0.393496
0.427468
0.398487
0.411158
0.455377
0.436793
0.432476
0.407145
0.422933
0.426063
0.427907
0.397001
0.424421
0.408674
0.408053
0.398826
0.402789
0.401943
0.397287
0.393083
0.380916
0.388858
0.364732
0.358753
0.368695
0.374262
0.363704
0.360421
0.355677
0.363358
0.351414
0.344838
0.339404
0.34502
0.339325
0.340055
0.338398
0.342491
0.33751
0.333073
0.334307
0.339019
0.340014
0.34467
0.341542
0.345399
0.347369
0.341047
0.366819
0.379148
0.370169
0.373139
0.363465
0.3599
0.350649
0.348312
0.337319
0.342515
0.340719
0.338027
0.341439
0.347875
0.351567
0.337822
0.35126
0.357962
0.354622
0.360157
0.359085
0.383697
0.361872
0.362432
0.351837
0.350954
0.36102
0.365309
0.379485
0.415571
0.413518
0.407815
0.432311
0.505869
0.51137
0.484798
0.460052
0.508167
0.40583
0.463877
0.461823
0.480469
0.472951
0.447524
0.461017
0.48119
0.472017
0.455598
0.480428
0.476209
0.494357
0.443423
0.432796
0.459287
0.454735
0.442636
0.383747
0.387139
0.421033
0.454059
0.449657
0.410074
0.396887
0.401544
0.411848
0.450346
0.424676
0.371316
0.426477
0.430078
0.407537
0.407382
0.421195
0.445287
0.404122
0.422899
0.441575
0.432998
0.420508
0.392053
0.423473
0.413987
0.408988
0.414729
0.408055
0.384303
0.371187
0.36992
0.374538
0.36264
0.362444
0.356373
0.367997
0.380982
0.391533
0.382743
0.362741
0.372812
0.371238
0.401685
0.389402
0.367109
0.362078
0.384695
0.393654
0.397661
0.390324
0.39585
0.417367
0.396647
0.38564
0.37932
0.404438
0.404359
0.398922
0.417107
0.381587
0.449941
0.441715
0.463701
0.417544
0.427704
0.429598
0.433779
0.370123
0.39145
0.416099
0.483996
0.452204
0.448251
0.482504
0.458421
0.362983
0.432341
0.443701
0.511213
0.51986
0.530509
0.434394
0.458574
0.444287
0.426826
0.421852
0.451114
0.462718
0.425204
0.442704
0.448481
0.411154
0.412357
0.422059
0.413694
0.42316
0.414542
0.424528
0.398023
0.401063
0.400817
0.407244
0.428487
0.43051
0.452058
0.461332
0.411449
0.440838
0.396076
0.447698
0.428431
0.418039
0.421705
0.41222
0.370788
0.372587
0.39938
0.38258
0.371181
0.353617
0.359485
0.37235
0.379339
0.385659
0.414298
0.387864
0.402312
0.401518
0.390701
0.396019
0.389986
0.397293
0.430258
0.399304
0.400891
0.418675
0.381642
0.391933
0.371667
0.42585
0.442229
0.396118
0.440446
0.430882
0.44832
0.4484
0.42042
0.400629
0.395944
0.435367
0.422723
0.432629
0.437976
0.374257
0.384186
0.373004
0.380243
0.434129
0.419221
0.445514
0.447779
0.44867
0.431243
0.470324
0.50222
0.458679
0.422702
0.421935
0.489281
0.444527
0.48966
0.474817
0.449254
0.422847
0.377164
0.376639
0.381502
0.378244
0.405658
0.41726
0.411886
0.390288
0.395841
0.400369
0.438871
0.410674
0.394638
0.40567
0.418626
0.426937
0.47038
0.436652
0.411951
0.462753
0.43516
0.469834
0.474069
0.518963
0.464585
0.482285
0.45812
0.407703
0.471711
0.447038
0.413701
0.394515
0.412529
0.390468
0.357806
0.353706
0.356213
0.348394
0.363553
0.381779
0.395446
0.406135
0.400955
0.382215
0.469082
0.4619
0.423305
0.414856
0.398512
0.374597
0.377663
0.388906
0.413321
0.396978
0.387086
0.38118
0.388475
0.396893
0.400894
0.439393
0.417731
0.45471
0.480011
0.428287
0.41885
0.397062
0.386378
0.372395
0.362813
0.367151
0.374673
0.384429
0.421132
0.449873
0.515052
0.393783
0.437146
0.410044
0.374811
0.47154
0.499414
0.444277
0.410063
0.447677
0.437048
0.491295
0.48243
0.491419
0.484164
0.434834
0.41379
0.38122
0.472643
0.464067
0.418758
0.445743
0.438995
0.424501
0.424
0.442341
0.421196
0.426119
0.452843
0.448473
0.410386
0.38972
0.397818
0.41324
0.379869
0.405616
0.409917
0.397961
0.402867
0.401948
0.381343
0.372061
0.368259
0.357709
0.345408
0.359428
0.360838
0.368091
0.385911
0.403902
0.408867
0.388659
0.397325
0.396328
0.420248
0.406274
0.419854
0.430666
0.424801
0.392566
0.380332
0.408287
0.387714
0.387124
0.371897
0.347913
0.348534
0.352199
0.373885
0.390918
0.462734
0.400799
0.440469
0.441607
0.49947
0.457877
0.387093
0.401516
0.418828
0.382707
0.380076
0.454058
0.443572
0.405482
0.412421
0.445901
0.437935
0.446004
0.400676
0.489112
0.45535
0.452991
0.445092
0.395528
0.39767
0.416977
0.400558
0.395097
0.38104
0.366143
0.365439
0.355226
0.359719
0.360444
0.356849
0.357412
0.35504
0.345276
0.35272
0.348334
0.363271
0.369705
0.362567
0.364387
0.385832
0.392634
0.403618
0.394052
0.415574
0.412489
0.40137
0.396209
0.396133
0.395359
0.39577
0.379007
0.365476
0.353175
0.362622
0.351428
0.357605
0.350966
0.35657
0.374246
0.367489
0.38208
0.383566
0.370464
0.378541
0.409348
0.416023
0.440934
0.434629
0.399678
0.385838
0.43108
0.425834
0.416876
0.446622
0.394392
0.361553
0.377614
0.373866
0.388945
0.384727
0.40703
0.418873
0.427898
0.452599
0.429916
0.441899
0.411116
0.40176
0.399124
0.387565
0.382881
0.367426
0.377157
0.396247
0.412047
0.386395
0.393769
0.398584
0.407233
0.425764
0.413161
0.422883
0.435274
0.446061
0.427305
0.450014
0.467094
0.397779
0.489107
0.468247
0.451075
0.371814
0.363115
0.446318
0.480294
0.41487
0.416872
0.446774
0.456227
0.490482
0.425265
0.43091
0.392313
0.402924
0.388356
0.361125
0.363147
0.36011
0.358683
0.3509
0.345917
0.347588
0.358169
0.346595
0.342935
0.353099
0.377244
0.397917
0.376417
0.371407
0.388874
0.404472
0.392557
0.368641
0.361059
0.351192
0.358765
0.360151
0.358089
0.348611
0.347333
0.350776
0.356795
0.356348
0.347896
0.366658
0.379304
0.399663
0.383308
0.436226
0.442974
0.482242
0.492147
0.461289
0.436302
0.409585
0.411314
0.410585
0.419119
0.466942
0.395824
0.426441
0.435238
0.418754
0.399883
0.402296
0.409866
0.407516
0.443248
0.400339
0.460735
0.479881
0.417606
0.407286
0.499523
0.471285
0.477086
0.487226
0.391033
0.417376
0.425302
0.416661
0.427801
0.438307
0.446464
0.388735
0.404502
0.429862
0.405567
0.435297
0.423655
0.446289
0.455332
0.435457
0.437081
0.423471
0.426218
0.410487
0.39286
0.397935
0.375657
0.370199
0.355194
0.362026
0.353896
0.381429
0.398687
0.432559
0.409203
0.441685
0.428715
0.445867
0.434932
0.424743
0.412905
0.403859
0.385409
0.377244
0.381458
0.388011
0.391549
0.40511
0.404109
0.45205
0.473633
0.473871
0.427193
0.451699
0.437806
0.416456
0.430783
0.417262
0.445666
0.443196
0.427403
0.430781
0.396774
0.441894
0.435154
0.446502
0.435904
0.4269
0.402198
0.385075
0.381606
0.377168
0.371153
0.362763
0.353892
0.353984
0.37229
0.358689
0.364388
0.360891
0.373212
0.375389
0.403223
0.416748
0.413857
0.406021
0.432188
0.439999
0.466412
0.448107
0.420062
0.376079
0.483916
0.503344
0.509487
0.498075
0.459739
0.411378
0.450165
0.436033
0.393601
0.377558
0.366455
0.352835
0.352347
0.363101
0.366528
0.387834
0.391162
0.390042
0.38307
0.354979
0.364192
0.37573
0.366798
0.377496
0.392106
0.455965
0.492607
0.432054
0.481076
0.450451
0.42602
0.505888
0.474259
0.427234
0.40849
0.418664
0.423028
0.445666
0.46532
0.449739
0.455462
0.473191
0.42785
0.450414
0.408787
0.386722
0.415888
0.421366
0.390907
0.384011
0.400272
0.405879
0.420522
0.424007
0.441706
0.418279
0.392226
0.394363
0.378347
0.412129
0.426606
0.423333
0.398693
0.384959
0.377104
0.373885
0.372624
0.379275
0.374288
0.371552
0.387323
0.369466
0.356929
0.358015
0.362321
0.35993
0.345165
0.346059
0.345216
0.348506
0.352017
0.357296
0.348615
0.3451
0.356342
0.36029
0.371854
0.362669
0.354531
0.37243
0.386188
0.366078
0.381216
0.378993
0.36563
0.362339
0.356017
0.352963
0.35532
0.348713
0.3559
0.354463
0.369239
0.376067
0.383698
0.388157
0.355451
0.367656
0.395925
0.391526
0.41637
0.398461
0.383736
0.376774
0.376504
0.378689
0.385889
0.384563
0.387498
0.397478
0.392357
0.40262
0.40673
0.402986
0.389026
0.378851
0.375506
0.374569
0.362178
0.354078
0.35154
0.358243
0.353467
0.342092
0.345044
0.338448
0.349863
0.361319
0.393401
0.370172
0.359259
0.36533
0.383021
0.376361
0.409321
0.387203
0.379296
0.413528
0.425693
0.416009
0.359464
0.37959
0.397928
0.399535
0.388974
0.380269
0.384256
0.369084
0.363123
0.353747
0.383267
0.360448
0.349209
0.352707
0.355619
0.361648
0.365013
0.359631
0.362622
0.363981
0.365825
0.369681
0.359473
0.356245
0.377047
0.359759
0.351959
0.354864
0.359979
0.36143
0.364032
0.36882
0.390116
0.398935
0.399597
0.389113
0.394583
0.392118
0.392477
0.398067
0.379611
0.393321
0.407455
0.422802
0.402814
0.399912
0.401062
0.389039
0.420778
0.431449
0.413411
0.406516
0.395787
0.415262
0.405705
0.406892
0.390292
0.4038
0.429835
0.383951
0.376578
0.393501
0.396838
0.384915
0.434613
0.391471
0.396518
0.393129
0.40212
0.380549
0.394732
0.385787
0.394203
0.390934
0.372023
0.375689
0.380853
0.36863
0.369467
0.365782
0.361668
0.366
0.35741
0.360441
0.361208
0.381971
0.365913
0.364794
0.365581
0.376901
0.376934
0.37557
0.373599
0.362455
0.351491
0.335415
0.340242
0.338035
0.344242
0.346399
0.342595
0.348992
0.352909
0.366796
0.368961
0.381145
0.356506
0.341024
0.35611
0.364798
0.360023
0.353958
0.345669
0.354781
0.355661
0.374372
0.375666
0.371544
0.391801
0.399452
0.388984
0.38436
0.396689
0.399789
0.387904
0.35944
0.346614
0.352537
0.344321
0.33371
0.341067
0.339302
0.340599
0.345177
0.336667
0.338575
0.349471
0.361484
0.392275
0.373121
0.377316
0.391515
0.391897
0.374194
0.396255
0.418468
0.405395
0.380029
0.380196
0.364042
0.360121
0.356173
0.378016
0.395133
0.393733
0.389345
0.402982
0.395688
0.422464
0.409093
0.419784
0.385191
0.407715
0.449518
0.425569
0.408459
0.39394
0.388941
0.398737
0.41695
0.405765
0.40625
0.395917
0.368258
0.366177
0.375376
0.388494
0.442257
0.429923
0.414743
0.389343
0.394354
0.405092
0.405457
0.41315
0.426374
0.423492
0.383762
0.370503
0.36734
0.367147
0.360769
0.368094
0.374084
0.370113
0.371112
0.363823
0.353313
0.362229
0.353938
0.350372
0.346054
0.334483
0.35661
0.378089
0.354206
0.362665
0.365182
0.35302
0.353881
0.361961
0.376
0.378848
0.391187
0.396311
0.39058
0.416979
0.423634
0.441825
0.467384
0.433633
0.402589
0.414964
0.46729
0.499753
0.490045
0.439863
0.468612
0.483514
0.504047
0.524205
0.423264
0.412356
0.386477
0.381871
0.382568
0.380892
0.392822
0.386775
0.390851
0.388893
0.41391
0.405827
0.410921
0.392646
0.379909
0.41669
0.426151
0.406831
0.400857
0.401549
0.385034
0.366694
0.383259
0.363343
0.366122
0.377272
0.391414
0.39457
0.409981
0.409388
0.404219
0.407843
0.377272
0.374246
0.376884
0.381167
0.391636
0.40938
0.405055
0.417199
0.413618
0.411112
0.453367
0.440839
0.469555
0.498421
0.467473
0.40091
0.505386
0.485978
0.444594
0.478095
0.458249
0.41612
0.431871
0.427334
0.450429
0.440367
0.46754
0.44187
0.468773
0.470799
0.468352
0.462887
0.445329
0.458844
0.433692
0.438928
0.494422
0.45844
0.493959
0.482933
0.465684
0.469133
0.520772
0.500045
0.50364
0.474866
0.485431
0.537698
0.558253
0.548166
0.489114
0.486401
0.536589
0.482999
0.379331
0.368269
0.355374
0.372086
0.36694
0.360068
0.366697
0.372314
0.370182
0.375586
0.385428
0.39925
0.393956
0.383216
0.401399
0.39159
0.394391
0.418575
0.423757
0.442561
0.410264
0.392868
0.382411
0.37193
0.374403
0.36573
0.377606
0.368083
0.381964
0.391079
0.38945
0.397769
0.429792
0.453835
0.433816
0.441958
0.43546
0.496851
0.464155
0.497258
0.486565
0.467819
0.471941
0.424583
0.454105
0.435991
0.406002
0.415298
0.456368
0.531431
0.522975
0.517838
0.499959
0.429984
0.473504
0.518853
0.461595
0.448352
0.430006
0.429744
0.384206
0.425126
0.430185
0.406028
0.395623
0.407779
0.357434
0.372672
0.397239
0.379639
0.364013
0.375215
0.369189
0.365418
0.364996
0.380147
0.405618
0.383605
0.372498
0.36635
0.358891
0.370044
0.367231
0.363805
0.362584
0.359691
0.371285
0.383053
0.387944
0.375642
0.42254
0.414077
0.399042
0.377164
0.372373
0.376031
0.385842
0.409025
0.377645
0.381479
0.383374
0.380855
0.377071
0.386681
0.37658
0.424595
0.385462
0.378235
0.35658
0.386284
0.370911
0.370365
0.365735
0.363017
0.362217
0.375159
0.374473
0.390407
0.392574
0.40069
0.386142
0.415092
0.424784
0.433771
0.421981
0.44483
0.435971
0.401105
0.373993
0.400842
0.400965
0.3886
0.368328
0.366115
0.359568
0.356576
0.362872
0.365633
0.373873
0.392863
0.419071
0.410192
0.40186
0.444561
0.437349
0.475726
0.428198
0.466942
0.413014
0.44803
0.428683
0.395777
0.392129
0.41125
0.419334
0.417839
0.414677
0.417781
0.388136
0.387603
0.435026
0.436477
0.455925
0.454928
0.442594
0.417101
0.398147
0.435731
0.431657
0.407952
0.428966
0.445507
0.455582
0.42868
0.448375
0.441096
0.41595
0.444879
0.466334
0.486434
0.451392
0.468534
0.446568
0.443308
0.471486
0.532137
0.46089
0.496557
0.483344
0.502286
0.476321
0.558346
0.557552
0.421698
0.386915
0.432438
0.465419
0.451914
0.532782
0.533392
0.44732
0.458731
0.496919
0.42045
0.45018
0.430563
0.42939
0.415107
0.424034
0.416461
0.411629
0.434828
0.411265
0.389
0.399483
0.401279
0.423738
0.449513
0.387491
0.416608
0.426051
0.463702
0.447389
0.433348
0.383275
0.388595
0.410472
0.410515
0.395245
0.381328
0.383512
0.386179
0.384748
0.399003
0.41844
0.399962
0.413957
0.395957
0.403145
0.39165
0.387902
0.388928
0.39136
0.405663
0.417555
0.414989
0.397714
0.394362
0.399367
0.398149
0.396634
0.420691
0.420632
0.418034
0.398555
0.386475
0.388849
0.388792
0.382232
0.380942
0.381731
0.390187
0.395988
0.413157
0.407143
0.396052
0.383328
0.369185
0.368603
0.382551
0.399196
0.410646
0.423004
0.417007
0.453489
0.448045
0.449822
0.420609
0.420443
0.418952
0.405425
0.384588
0.375583
0.370123
0.368866
0.368281
0.37648
0.459792
0.410308
0.350612
0.357245
0.363087
0.350791
0.36036
0.365053
0.350589
0.366201
0.359877
0.36784
0.366852
0.352814
0.354057
0.349511
0.343853
0.351541
0.344765
0.349591
0.345089
0.355537
0.356689
0.362694
0.359222
0.36376
0.35581
0.3562
0.35158
0.331367
0.339039
0.34573
0.337274
0.339855
0.342033
0.345168
0.360671
0.342094
0.3366
0.340126
0.341658
0.352811
0.346489
0.359007
0.356126
0.362216
0.357983
0.363856
0.367003
0.369955
0.351195
0.352382
0.354019
0.342712
0.350983
0.359624
0.363708
0.37373
0.3791
0.363791
0.354228
0.349548
0.342165
0.342824
0.346325
0.343412
0.348598
0.351608
0.357286
0.35328
0.352373
0.360318
0.368148
0.371199
0.370735
0.387235
0.383308
0.369805
0.37173
0.386328
0.387805
0.389663
0.403273
0.373385
0.374354
0.37576
0.407463
0.404759
0.381967
0.363871
0.3679
0.358419
0.350698
0.346801
0.34858
0.335827
0.351062
0.35558
0.349608
0.356106
0.354234
0.355101
0.363432
0.367849
0.367187
0.363872
0.364454
0.374357
0.386246
0.37949
0.379556
0.408776
0.385204
0.36482
0.383588
0.384577
0.410731
0.375774
0.363164
0.351092
0.359149
0.366193
0.370497
0.369777
0.37696
0.393471
0.396587
0.378935
0.382655
0.396474
0.394994
0.413662
0.395681
0.397329
0.397646
0.397674
0.366999
0.352457
0.354119
0.377783
0.387927
0.383004
0.37413
0.372235
0.369291
0.368793
0.368903
0.368969
0.372484
0.359146
0.360159
0.376006
0.394608
0.386712
0.417862
0.421749
0.389709
0.400825
0.40896
0.408825
0.376001
0.362542
0.377498
0.402479
0.388926
0.408377
0.397267
0.401155
0.475032
0.453037
0.452648
0.451289
0.411623
0.426478
0.427234
0.451902
0.446719
0.399878
0.416771
0.457352
0.457158
0.501753
0.446243
0.512795
0.477724
0.480527
0.50306
0.430684
0.452345
0.522497
0.471537
0.492678
0.479122
0.509071
0.398632
0.465884
0.385512
0.387079
0.381784
0.386898
0.397989
0.390754
0.387201
0.394272
0.382109
0.38109
0.395276
0.406843
0.426555
0.447103
0.440634
0.441893
0.431845
0.449999
0.438225
0.410203
0.408984
0.40345
0.414634
0.385637
0.411228
0.412022
0.393413
0.387985
0.403029
0.418682
0.438619
0.403584
0.452281
0.412728
0.427362
0.428484
0.415992
0.422436
0.426965
0.406324
0.407643
0.449061
0.397105
0.433933
0.406758
0.388549
0.38298
0.38462
0.414476
0.405622
0.382529
0.38884
0.373632
0.358301
0.34937
0.355365
0.347916
0.343343
0.351557
0.356998
0.361205
0.379196
0.345444
0.352708
0.349948
0.380977
0.356376
0.352069
0.359868
0.36094
0.372032
0.395788
0.39018
0.413122
0.377874
0.394633
0.389214
0.391766
0.424409
0.401281
0.381381
0.372291
0.368464
0.360983
0.359305
0.371707
0.38185
0.398867
0.370627
0.371128
0.376048
0.377752
0.361491
0.365673
0.379592
0.389926
0.394054
0.405162
0.406629
0.399044
0.397972
0.368138
0.411605
0.384563
0.388325
0.381337
0.363776
0.358836
0.406861
0.390928
0.382849
0.386384
0.407134
0.430302
0.377914
0.387172
0.38145
0.386746
0.381271
0.3666
0.365427
0.348769
0.347793
0.357832
0.34404
0.342387
0.34079
0.344758
0.356034
0.352555
0.345331
0.34606
0.330379
0.347528
0.355409
0.349272
0.345027
0.341241
0.349145
0.351535
0.365506
0.367227
0.363998
0.3645
0.377977
0.358175
0.361207
0.358693
0.365132
0.375839
0.396234
0.409349
0.405398
0.416073
0.407508
0.394111
0.392073
0.398463
0.393391
0.400253
0.396849
0.411387
0.374048
0.364516
0.36432
0.355639
0.351592
0.355683
0.362157
0.353547
0.357302
0.346681
0.352844
0.352705
0.358022
0.349329
0.367315
0.379769
0.386173
0.428131
0.407832
0.389076
0.356153
0.365632
0.385453
0.378856
0.384227
0.40201
0.420303
0.383149
0.375171
0.371635
0.368984
0.386591
0.373759
0.363961
0.403875
0.390321
0.380157
0.381686
0.382281
0.418284
0.423429
0.436434
0.447278
0.469932
0.495169
0.499954
0.39254
0.412278
0.414956
0.429188
0.425616
0.445122
0.430644
0.436245
0.430893
0.426444
0.399321
0.422233
0.424789
0.400131
0.380727
0.394284
0.394283
0.375015
0.370345
0.380282
0.38399
0.370025
0.369935
0.370997
0.362646
0.376395
0.366681
0.366691
0.363641
0.379136
0.389957
0.403574
0.389588
0.389589
0.429717
0.458857
0.466221
0.452654
0.461499
0.485233
0.413143
0.46584
0.511387
0.473115
0.442223
0.44015
0.44598
0.386575
0.475854
0.441486
0.429684
0.401988
0.429991
0.545702
0.578311
0.516666
0.575876
0.555456
0.484468
0.507438
0.472714
0.503762
0.457978
0.53491
0.549575
0.506432
0.457948
0.447187
0.467997
0.442247
0.422057
0.445383
0.481513
0.492702
0.521132
0.509691
0.47248
0.50647
0.537279
0.533395
0.482651
0.550036
0.520957
0.51808
0.440969
0.462976
0.472685
0.429557
0.413624
0.39629
0.394727
0.40678
0.380731
0.372579
0.364996
0.370217
0.376518
0.387729
0.404011
0.386756
0.402278
0.400727
0.380528
0.383888
0.404016
0.379911
0.400402
0.395461
0.422929
0.417555
0.402634
0.401502
0.406129
0.401572
0.419003
0.437493
0.362401
0.386942
0.378437
0.371808
0.366045
0.356249
0.360452
0.370118
0.365716
0.360828
0.372801
0.380544
0.381712
0.375637
0.370998
0.378657
0.379203
0.390445
0.385846
0.381791
0.368562
0.366189
0.379112
0.390886
0.409531
0.409775
0.424902
0.441395
0.401126
0.439231
0.442015
0.445029
0.410103
0.395888
0.384817
0.402234
0.385332
0.356147
0.352685
0.355276
0.357518
0.3553
0.351832
0.344394
0.338789
0.345905
0.345629
0.352066
0.349049
0.364202
0.351563
0.360161
0.350755
0.343337
0.359014
0.347761
0.342783
0.348384
0.348967
0.346717
0.350733
0.346185
0.342808
0.34423
0.346575
0.337651
0.349001
0.347851
0.344786
0.357825
0.358997
0.367875
0.364938
0.370977
0.379554
0.401362
0.420405
0.425672
0.425886
0.413247
0.420558
0.394849
0.399531
0.424152
0.417501
0.425535
0.433697
0.428452
0.432992
0.410857
0.4085
0.405695
0.389947
0.428042
0.386498
0.378531
0.371924
0.360869
0.353559
0.354812
0.359197
0.353871
0.361487
0.363689
0.357675
0.349058
0.357409
0.35107
0.34246
0.36288
0.365586
0.361946
0.361473
0.378656
0.383657
0.383977
0.402274
0.372913
0.395564
0.406531
0.424652
0.394398
0.406391
0.423223
0.402011
0.38673
0.406533
0.412659
0.412306
0.416637
0.414763
0.401043
0.393405
0.395844
0.391202
0.386207
0.411312
0.39688
0.441928
0.427066
0.409742
0.386232
0.36478
0.35997
0.367449
0.349477
0.335545
0.348972
0.349808
0.34447
0.350922
0.341249
0.353529
0.352293
0.356252
0.353103
0.349663
0.363495
0.350723
0.358646
0.352012
0.345999
0.354292
0.340858
0.341844
0.338482
0.345255
0.340719
0.354568
0.349693
0.345231
0.333683
0.349706
0.346751
0.346102
0.347006
0.355351
0.365177
0.385269
0.366822
0.370977
0.368132
0.375216
0.37526
0.370826
0.350273
0.354278
0.355168
0.357406
0.352033
0.346511
0.377491
0.396944
0.402359
0.38333
0.369503
0.369817
0.364529
0.358923
0.368111
0.384183
0.372716
0.375657
0.377818
0.37418
0.366407
0.370697
0.374626
0.394952
0.392961
0.391008
0.402762
0.406721
0.404002
0.410447
0.418023
0.408015
0.432414
0.405866
0.37521
0.392351
0.39994
0.401556
0.362151
0.370431
0.357891
0.355418
0.35753
0.383549
0.361917
0.35233
0.366193
0.3791
0.393038
0.39146
0.391213
0.407499
0.422883
0.407375
0.420995
0.409619
0.394012
0.374975
0.379506
0.391149
0.37957
0.372799
0.370798
0.373594
0.368629
0.365788
0.369288
0.378221
0.392521
0.40045
0.398721
0.391663
0.389955
0.40939
0.408026
0.388416
0.379681
0.38899
0.37488
0.363305
0.356742
0.354467
0.355816
0.35125
0.349197
0.350991
0.351845
0.352417
0.363334
0.349458
0.33797
0.34542
0.344038
0.345841
0.365592
0.370705
0.377162
0.375142
0.380262
0.362073
0.384839
0.362139
0.362352
0.361062
0.347052
0.358432
0.353217
0.353168
0.366315
0.345606
0.361972
0.368713
0.383243
0.408636
0.393441
0.388614
0.376574
0.39534
0.381698
0.377018
0.360324
0.361624
0.36559
0.363504
0.3747
0.356151
0.36391
0.386049
0.383815
0.384649
0.371472
0.372547
0.358067
0.355524
0.34423
0.358801
0.361423
0.37297
0.370001
0.37014
0.365406
0.376551
0.354872
0.372347
0.35437
0.357765
0.373609
0.382868
0.395006
0.4033
0.401695
0.404777
0.373946
0.369897
0.397952
0.396849
0.392809
0.407457
0.398337
0.365506
0.359849
0.353179
0.35152
0.359218
0.380699
0.403157
0.40229
0.380716
0.364019
0.37164
0.361688
0.368107
0.358676
0.369516
0.35752
0.341748
0.340279
0.344484
0.33735
0.344854
0.346068
0.345232
0.343525
0.345308
0.338826
0.351845
0.361237
0.362975
0.38109
0.401816
0.384595
0.371777
0.389119
0.364819
0.366433
0.360482
0.363046
0.377301
0.377036
0.379189
0.386802
0.382599
0.364487
0.366975
0.393983
0.383743
0.373007
0.401742
0.375823
0.361383
0.359025
0.363441
0.356207
0.353666
0.352152
0.358853
0.352223
0.353726
0.338573
0.356634
0.356255
0.370381
0.373681
0.377242
0.394249
0.390105
0.40867
0.424062
0.365285
0.371716
0.360448
0.356419
0.355453
0.347696
0.346259
0.345125
0.342577
0.346323
0.38557
0.343192
0.345417
0.346746
0.340435
0.348209
0.343061
0.352394
0.341593
0.348877
0.344104
0.339502
0.348438
0.350817
0.343355
0.340351
0.338226
0.333733
0.350301
0.351152
0.357171
0.341331
0.358254
0.35613
0.350372
0.368068
0.375004
0.396852
0.423461
0.408984
0.410121
0.429709
0.406564
0.412973
0.386694
0.402734
0.384243
0.381989
0.367026
0.367925
0.362012
0.367169
0.364327
0.37169
0.378325
0.3899
0.382267
0.380947
0.369713
0.373846
0.372635
0.371683
0.394864
0.390268
0.412853
0.394546
0.385787
0.383979
0.367905
0.377986
0.380628
0.40873
0.400976
0.401852
0.375849
0.372376
0.379445
0.368451
0.354099
0.359343
0.382096
0.39214
0.351158
0.359562
0.411417
0.406824
0.405724
0.420786
0.428423
0.376778
0.409105
0.403361
0.437719
0.411412
0.408706
0.403372
0.386596
0.383205
0.377925
0.384808
0.363529
0.376116
0.371192
0.364562
0.357334
0.360988
0.358453
0.363992
0.349051
0.357123
0.357675
0.362873
0.378051
0.381024
0.407525
0.385675
0.393825
0.379705
0.372046
0.359575
0.352426
0.348408
0.336036
0.353592
0.341179
0.341765
0.332764
0.343974
0.353323
0.361569
0.37239
0.379186
0.370046
0.353368
0.354093
0.354314
0.384304
0.409019
0.409832
0.38785
0.369083
0.358668
0.352824
0.353967
0.351337
0.346716
0.35129
0.358827
0.358424
0.359633
0.377207
0.390716
0.400637
0.40675
0.393276
0.373187
0.418471
0.39592
0.370381
0.356886
0.34611
0.345093
0.348302
0.359389
0.352188
0.358295
0.35805
0.374202
0.396091
0.388459
0.405881
0.372155
0.3645
0.365459
0.365341
0.353808
0.358584
0.368237
0.358081
0.35724
0.362193
0.375306
0.367809
0.364779
0.370816
0.391864
0.365003
0.350823
0.351842
0.349191
0.349042
0.352743
0.354115
0.361549
0.361453
0.350136
0.354187
0.368216
0.37167
0.369766
0.377418
0.38632
0.381403
0.393806
0.395402
0.377105
0.444354
0.405558
0.440258
0.428516
0.424666
0.438704
0.434885
0.433588
0.442455
0.416637
0.403927
0.402758
0.421618
0.415023
0.424431
0.404127
0.406597
0.382265
0.389723
0.387057
0.438192
0.406429
0.383492
0.37788
0.390275
0.400415
0.423122
0.443647
0.485981
0.541697
0.540053
0.51891
0.588039
0.530064
0.501223
0.494013
0.466755
0.449878
0.449187
0.438264
0.456504
0.439538
0.433575
0.415497
0.40353
0.393082
0.390462
0.408634
0.436365
0.418534
0.41348
0.419596
0.447269
0.452407
0.442276
0.400127
0.405289
0.403053
0.410037
0.391912
0.388011
0.379537
0.388683
0.398712
0.405402
0.400869
0.419629
0.433896
0.459836
0.445717
0.417481
0.402179
0.382044
0.380671
0.362202
0.353501
0.359108
0.351203
0.354722
0.377237
0.393076
0.394276
0.428608
0.438024
0.434334
0.424173
0.388111
0.390048
0.394648
0.398261
0.392397
0.418004
0.438549
0.445781
0.422156
0.429908
0.372244
0.358987
0.364385
0.358284
0.344004
0.349794
0.352614
0.350029
0.346643
0.345787
0.353451
0.356328
0.349782
0.354871
0.370071
0.348098
0.359452
0.351996
0.354203
0.347778
0.356905
0.356648
0.35499
0.350241
0.350719
0.359419
0.347305
0.348174
0.353253
0.345213
0.345176
0.350303
0.354701
0.355829
0.345916
0.337294
0.352106
0.340223
0.348298
0.345547
0.344613
0.351356
0.346869
0.353591
0.342283
0.347669
0.34508
0.349668
0.353011
0.354329
0.366813
0.381104
0.397598
0.440702
0.450729
0.439475
0.426378
0.417517
0.383452
0.376948
0.408441
0.401431
0.390006
0.374177
0.429505
0.407642
0.410969
0.384975
0.374775
0.40376
0.378494
0.400731
0.40805
0.356295
0.402047
0.398086
0.411011
0.405156
0.41632
0.415462
0.412008
0.363531
0.386843
0.378837
0.362401
0.366739
0.378226
0.383007
0.406301
0.372947
0.374429
0.376496
0.369283
0.373422
0.3884
0.379455
0.437213
0.417144
0.389721
0.377055
0.370701
0.354372
0.366895
0.361453
0.363663
0.344289
0.360062
0.364658
0.372172
0.374181
0.365797
0.366234
0.368103
0.342166
0.352696
0.340598
0.355915
0.368667
0.376669
0.387014
0.385226
0.382081
0.390843
0.385486
0.416592
0.412501
0.401614
0.390659
0.400115
0.402041
0.419011
0.416087
0.418258
0.3942
0.416775
0.406311
0.383734
0.376265
0.377769
0.385159
0.379216
0.389433
0.375171
0.369461
0.373529
0.371533
0.370274
0.390032
0.389662
0.36835
0.404483
0.41492
0.404194
0.408194
0.394821
0.399065
0.382077
0.370492
0.35534
0.363971
0.37138
0.372664
0.3791
0.366131
0.388765
0.359289
0.370629
0.403914
0.373478
0.41106
0.394061
0.391842
0.398882
0.3822
0.379256
0.388596
0.401193
0.409085
0.392985
0.413289
0.424417
0.423226
0.368862
0.387004
0.374932
0.391005
0.383313
0.408048
0.367875
0.40879
0.407378
0.409725
0.411125
0.4024
0.3821
0.431035
0.418784
0.397133
0.399957
0.411194
0.414827
0.399693
0.405388
0.389251
0.379593
0.387924
0.397892
0.425934
0.403298
0.437059
0.409367
0.39888
0.388905
0.407438
0.370221
0.406013
0.425742
0.403787
0.409311
0.385682
0.41285
0.428301
0.41856
0.397845
0.394988
0.415218
0.378933
0.369531
0.402256
0.379835
0.397523
0.382338
0.375459
0.354272
0.374764
0.368897
0.354553
0.356713
0.352328
0.34734
0.340855
0.339226
0.343796
0.348464
0.340461
0.353323
0.36197
0.357761
0.380839
0.358423
0.355797
0.365594
0.372819
0.364978
0.379858
0.365052
0.359076
0.354439
0.357962
0.363104
0.371145
0.373509
0.36749
0.37734
0.40009
0.359883
0.352813
0.345143
0.350114
0.342694
0.362222
0.370499
0.376136
0.388298
0.358512
0.366567
0.368875
0.370502
0.366472
0.382027
0.372354
0.407844
0.378688
0.382245
0.395078
0.392663
0.385335
0.373947
0.373375
0.359129
0.366396
0.37413
0.377879
0.379552
0.369784
0.366665
0.340204
0.355918
0.357241
0.35887
0.355347
0.352372
0.341872
0.353717
0.355604
0.361399
0.361076
0.372109
0.35644
0.362827
0.375667
0.369498
0.369118
0.343715
0.342919
0.349289
0.351233
0.332763
0.340282
0.346499
0.342788
0.345135
0.343502
0.353305
0.353746
0.379756
0.384852
0.385103
0.358322
0.363847
0.395728
0.360343
0.369883
0.39268
0.378024
0.383297
0.377106
0.362716
0.356373
0.3812
0.364502
0.382019
0.387408
0.379245
0.392688
0.411006
0.391655
0.420972
0.404544
0.38677
0.385773
0.373626
0.379634
0.374433
0.389394
0.387453
0.393463
0.388164
0.382278
0.365244
0.412303
0.403934
0.379175
0.363667
0.349996
0.357055
0.353702
0.362962
0.377678
0.377482
0.389152
0.402356
0.37575
0.362309
0.361795
0.360144
0.349997
0.357466
0.351231
0.343598
0.360021
0.362459
0.380593
0.394947
0.390034
0.401524
0.384172
0.365515
0.369281
0.371247
0.39127
0.404014
0.402807
0.383951
0.37485
0.361167
0.36053
0.381195
0.390382
0.436054
0.411855
0.393873
0.383126
0.386362
0.383435
0.372954
0.37048
0.371925
0.370666
0.359602
0.351212
0.368416
0.358924
0.358012
0.36795
0.379852
0.397334
0.378783
0.389213
0.439318
0.447149
0.43859
0.447091
0.432759
0.472574
0.436983
0.473704
0.480828
0.426937
0.464085
0.426812
0.494478
0.454475
0.451982
0.426398
0.437993
0.401068
0.395986
0.398932
0.428538
0.433444
0.415194
0.407664
0.442445
0.468839
0.432747
0.448845
0.456248
0.496181
0.497382
0.43353
0.416612
0.437053
0.396258
0.403757
0.440925
0.480174
0.46988
0.447906
0.444452
0.441621
0.412712
0.401001
0.393633
0.394517
0.382049
0.37877
0.375632
0.362291
0.363017
0.377632
0.382614
0.405128
0.407861
0.402443
0.407214
0.389342
0.385713
0.401894
0.383821
0.373622
0.36477
0.382668
0.398892
0.422142
0.458361
0.451548
0.463322
0.473754
0.511408
0.502293
0.387871
0.47431
0.431333
0.458449
0.412028
0.398917
0.390059
0.375508
0.37665
0.381639
0.401195
0.410495
0.413506
0.438013
0.459074
0.457568
0.412711
0.401472
0.387139
0.38814
0.381289
0.382277
0.390455
0.403694
0.421854
0.446294
0.418592
0.427438
0.408261
0.403597
0.393872
0.405946
0.395253
0.419601
0.416387
0.432449
0.464148
0.41745
0.397138
0.385575
0.368505
0.356693
0.348423
0.359079
0.366301
0.366614
0.361085
0.372081
0.389605
0.381249
0.366715
0.354831
0.358633
0.357221
0.354346
0.360335
0.361803
0.358985
0.374297
0.368647
0.367542
0.392758
0.382643
0.379683
0.37776
0.408921
0.428679
0.466493
0.435633
0.453432
0.44033
0.408096
0.409941
0.430299
0.447602
0.466646
0.461946
0.375245
0.396701
0.474716
0.452962
0.432182
0.458288
0.480177
0.495843
0.453221
0.468523
0.453714
0.450383
0.433328
0.43956
0.441054
0.431292
0.420724
0.423575
0.462985
0.464415
0.446881
0.47164
0.527745
0.479592
0.463292
0.542508
0.437056
0.484837
0.515354
0.468259
0.450206
0.475133
0.529452
0.479099
0.494238
0.471666
0.483569
0.462747
0.433652
0.458675
0.434009
0.433733
0.424523
0.435577
0.446294
0.468715
0.41691
0.383897
0.415776
0.434695
0.440889
0.462808
0.475182
0.446767
0.444181
0.410018
0.429255
0.432488
0.424173
0.432684
0.399171
0.442479
0.429279
0.410143
0.412708
0.453601
0.451861
0.441659
0.432249
0.438825
0.409226
0.397083
0.3697
0.372637
0.373326
0.366469
0.373479
0.375082
0.385933
0.42895
0.433179
0.423031
0.417822
0.421381
0.407644
0.403155
0.392856
0.400451
0.391573
0.40744
0.419241
0.443454
0.411928
0.418654
0.43524
0.426977
0.432936
0.449135
0.443709
0.428685
0.415094
0.420884
0.447025
0.41403
0.402605
0.408182
0.422208
0.414988
0.416906
0.421114
0.409574
0.385551
0.367348
0.375292
0.388247
0.387733
0.408607
0.421045
0.410546
0.373101
0.38039
0.417829
0.426727
0.42403
0.39317
0.38158
0.368518
0.371612
0.370433
0.368306
0.373147
0.371532
0.391969
0.414233
0.411861
0.416354
0.400114
0.389189
0.390879
0.405782
0.422195
0.43653
0.390427
0.4012
0.408862
0.425344
0.40016
0.400286
0.406714
0.414388
0.414601
0.371761
0.414038
0.457946
0.44648
0.427905
0.462888
0.491333
0.478997
0.435843
0.501507
0.515338
0.514557
0.400852
0.40238
0.419991
0.483431
0.489523
0.530502
0.526718
0.477886
0.490394
0.431455
0.443756
0.484893
0.45805
0.447959
0.426137
0.457942
0.467514
0.486053
0.463662
0.455487
0.502992
0.388574
0.429216
0.394379
0.39593
0.41958
0.482001
0.407006
0.419648
0.434914
0.445251
0.47678
0.459081
0.437181
0.446728
0.513883
0.476781
0.480861
0.455331
0.413169
0.469914
0.508709
0.477449
0.482282
0.501652
0.515963
0.435717
0.436424
0.364695
0.360935
0.408031
0.425338
0.407363
0.401169
0.375452
0.400787
0.4041
0.402921
0.38062
0.37164
0.36074
0.358781
0.351752
0.35402
0.358675
0.366483
0.372758
0.349043
0.358561
0.359811
0.381972
0.375692
0.373966
0.373254
0.384683
0.407551
0.421193
0.425919
0.420094
0.422466
0.40657
0.397775
0.382074
0.359287
0.356646
0.365897
0.358209
0.35552
0.349752
0.347751
0.357938
0.382316
0.368135
0.394663
0.380416
0.386111
0.374812
0.369657
0.379941
0.382967
0.372113
0.357088
0.350299
0.347042
0.350696
0.352119
0.364161
0.380015
0.399118
0.370222
0.369111
0.356631
0.349397
0.348002
0.338373
0.336758
0.343339
0.347184
0.354667
0.346805
0.344681
0.343997
0.335514
0.339328
0.340984
0.351739
0.353862
0.347594
0.351961
0.348932
0.357343
0.375255
0.360911
0.361812
0.382431
0.384039
0.385151
0.38302
0.376736
0.370312
0.368085
0.355975
0.361288
0.368144
0.373076
0.410984
0.441273
0.398032
0.385224
0.360107
0.366001
0.361799
0.37286
0.380803
0.383587
0.3815
0.375311
0.364524
0.368305
0.35592
0.354762
0.363771
0.372468
0.361422
0.35779
0.372662
0.376405
0.355595
0.38601
0.37976
0.382036
0.370768
0.374706
0.360753
0.349573
0.352787
0.358674
0.370021
0.380778
0.378397
0.378979
0.385974
0.375242
0.37446
0.373087
0.378571
0.390257
0.373788
0.383876
0.384435
0.390346
0.392163
0.404741
0.382949
0.384744
0.385253
0.385799
0.385719
0.39108
0.407651
0.396894
0.386765
0.40715
0.362484
0.408078
0.423196
0.431617
0.422211
0.408817
0.406094
0.387621
0.383005
0.370686
0.366416
0.356169
0.351806
0.351245
0.344589
0.349978
0.360566
0.349192
0.338512
0.352042
0.346029
0.343073
0.345486
0.342956
0.352439
0.354033
0.35261
0.35659
0.36519
0.37439
0.389195
0.369691
0.352927
0.354399
0.346836
0.358562
0.370192
0.380929
0.393466
0.40534
0.391686
0.377975
0.374635
0.383769
0.34079
0.360031
0.371107
0.35211
0.344348
0.330424
0.351158
0.333858
0.339808
0.346004
0.344179
0.348288
0.350111
0.358062
0.369654
0.381332
0.383501
0.386178
0.406494
0.392941
0.409514
0.402886
0.394411
0.415059
0.449304
0.393064
0.424667
0.422011
0.431745
0.399021
0.433094
0.409667
0.393624
0.426241
0.386753
0.426338
0.387472
0.421139
0.408524
0.423324
0.387734
0.42
0.415363
0.398871
0.387808
0.368236
0.35645
0.358277
0.373056
0.391552
0.391786
0.376508
0.369446
0.357859
0.35487
0.35927
0.355677
0.372152
0.373138
0.377147
0.381539
0.36052
0.378039
0.38341
0.38783
0.385691
0.381578
0.384182
0.403425
0.392183
0.383116
0.3752
0.365821
0.345741
0.344078
0.35122
0.359751
0.357955
0.376768
0.377881
0.364774
0.356755
0.368358
0.376622
0.376806
0.352058
0.353635
0.3635
0.359714
0.354127
0.363319
0.372926
0.37579
0.3941
0.39261
0.390393
0.38072
0.362696
0.355706
0.366025
0.366174
0.37956
0.357127
0.359978
0.349045
0.361604
0.364654
0.35962
0.355926
0.372488
0.381794
0.37945
0.39255
0.381629
0.38689
0.389859
0.395435
0.384997
0.387862
0.370437
0.372737
0.379956
0.388737
0.371526
0.36834
0.38132
0.389173
0.421175
0.401175
0.402671
0.397884
0.398536
0.366951
0.372739
0.383241
0.396274
0.399111
0.391895
0.41166
0.39404
0.395285
0.409693
0.405435
0.416211
0.410772
0.400308
0.410935
0.407835
0.392241
0.370812
0.360776
0.35411
0.35045
0.349041
0.350002
0.349949
0.352236
0.367203
0.36281
0.385568
0.388947
0.390107
0.398753
0.396316
0.399055
0.403596
0.403727
0.373999
0.378328
0.382076
0.375595
0.3761
0.365466
0.36885
0.377705
0.359184
0.382939
0.364185
0.37941
0.389582
0.389544
0.42449
0.423178
0.40771
0.41226
0.394516
0.432473
0.438277
0.470665
0.435661
0.419237
0.431426
0.438506
0.427568
0.40261
0.389202
0.398305
0.378465
0.375125
0.374182
0.37534
0.360109
0.362163
0.374583
0.405036
0.419922
0.401726
0.441335
0.407282
0.373567
0.37173
0.393328
0.400743
0.420348
0.4074
0.416499
0.440926
0.4546
0.456788
0.421825
0.452568
0.459212
0.42631
0.429997
0.422944
0.440402
0.44577
0.421229
0.415865
0.400601
0.418507
0.435478
0.411876
0.404352
0.395759
0.394301
0.37557
0.385775
0.42131
0.398593
0.441316
0.413274
0.404803
0.369805
0.373932
0.385509
0.391521
0.393425
0.435278
0.422164
0.447449
0.474509
0.452735
0.444424
0.479655
0.429207
0.497414
0.491115
0.471529
0.445241
0.434747
0.440578
0.419711
0.490079
0.496564
0.436393
0.513293
0.544922
0.565267
0.557634
0.586506
0.535369
0.563994
0.534612
0.54062
0.513994
0.485274
0.434361
0.388425
0.409971
0.4758
0.475195
0.458574
0.52423
0.471601
0.548142
0.493658
0.467719
0.458202
0.492257
0.49338
0.432641
0.386935
0.376937
0.375012
0.38717
0.395093
0.368506
0.352438
0.347737
0.349981
0.347705
0.348097
0.349711
0.366281
0.371179
0.374186
0.362699
0.362514
0.347751
0.351647
0.361342
0.369874
0.380901
0.365806
0.348285
0.349022
0.367215
0.362819
0.352619
0.344094
0.352959
0.357639
0.350545
0.35149
0.36215
0.360929
0.376185
0.39205
0.375967
0.363057
0.374675
0.377751
0.37288
0.365207
0.356603
0.359986
0.367264
0.361541
0.358203
0.360784
0.366396
0.3698
0.374948
0.390576
0.388852
0.388916
0.386923
0.39693
0.410471
0.409257
0.40976
0.404787
0.411329
0.418143
0.394801
0.399278
0.401813
0.390669
0.411541
0.414507
0.406994
0.407653
0.40828
0.431857
0.424232
0.412395
0.372293
0.475175
0.420095
0.378036
0.406331
0.403383
0.406564
0.40897
0.406117
0.41994
0.418146
0.402132
0.416958
0.409576
0.420212
0.497275
0.488472
0.39009
0.39432
0.389289
0.398894
0.42535
0.396051
0.429275
0.387465
0.371138
0.405039
0.409955
0.404888
0.38459
0.388043
0.392788
0.393722
0.418692
0.38568
0.441809
0.42596
0.416662
0.415704
0.40929
0.416895
0.390059
0.38252
0.376708
0.399928
0.39926
0.378231
0.390746
0.413283
0.41956
0.397892
0.400595
0.372506
0.390632
0.40207
0.388122
0.394667
0.402221
0.418328
0.398366
0.39121
0.39874
0.401016
0.421275
0.409764
0.456551
0.530389
0.469756
0.47996
0.467164
0.480414
0.408721
0.461257
0.414416
0.39672
0.385609
0.388663
0.393542
0.445822
0.488725
0.447163
0.421729
0.396018
0.378104
0.379714
0.367348
0.360339
0.376931
0.380391
0.3895
0.434562
0.455992
0.426915
0.433926
0.427087
0.396534
0.380848
0.388158
0.363574
0.364391
0.370827
0.366879
0.357556
0.3607
0.36932
0.367018
0.392147
0.392645
0.445608
0.448665
0.44429
0.439516
0.444601
0.432205
0.438598
0.465507
0.46089
0.398067
0.380693
0.367071
0.37151
0.407766
0.400895
0.462131
0.45294
0.408228
0.397458
0.41266
0.421316
0.418539
0.396995
0.419408
0.453227
0.432631
0.465774
0.457658
0.426016
0.450729
0.444123
0.442759
0.4369
0.424964
0.427747
0.437488
0.434486
0.446457
0.410354
0.390277
0.385673
0.431368
0.444
0.437676
0.444085
0.444814
0.442568
0.428919
0.436428
0.425996
0.449399
0.481288
0.485492
0.517161
0.512553
0.503936
0.516427
0.459485
0.494832
0.492755
0.475586
0.484995
0.496338
0.494216
0.472013
0.388488
0.410208
0.403605
0.401229
0.397131
0.391431
0.369785
0.362316
0.357616
0.360014
0.350765
0.348292
0.363355
0.36644
0.36289
0.360224
0.376273
0.359861
0.352261
0.353803
0.339784
0.360718
0.375974
0.340534
0.345575
0.348818
0.35579
0.347659
0.346637
0.339893
0.34148
0.351534
0.343515
0.342708
0.348942
0.342769
0.347741
0.359446
0.369018
0.372942
0.392973
0.377974
0.359481
0.372774
0.378812
0.362894
0.345268
0.352119
0.35481
0.357013
0.361573
0.374618
0.388396
0.381765
0.37404
0.392446
0.389559
0.387752
0.376541
0.378648
0.397433
0.380805
0.382726
0.359334
0.359902
0.360345
0.367728
0.379496
0.364477
0.371672
0.367069
0.389378
0.377294
0.384656
0.397702
0.381286
0.379962
0.406645
0.391783
0.388082
0.415296
0.471081
0.480314
0.473237
0.46571
0.460418
0.486654
0.417125
0.480744
0.493913
0.530975
0.520087
0.521479
0.492751
0.507775
0.480194
0.500918
0.519921
0.43407
0.399897
0.391617
0.381169
0.372566
0.38022
0.387168
0.394661
0.425543
0.393095
0.431343
0.455146
0.444367
0.403954
0.402914
0.400895
0.404803
0.373135
0.377469
0.394369
0.410513
0.389857
0.39059
0.377088
0.355751
0.345416
0.354373
0.35604
0.35382
0.368727
0.37377
0.360088
0.350782
0.371856
0.398891
0.38751
0.385832
0.399029
0.37101
0.369472
0.362365
0.358657
0.361921
0.358481
0.351751
0.350636
0.367929
0.358799
0.347691
0.350378
0.352127
0.366486
0.383143
0.39356
0.391857
0.402423
0.357277
0.382061
0.383027
0.363667
0.350225
0.343286
0.339927
0.345386
0.350307
0.339053
0.351674
0.351544
0.354225
0.370672
0.363277
0.377781
0.369179
0.363038
0.371523
0.370768
0.363307
0.373597
0.363328
0.370627
0.371565
0.382362
0.359007
0.359377
0.363528
0.361534
0.355896
0.344329
0.353944
0.343375
0.353566
0.366176
0.369248
0.383152
0.391467
0.421473
0.405412
0.48478
0.470633
0.443869
0.481877
0.431891
0.438155
0.445036
0.436622
0.442762
0.403615
0.41266
0.420618
0.391282
0.465607
0.437651
0.476048
0.468051
0.43704
0.390341
0.403715
0.375342
0.380348
0.402595
0.402584
0.429442
0.405609
0.382516
0.432608
0.400673
0.435302
0.387711
0.371355
0.367201
0.369676
0.362691
0.382906
0.391713
0.418796
0.406551
0.413103
0.44084
0.439255
0.405882
0.46202
0.440895
0.436366
0.460686
0.469305
0.388892
0.425568
0.43676
0.40808
0.386223
0.402425
0.435861
0.410882
0.44689
0.405282
0.448284
0.400233
0.373118
0.422794
0.38248
0.375937
0.372461
0.364873
0.357615
0.356194
0.359617
0.360896
0.353033
0.360133
0.363388
0.371749
0.373578
0.390623
0.419647
0.430514
0.412722
0.463891
0.46143
0.446496
0.50789
0.438822
0.459019
0.408364
0.470583
0.552659
0.488946
0.468031
0.479089
0.39226
0.437517
0.442173
0.454568
0.406981
0.41674
0.398939
0.445678
0.430103
0.416008
0.471251
0.437087
0.522014
0.455733
0.485217
0.48076
0.434653
0.422638
0.431802
0.451096
0.50466
0.531128
0.510809
0.491425
0.524814
0.441371
0.475688
0.442599
0.436584
0.470216
0.476395
0.476386
0.490247
0.471611
0.496997
0.464087
0.412183
0.391591
0.394008
0.392666
0.393151
0.388569
0.380641
0.377394
0.3792
0.372957
0.382742
0.372762
0.383396
0.376929
0.409146
0.422368
0.421714
0.469549
0.46165
0.436529
0.46992
0.446451
0.439401
0.422095
0.432551
0.424188
0.43286
0.382209
0.433746
0.419135
0.449223
0.486087
0.474312
0.419856
0.469241
0.471653
0.443993
0.439175
0.44049
0.409921
0.405483
0.375492
0.366528
0.354049
0.352671
0.347644
0.350336
0.360504
0.3713
0.37881
0.363698
0.374115
0.355807
0.352241
0.373869
0.379331
0.391527
0.414053
0.386637
0.393531
0.395803
0.393595
0.401184
0.410109
0.428498
0.40611
0.405993
0.450116
0.441388
0.423838
0.433737
0.431054
0.43756
0.498358
0.489412
0.487805
0.469345
0.496707
0.46619
0.465547
0.441528
0.41104
0.372794
0.369212
0.37689
0.399878
0.414858
0.410447
0.407651
0.421817
0.428587
0.424327
0.430136
0.389619
0.428997
0.476375
0.425166
0.452192
0.446295
0.418707
0.416728
0.40361
0.429116
0.429491
0.42118
0.429223
0.422903
0.433377
0.389317
0.383123
0.382551
0.372725
0.373065
0.38628
0.386073
0.377081
0.380913
0.392611
0.448853
0.401779
0.39281
0.368498
0.37164
0.376754
0.372282
0.375297
0.39367
0.387449
0.3853
0.387176
0.381691
0.387644
0.424475
0.446975
0.482695
0.466678
0.416913
0.46889
0.439335
0.401898
0.365814
0.34604
0.374522
0.398084
0.402072
0.397689
0.429762
0.447421
0.435943
0.487177
0.43131
0.459852
0.437395
0.443175
0.421339
0.400155
0.402781
0.409001
0.505418
0.394318
0.416721
0.407258
0.400461
0.422049
0.429269
0.430967
0.439331
0.426498
0.392549
0.365308
0.372642
0.364392
0.363708
0.359028
0.355948
0.351086
0.360681
0.383513
0.385011
0.389992
0.392609
0.402048
0.394094
0.400018
0.393851
0.403911
0.403641
0.418315
0.425655
0.405777
0.376144
0.396077
0.400484
0.405103
0.414251
0.419599
0.396876
0.393648
0.385885
0.405671
0.400149
0.380696
0.38454
0.398395
0.381981
0.389256
0.375251
0.372861
0.359279
0.355665
0.375145
0.40056
0.408723
0.409982
0.420078
0.393321
0.386039
0.381143
0.370334
0.370431
0.372412
0.382334
0.39799
0.385309
0.370816
0.349582
0.361606
0.385665
0.377445
0.371871
0.388313
0.403196
0.390407
0.410837
0.409486
0.41325
0.407056
0.387108
0.394714
0.402886
0.387433
0.368381
0.372761
0.365735
0.368065
0.380983
0.393508
0.406443
0.437016
0.377025
0.400361
0.376942
0.387847
0.375203
0.381548
0.385488
0.377483
0.384754
0.383587
0.396141
0.413464
0.411034
0.383083
0.415127
0.409469
0.374873
0.371002
0.361162
0.362859
0.357281
0.350455
0.342789
0.345445
0.359119
0.363849
0.360575
0.336591
0.339638
0.351508
0.350072
0.353765
0.351279
0.358474
0.362717
0.37434
0.400531
0.395804
0.426457
0.410277
0.403018
0.409385
0.382683
0.37794
0.380177
0.358521
0.351023
0.337867
0.338167
0.35127
0.347681
0.354765
0.354763
0.352582
0.349613
0.354558
0.364558
0.390421
0.398339
0.392199
0.385763
0.381032
0.373848
0.370788
0.35134
0.349363
0.360837
0.361715
0.358869
0.355715
0.350197
0.347902
0.366182
0.379392
0.378253
0.368436
0.380337
0.386065
0.364681
0.366226
0.36764
0.372065
0.384457
0.376669
0.376141
0.357655
0.359739
0.391383
0.400096
0.406543
0.418327
0.394822
0.413067
0.417366
0.423161
0.410281
0.383537
0.390231
0.417159
0.418355
0.389628
0.381719
0.415048
0.418235
0.437022
0.433426
0.423605
0.375197
0.404413
0.369871
0.354436
0.364992
0.39433
0.387336
0.425842
0.432113
0.444114
0.43116
0.418422
0.409655
0.403355
0.389983
0.448252
0.454816
0.420187
0.394752
0.371914
0.353041
0.342427
0.410601
0.387282
0.379825
0.358321
0.363634
0.358598
0.36729
0.37321
0.368098
0.375283
0.372727
0.366016
0.374978
0.378408
0.381076
0.371406
0.3664
0.369454
0.37542
0.365354
0.375854
0.364288
0.354779
0.341377
0.342563
0.343279
0.34286
0.338702
0.34721
0.352287
0.353578
0.341204
0.340762
0.332833
0.334549
0.348891
0.347395
0.341472
0.349898
0.342755
0.340995
0.362385
0.363793
0.354718
0.363645
0.367068
0.387686
0.404565
0.38649
0.383992
0.379879
0.390459
0.408587
0.408267
0.393198
0.390371
0.376396
0.384369
0.392246
0.390182
0.425422
0.383171
0.37762
0.393083
0.378038
0.372267
0.386186
0.37784
0.369066
0.374146
0.422334
0.45508
0.431088
0.422654
0.438377
0.406211
0.426948
0.403905
0.44401
0.420809
0.394908
0.46742
0.418495
0.38055
0.383261
0.421381
0.394416
0.382302
0.403051
0.420871
0.46443
0.441446
0.398486
0.378053
0.386862
0.381007
0.382559
0.400962
0.431411
0.409386
0.439935
0.419731
0.397476
0.382039
0.379141
0.393799
0.397383
0.430408
0.422468
0.398301
0.455933
0.469461
0.474737
0.433828
0.394192
0.418449
0.451861
0.422625
0.420614
0.421718
0.411321
0.409176
0.389572
0.374593
0.367936
0.369134
0.371672
0.373757
0.379132
0.396938
0.425515
0.429907
0.465544
0.428342
0.430471
0.447292
0.517865
0.46871
0.450108
0.485019
0.392146
0.494603
0.560846
0.554196
0.513923
0.553524
0.565805
0.560267
0.509395
0.536844
0.581576
0.553553
0.591867
0.55914
0.602696
0.509454
0.461905
0.4148
0.423444
0.429108
0.431224
0.396025
0.390335
0.393922
0.402446
0.405571
0.399745
0.40136
0.383222
0.353357
0.373969
0.402912
0.398495
0.410902
0.411155
0.40453
0.378415
0.398435
0.385612
0.398948
0.393947
0.421252
0.428829
0.391181
0.407775
0.391113
0.384749
0.379202
0.375758
0.370283
0.372778
0.359034
0.343687
0.348128
0.351579
0.347993
0.340946
0.357289
0.360989
0.355157
0.348643
0.34314
0.344511
0.351934
0.354044
0.358844
0.373207
0.368889
0.378192
0.37868
0.380319
0.400009
0.379486
0.394556
0.390907
0.413645
0.380615
0.375931
0.441369
0.39978
0.388765
0.403736
0.370574
0.379176
0.392964
0.380496
0.379457
0.377122
0.416548
0.432581
0.407284
0.397653
0.38728
0.394611
0.376016
0.376373
0.367549
0.373792
0.378027
0.387793
0.391851
0.37383
0.362619
0.357819
0.351157
0.362373
0.391501
0.378536
0.363851
0.36228
0.355937
0.347928
0.342729
0.352114
0.363427
0.362735
0.365837
0.374705
0.386722
0.388014
0.408568
0.399676
0.386644
0.373327
0.359011
0.351893
0.356875
0.350751
0.357275
0.349964
0.345867
0.345296
0.349221
0.341669
0.35329
0.354852
0.352585
0.357017
0.369012
0.386083
0.404186
0.415605
0.438916
0.474694
0.408884
0.425767
0.451497
0.46449
0.479759
0.44417
0.422841
0.441174
0.488392
0.416859
0.441045
0.433351
0.481552
0.433445
0.408225
0.443312
0.446319
0.472269
0.458059
0.423961
0.407937
0.382745
0.399108
0.39424
0.403391
0.391819
0.394513
0.403004
0.403266
0.403357
0.397745
0.359256
0.396927
0.392416
0.385729
0.398759
0.392997
0.390625
0.403574
0.399736
0.448446
0.42534
0.362664
0.38907
0.415775
0.389116
0.399711
0.401896
0.407164
0.386429
0.401653
0.396238
0.402625
0.426001
0.357846
0.397557
0.393204
0.394844
0.391033
0.382069
0.373496
0.404319
0.410428
0.399719
0.433541
0.425899
0.40521
0.385117
0.404783
0.404845
0.40417
0.379946
0.373884
0.366487
0.396769
0.402428
0.407538
0.409775
0.387452
0.364081
0.356715
0.348406
0.348486
0.355322
0.363421
0.370203
0.3987
0.39821
0.396776
0.386971
0.392329
0.388572
0.423475
0.41446
0.419717
0.387057
0.390089
0.404317
0.398302
0.406494
0.410727
0.381763
0.377632
0.388653
0.385212
0.39889
0.378152
0.372781
0.364058
0.362632
0.372277
0.38513
0.430447
0.415646
0.388031
0.380052
0.387624
0.390072
0.400139
0.413468
0.396285
0.403061
0.422068
0.410699
0.405427
0.409078
0.413062
0.388947
0.396609
0.424981
0.400673
0.415414
0.407726
0.405585
0.427389
0.445578
0.453949
0.445049
0.436968
0.416029
0.430349
0.439748
0.486985
0.468662
0.413152
0.389546
0.41254
0.447417
0.418561
0.413392
0.448203
0.435512
0.425329
0.412889
0.452894
0.516494
0.470726
0.468432
0.463463
0.412469
0.422035
0.443099
0.4279
0.42627
0.448898
0.448426
0.409478
0.447517
0.43353
0.412761
0.432688
0.427068
0.422039
0.433524
0.472089
0.458849
0.457701
0.463378
0.430341
0.423287
0.38625
0.388689
0.387214
0.401677
0.393004
0.380792
0.386707
0.393838
0.3732
0.359453
0.356224
0.347978
0.343682
0.347019
0.353482
0.355933
0.351974
0.367125
0.37769
0.369064
0.428993
0.422534
0.383688
0.392306
0.398503
0.3751
0.390881
0.391119
0.413615
0.426708
0.451951
0.429963
0.412233
0.38936
0.417407
0.413391
0.420309
0.455397
0.403886
0.427077
0.432888
0.381915
0.371622
0.383083
0.382714
0.417318
0.392989
0.425771
0.404186
0.398022
0.435052
0.440365
0.444563
0.486062
0.427146
0.502837
0.500734
0.440742
0.414468
0.407352
0.38919
0.376958
0.376094
0.406168
0.424846
0.414739
0.420215
0.414482
0.402788
0.391884
0.370724
0.367018
0.37407
0.376733
0.37792
0.405113
0.3999
0.405446
0.437526
0.443359
0.412295
0.442147
0.392978
0.444976
0.526604
0.451669
0.458607
0.428102
0.402419
0.393635
0.43068
0.470982
0.391089
0.47372
0.485696
0.466243
0.456878
0.416486
0.459782
0.416101
0.391813
0.474455
0.464079
0.507168
0.449876
0.464381
0.489892
0.512212
0.525451
0.534807
0.490287
0.5171
0.524941
0.521154
0.537917
0.489009
0.486872
0.533372
0.472554
0.523233
0.487526
0.504528
0.4908
0.437638
0.479689
0.484467
0.467296
0.514065
0.514867
0.566388
0.557113
0.541622
0.592083
0.530584
0.527269
0.538815
0.525931
0.554498
0.52363
0.588146
0.59124
0.585288
0.590086
0.598052
0.544673
0.501381
0.481751
0.412234
0.47962
0.4908
0.445514
0.479366
0.47945
0.442877
0.398731
0.396212
0.396266
0.404773
0.467953
0.452325
0.428713
0.430004
0.413051
0.388164
0.373237
0.389899
0.395837
0.414397
0.479568
0.449423
0.474927
0.431753
0.419933
0.40722
0.427911
0.442633
0.425082
0.425312
0.413885
0.403224
0.369169
0.356398
0.369182
0.357848
0.360149
0.373883
0.37892
0.39626
0.406401
0.414632
0.460488
0.413105
0.457229
0.440784
0.462755
0.447086
0.447257
0.443463
0.437252
0.4515
0.437187
0.425653
0.428106
0.42207
0.438266
0.443656
0.407358
0.380834
0.37901
0.409191
0.408534
0.407737
0.389901
0.407024
0.403259
0.402131
0.396178
0.3987
0.408047
0.382598
0.370311
0.349272
0.363839
0.380729
0.367552
0.381997
0.387218
0.380528
0.413922
0.445695
0.400954
0.373435
0.400545
0.409832
0.405013
0.397906
0.417084
0.405591
0.387851
0.393245
0.424193
0.409793
0.419644
0.398426
0.363653
0.393175
0.383263
0.399917
0.408931
0.402889
0.400847
0.402845
0.390384
0.399461
0.377654
0.398495
0.412418
0.432478
0.418225
0.422188
0.435555
0.438592
0.441924
0.422813
0.439256
0.419319
0.409842
0.363622
0.429976
0.392772
0.424246
0.382375
0.372975
0.414415
0.412815
0.407956
0.414445
0.420643
0.383814
0.401436
0.446808
0.411056
0.432307
0.432016
0.408859
0.372314
0.385507
0.392881
0.38317
0.368729
0.399379
0.416661
0.409351
0.400751
0.3861
0.397926
0.41184
0.460024
0.510125
0.46674
0.433613
0.443032
0.425607
0.432466
0.416824
0.440014
0.411941
0.41246
0.416025
0.420491
0.421046
0.45283
0.394926
0.470714
0.413871
0.47711
0.439763
0.405346
0.417166
0.408867
0.468486
0.447584
0.454105
0.45561
0.444032
0.415055
0.415167
0.40894
0.401177
0.389802
0.408662
0.371744
0.362637
0.36425
0.366403
0.365748
0.367633
0.362208
0.385616
0.366969
0.356113
0.355467
0.350938
0.360289
0.344341
0.342644
0.347915
0.345836
0.337925
0.340851
0.346352
0.344946
0.354568
0.348728
0.354161
0.35119
0.347742
0.364268
0.375648
0.380752
0.381387
0.387861
0.381439
0.377526
0.396069
0.405564
0.383898
0.380747
0.373263
0.391915
0.379274
0.366522
0.362639
0.403602
0.382241
0.388109
0.41901
0.407586
0.397849
0.380419
0.40298
0.403991
0.369106
0.360154
0.354881
0.346473
0.353462
0.350117
0.360401
0.35386
0.357485
0.359646
0.3631
0.356517
0.36967
0.3873
0.39679
0.413916
0.433803
0.429653
0.426911
0.467236
0.479789
0.503825
0.443949
0.472054
0.499747
0.480211
0.484527
0.513632
0.528275
0.499466
0.460294
0.439194
0.402622
0.393664
0.401672
0.412197
0.482919
0.435003
0.376849
0.369144
0.421278
0.440113
0.46765
0.412884
0.420067
0.423594
0.387184
0.38122
0.406436
0.422277
0.459132
0.457345
0.480635
0.467129
0.46952
0.4635
0.508249
0.548616
0.470719
0.413992
0.39671
0.428438
0.453517
0.468445
0.415005
0.374371
0.34595
0.360452
0.379124
0.370303
0.376187
0.373515
0.375995
0.371716
0.360924
0.371589
0.407683
0.440883
0.389628
0.415442
0.391886
0.388885
0.383488
0.410647
0.4395
0.505675
0.432621
0.452179
0.438879
0.414272
0.395816
0.375639
0.395731
0.383009
0.357991
0.383633
0.380386
0.409904
0.39035
0.38625
0.374933
0.374341
0.380563
0.40727
0.401586
0.395883
0.39081
0.397807
0.417677
0.415384
0.405077
0.415029
0.444094
0.416904
0.414421
0.410704
0.396712
0.39354
0.37853
0.414538
0.444802
0.410693
0.383608
0.423909
0.430199
0.422216
0.471491
0.475372
0.478825
0.493544
0.421137
0.46933
0.389033
0.376865
0.387204
0.436956
0.422819
0.439703
0.430288
0.453912
0.493227
0.49423
0.463437
0.43783
0.44843
0.467491
0.48053
0.481514
0.439975
0.43126
0.477814
0.518805
0.42851
0.417719
0.420837
0.424203
0.403108
0.393402
0.376287
0.382669
0.366775
0.371035
0.389158
0.403935
0.391688
0.373383
0.372289
0.370155
0.369437
0.372396
0.374249
0.370343
0.388573
0.38796
0.401432
0.41252
0.420669
0.449713
0.437582
0.391512
0.402495
0.400176
0.390877
0.415871
0.432279
0.377663
0.442058
0.439041
0.439586
0.441939
0.400445
0.413176
0.458389
0.420049
0.402245
0.362993
0.343742
0.354062
0.410572
0.421785
0.39135
0.468644
0.395422
0.436305
0.46655
0.438218
0.385655
0.394917
0.427803
0.434298
0.463129
0.505115
0.461263
0.411225
0.4137
0.421395
0.408683
0.422073
0.423523
0.439173
0.437099
0.434989
0.480784
0.451117
0.441264
0.413057
0.443246
0.459858
0.460655
0.489148
0.490469
0.51532
0.456924
0.467471
0.418252
0.431811
0.422271
0.433537
0.424738
0.429594
0.451077
0.448197
0.41622
0.441181
0.461158
0.449474
0.444435
0.443011
0.435011
0.433196
0.451368
0.48345
0.46513
0.467667
0.456834
0.47087
0.500623
0.462035
0.489693
0.500128
0.555222
0.551652
0.557901
0.575799
0.575104
0.477477
0.503182
0.573407
0.58525
0.576036
0.582005
0.525626
0.580346
0.539473
0.542772
0.504423
0.544515
0.521378
0.45927
0.457906
0.418886
0.412949
0.411567
0.378473
0.360701
0.385834
0.405437
0.372818
0.409451
0.452596
0.438371
0.373529
0.381513
0.42265
0.409225
0.435384
0.476411
0.396544
0.450488
0.441946
0.432434
0.427518
0.402154
0.373659
0.435629
0.436131
0.418684
0.431863
0.467832
0.425705
0.404057
0.465143
0.429282
0.416186
0.420872
0.427534
0.392568
0.397828
0.414976
0.417461
0.392356
0.383668
0.41838
0.399237
0.417771
0.423577
0.356007
0.348765
0.388758
0.459675
0.409897
0.488552
0.478222
0.410673
0.417705
0.419449
0.451556
0.401548
0.429126
0.448158
0.443995
0.443931
0.387944
0.414893
0.397127
0.384287
0.368132
0.366719
0.367307
0.361063
0.368453
0.360211
0.367176
0.359376
0.356556
0.352446
0.363539
0.354269
0.345785
0.357437
0.351944
0.346184
0.35002
0.361796
0.357423
0.365439
0.361268
0.374437
0.39259
0.39106
0.402128
0.383567
0.35102
0.383667
0.375277
0.35701
0.360633
0.364173
0.372069
0.383015
0.386761
0.386875
0.381396
0.3625
0.359788
0.352651
0.427822
0.428045
0.437428
0.384308
0.400647
0.40156
0.417871
0.424345
0.433378
0.475787
0.422499
0.401177
0.400333
0.415826
0.425022
0.40888
0.439844
0.437531
0.396003
0.389431
0.371504
0.358014
0.345693
0.348121
0.354756
0.351577
0.353278
0.349723
0.358664
0.367555
0.365864
0.371491
0.376639
0.364072
0.362025
0.363109
0.36836
0.369102
0.370566
0.3621
0.373884
0.379028
0.388024
0.400831
0.398569
0.398354
0.437986
0.441789
0.479752
0.490318
0.502416
0.464741
0.480124
0.475204
0.430338
0.493383
0.438328
0.458072
0.430279
0.508375
0.451945
0.45025
0.429429
0.381098
0.373634
0.38363
0.360974
0.351271
0.374072
0.391248
0.388242
0.369388
0.375077
0.372878
0.367419
0.365069
0.364271
0.350051
0.360807
0.367177
0.381117
0.447943
0.491766
0.448618
0.413347
0.372776
0.379706
0.390718
0.40256
0.407356
0.414594
0.406879
0.38458
0.392992
0.408349
0.502311
0.495801
0.502878
0.543561
0.495843
0.443792
0.501379
0.493783
0.434152
0.395502
0.44476
0.524123
0.570593
0.511182
0.543838
0.533813
0.497419
0.53632
0.513862
0.494556
0.506402
0.504947
0.486299
0.480117
0.549399
0.49791
0.490214
0.478956
0.470035
0.488723
0.528165
0.508115
0.512834
0.517005
0.517207
0.478906
0.527949
0.5157
0.492022
0.491671
0.437755
0.465581
0.45675
0.516096
0.437204
0.44073
0.481474
0.435103
0.445386
0.396958
0.416596
0.434557
0.42393
0.498917
0.502291
0.437117
0.416764
0.480606
0.447879
0.437473
0.498321
0.404356
0.403091
0.426202
0.449239
0.395892
0.440316
0.448033
0.439235
0.424804
0.395591
0.387458
0.378421
0.376508
0.36515
0.358075
0.360396
0.357272
0.354097
0.363521
0.362472
0.382468
0.396176
0.405148
0.40107
0.384249
0.370774
0.368551
0.363691
0.368012
0.360349
0.364855
0.376415
0.40174
0.392335
0.396625
0.423073
0.415218
0.389134
0.386998
0.382926
0.367335
0.378818
0.378457
0.36436
0.352918
0.348102
0.358776
0.374223
0.385047
0.363333
0.351734
0.347069
0.350768
0.35535
0.359169
0.374172
0.386099
0.390844
0.39042
0.417422
0.385338
0.398756
0.405045
0.41464
0.413066
0.395992
0.418686
0.410147
0.397442
0.388954
0.373215
0.400655
0.384759
0.37619
0.361974
0.363665
0.360355
0.353392
0.351518
0.351025
0.356533
0.3594
0.351744
0.338358
0.350794
0.349463
0.35536
0.360558
0.387929
0.3869
0.370127
0.383696
0.377611
0.373
0.397085
0.407276
0.393238
0.390727
0.350733
0.366948
0.384363
0.379917
0.361899
0.355453
0.352539
0.37074
0.354722
0.350706
0.354686
0.365551
0.386794
0.362248
0.355693
0.373042
0.376249
0.388968
0.427433
0.404172
0.39059
0.392201
0.387245
0.382675
0.382507
0.382455
0.389564
0.398112
0.403228
0.382317
0.39785
0.41604
0.412709
0.420583
0.415629
0.424237
0.425839
0.441226
0.408067
0.460666
0.433151
0.439098
0.474992
0.395324
0.389175
0.41471
0.425077
0.391865
0.455987
0.417097
0.452742
0.472492
0.468725
0.406337
0.474092
0.505687
0.490668
0.481937
0.430607
0.46361
0.476738
0.493728
0.472262
0.513501
0.48817
0.497222
0.412311
0.47721
0.465534
0.406534
0.427449
0.420612
0.385966
0.3943
0.398057
0.448221
0.430289
0.441731
0.462038
0.392657
0.375227
0.370114
0.394874
0.45782
0.43504
0.484396
0.410869
0.417348
0.452845
0.510389
0.468828
0.436871
0.415533
0.381825
0.379696
0.381811
0.388613
0.412854
0.450242
0.424238
0.385704
0.423365
0.430235
0.442548
0.449526
0.446596
0.427602
0.417561
0.429805
0.448097
0.42322
0.423532
0.425394
0.39975
0.414723
0.43363
0.415553
0.43372
0.492445
0.442699
0.502893
0.456095
0.452153
0.48823
0.451237
0.432348
0.412994
0.381766
0.442537
0.46222
0.445735
0.469794
0.487475
0.469974
0.502947
0.502978
0.465124
0.419701
0.438793
0.432263
0.400791
0.448257
0.440231
0.428649
0.440892
0.454104
0.494864
0.487097
0.51099
0.492543
0.401929
0.394667
0.452979
0.437169
0.428144
0.432032
0.405769
0.41384
0.416188
0.37407
0.384534
0.382685
0.369705
0.370864
0.361537
0.401205
0.419407
0.431483
0.411033
0.424094
0.426678
0.44049
0.429884
0.415763
0.401572
0.394387
0.416585
0.384829
0.391403
0.373542
0.371474
0.374009
0.381011
0.384732
0.373562
0.360154
0.35
0.357856
0.355255
0.35618
0.35573
0.352032
0.362195
0.364757
0.387871
0.380591
0.412374
0.385908
0.374937
0.363126
0.361062
0.367009
0.353522
0.364427
0.379377
0.368359
0.385678
0.369468
0.373444
0.382372
0.372856
0.367673
0.343335
0.349298
0.367378
0.381551
0.382817
0.400358
0.392478
0.385265
0.391015
0.398646
0.398435
0.377015
0.388725
0.397733
0.390137
0.399643
0.406158
0.363286
0.348542
0.377013
0.375641
0.387327
0.380499
0.394377
0.385613
0.399858
0.387501
0.415242
0.458302
0.430433
0.416262
0.432348
0.417617
0.41045
0.404452
0.404161
0.376867
0.360491
0.35557
0.381701
0.504142
0.381916
0.368197
0.409415
0.362681
0.360954
0.368187
0.374373
0.371676
0.365686
0.369932
0.359258
0.378667
0.353176
0.359641
0.359197
0.372807
0.387586
0.395804
0.402053
0.406589
0.381075
0.364641
0.358351
0.373852
0.38479
0.363222
0.373617
0.36294
0.37861
0.397547
0.393867
0.368827
0.389144
0.393404
0.389531
0.379871
0.39806
0.401705
0.445038
0.491765
0.401432
0.410337
0.465352
0.49958
0.462493
0.463301
0.476541
0.478574
0.424476
0.41974
0.418595
0.453439
0.446459
0.421837
0.511644
0.507751
0.478777
0.482386
0.491384
0.496914
0.451851
0.443549
0.508863
0.472015
0.440968
0.389759
0.364668
0.367731
0.46111
0.469833
0.485519
0.459937
0.443754
0.500974
0.469046
0.481244
0.451127
0.394534
0.387514
0.372588
0.374776
0.368713
0.363711
0.359308
0.352358
0.344391
0.348529
0.347945
0.348446
0.360095
0.369235
0.363173
0.372484
0.366281
0.401253
0.410987
0.380491
0.37612
0.377577
0.39407
0.407336
0.420218
0.422949
0.391223
0.367386
0.395499
0.40059
0.394122
0.403846
0.383008
0.380098
0.38177
0.395994
0.406877
0.393036
0.389623
0.404681
0.407579
0.408523
0.400487
0.396254
0.39652
0.392319
0.368583
0.39698
0.375377
0.37256
0.369973
0.379986
0.382476
0.380332
0.363665
0.355653
0.362441
0.353276
0.348885
0.348359
0.343413
0.353899
0.357746
0.348326
0.348332
0.34873
0.374929
0.392686
0.408527
0.387286
0.393344
0.385354
0.385202
0.375112
0.359265
0.354882
0.35569
0.358173
0.350932
0.34062
0.358089
0.394422
0.369293
0.377631
0.367913
0.350314
0.363519
0.3612
0.340389
0.349648
0.356355
0.3616
0.353531
0.372484
0.372247
0.370368
0.36329
0.361739
0.350594
0.344632
0.345569
0.343754
0.347677
0.336887
0.347351
0.356874
0.34892
0.346904
0.345059
0.342132
0.342883
0.353974
0.357418
0.358997
0.357927
0.362313
0.365065
0.366748
0.380106
0.406593
0.375214
0.373142
0.362376
0.353318
0.348232
0.356253
0.351819
0.363524
0.369083
0.382088
0.395421
0.39388
0.384802
0.41724
0.417251
0.41198
0.408411
0.431168
0.395145
0.430442
0.422723
0.402472
0.415529
0.409455
0.417783
0.424758
0.397069
0.37989
0.380249
0.395065
0.37717
0.384435
0.394078
0.408406
0.414978
0.404099
0.385212
0.362694
0.368172
0.376823
0.407195
0.402577
0.396137
0.390967
0.390805
0.407188
0.405495
0.388589
0.375145
0.399723
0.404339
0.389811
0.380763
0.411197
0.430703
0.412366
0.439038
0.460309
0.384844
0.400159
0.424508
0.413516
0.420625
0.439408
0.407293
0.408927
0.398858
0.432425
0.459625
0.425657
0.43563
0.463678
0.459676
0.465731
0.457341
0.451828
0.513638
0.473787
0.430338
0.445108
0.466692
0.471494
0.498044
0.456091
0.45561
0.43651
0.423305
0.438603
0.445339
0.502596
0.501915
0.472223
0.490707
0.439332
0.440942
0.45681
0.42629
0.422568
0.426842
0.430993
0.404559
0.393799
0.469649
0.467737
0.463611
0.468337
0.453984
0.446206
0.451457
0.40668
0.43087
0.421431
0.443877
0.437481
0.43275
0.439715
0.497236
0.474502
0.466481
0.459263
0.47081
0.495824
0.508838
0.497679
0.444486
0.436195
0.507508
0.473466
0.480768
0.447677
0.464797
0.503005
0.56
0.511733
0.496143
0.462353
0.423337
0.418409
0.410859
0.404889
0.398924
0.407975
0.405782
0.420262
0.417593
0.408728
0.432955
0.443401
0.459436
0.463629
0.43657
0.418741
0.424617
0.452441
0.463225
0.474782
0.477457
0.490206
0.501046
0.50769
0.5095
0.506482
0.581625
0.587266
0.509225
0.423006
0.40923
0.422705
0.41608
0.409504
0.42186
0.415984
0.446559
0.423043
0.414749
0.437011
0.415476
0.410038
0.425129
0.405448
0.373678
0.382839
0.418766
0.394622
0.418125
0.410142
0.433666
0.44333
0.427202
0.417845
0.42507
0.411284
0.405451
0.423144
0.414235
0.396387
0.418765
0.457878
0.416409
0.445288
0.408977
0.447154
0.399844
0.421165
0.414873
0.400405
0.403981
0.443393
0.401845
0.445007
0.417972
0.418557
0.453689
0.432988
0.411526
0.386438
0.392357
0.39046
0.399221
0.373895
0.414521
0.406347
0.390544
0.390016
0.381751
0.379552
0.396944
0.390871
0.361878
0.340133
0.356245
0.411913
0.399901
0.387516
0.387751
0.404674
0.385517
0.372914
0.360174
0.351458
0.359433
0.357632
0.368538
0.379206
0.38344
0.390052
0.372268
0.391824
0.423803
0.432295
0.42362
0.396024
0.398603
0.419816
0.364137
0.391952
0.385738
0.40536
0.39362
0.40376
0.401581
0.377958
0.388486
0.41109
0.42534
0.415118
0.422115
0.408258
0.436803
0.43368
0.393762
0.394404
0.409964
0.3893
0.380995
0.374832
0.384506
0.403851
0.402347
0.377773
0.403326
0.404033
0.38035
0.392499
0.422074
0.419088
0.393686
0.390002
0.401461
0.40771
0.431733
0.384373
0.422912
0.429069
0.409175
0.397499
0.436895
0.412312
0.392968
0.358204
0.353956
0.357045
0.358242
0.357666
0.360313
0.344242
0.337914
0.34475
0.344468
0.338902
0.339085
0.338365
0.337399
0.361624
0.34223
0.341023
0.342446
0.350714
0.352099
0.357477
0.364165
0.382977
0.397258
0.358231
0.362697
0.384582
0.379683
0.372082
0.364833
0.352396
0.350383
0.34034
0.351041
0.34134
0.334358
0.337139
0.338621
0.345441
0.350106
0.345821
0.344888
0.33447
0.345558
0.341025
0.345334
0.341443
0.342876
0.34824
0.362597
0.344133
0.349351
0.344211
0.351912
0.347034
0.354142
0.342866
0.347567
0.335065
0.334425
0.329889
0.339189
0.350826
0.341679
0.340864
0.347982
0.339162
0.339718
0.350378
0.345439
0.335827
0.35448
0.367425
0.36507
0.376957
0.378067
0.401209
0.390542
0.38908
0.370491
0.380465
0.371713
0.377795
0.367067
0.388337
0.38906
0.383599
0.360278
0.365363
0.374919
0.401553
0.372708
0.374056
0.381252
0.374641
0.362387
0.369173
0.388217
0.375308
0.381013
0.358838
0.381594
0.385484
0.395248
0.373273
0.357043
0.351333
0.354254
0.343641
0.34708
0.340013
0.348717
0.330533
0.346534
0.340438
0.343936
0.350593
0.350276
0.345417
0.345969
0.345593
0.345421
0.35501
0.349875
0.348371
0.341387
0.344376
0.335982
0.355229
0.336736
0.347012
0.336645
0.346013
0.348988
0.346446
0.349017
0.336462
0.339779
0.343824
0.352368
0.342509
0.349458
0.359923
0.361486
0.362392
0.37113
0.373179
0.362808
0.353819
0.357271
0.351681
0.358224
0.366491
0.367917
0.366684
0.360342
0.366981
0.388113
0.401018
0.403481
0.403567
0.444167
0.416548
0.378076
0.383385
0.380526
0.375618
0.39113
0.401091
0.393395
0.40955
0.414247
0.441616
0.462332
0.44183
0.420018
0.422729
0.439132
0.428879
0.447171
0.385204
0.441551
0.415447
0.399835
0.376149
0.361876
0.368664
0.373047
0.378314
0.389786
0.401292
0.387713
0.370596
0.361187
0.352036
0.355163
0.361307
0.365994
0.357156
0.357274
0.360151
0.364191
0.3891
0.390467
0.41324
0.398955
0.391913
0.378394
0.369179
0.37697
0.369607
0.373219
0.385488
0.381513
0.388574
0.407638
0.406632
0.426774
0.436346
0.461216
0.484069
0.439194
0.442827
0.476145
0.482668
0.476881
0.469849
0.450951
0.506748
0.538923
0.499573
0.493979
0.550678
0.475597
0.402291
0.417094
0.416093
0.363675
0.366814
0.433342
0.431908
0.437605
0.436071
0.433341
0.395461
0.374176
0.386215
0.432127
0.460678
0.478621
0.465569
0.470378
0.409765
0.490049
0.492249
0.403341
0.393271
0.390626
0.380611
0.369438
0.369417
0.368441
0.344886
0.359874
0.346114
0.349973
0.340017
0.342461
0.350659
0.356101
0.355561
0.363599
0.355647
0.354711
0.36543
0.373433
0.376166
0.383055
0.371314
0.393909
0.413402
0.39309
0.38234
0.401965
0.394397
0.381038
0.375693
0.378346
0.373094
0.38778
0.406097
0.421195
0.416484
0.442141
0.405829
0.412657
0.42458
0.371015
0.394279
0.376675
0.412042
0.398879
0.377683
0.368629
0.378368
0.372542
0.377157
0.373392
0.37701
0.383813
0.404308
0.383453
0.374132
0.364473
0.355313
0.343803
0.347117
0.336235
0.351691
0.351487
0.346274
0.343048
0.351691
0.341451
0.341754
0.342038
0.341326
0.354376
0.346437
0.348529
0.366829
0.382191
0.384734
0.381051
0.37708
0.370827
0.350904
0.342392
0.354884
0.33744
0.345391
0.355873
0.365848
0.354396
0.348264
0.355013
0.356118
0.358899
0.387364
0.404823
0.414991
0.443626
0.402435
0.377634
0.415126
0.406493
0.400423
0.40104
0.406427
0.410118
0.395643
0.37941
0.401391
0.395547
0.393965
0.381031
0.395407
0.404235
0.410727
0.433955
0.413264
0.411326
0.402629
0.408624
0.405775
0.401844
0.398797
0.412978
0.389109
0.384114
0.393731
0.395879
0.403584
0.381273
0.413835
0.39176
0.397429
0.396551
0.390567
0.37281
0.385823
0.384822
0.38315
0.399004
0.419762
0.422646
0.395916
0.385329
0.37418
0.371541
0.364707
0.388842
0.403426
0.423546
0.401985
0.416546
0.42493
0.481654
0.446045
0.447058
0.375982
0.410481
0.426878
0.399206
0.370229
0.358342
0.376351
0.426318
0.444009
0.388474
0.381261
0.421431
0.474083
0.479746
0.425517
0.457748
0.444204
0.451832
0.414347
0.397669
0.442978
0.38642
0.423584
0.388626
0.415759
0.406759
0.418159
0.462483
0.462213
0.446242
0.424058
0.466532
0.436259
0.45216
0.486961
0.430176
0.458436
0.452886
0.461321
0.393512
0.447634
0.445723
0.467043
0.482363
0.488567
0.463234
0.430857
0.460169
0.442875
0.411434
0.405188
0.379317
0.383373
0.384609
0.384417
0.37392
0.376436
0.377528
0.36007
0.381703
0.404167
0.413587
0.393556
0.374227
0.359245
0.351993
0.362326
0.356344
0.345082
0.34743
0.356355
0.361839
0.352981
0.363364
0.359478
0.363771
0.378258
0.383799
0.366964
0.358552
0.35444
0.360754
0.367295
0.374761
0.378297
0.405977
0.388811
0.426904
0.398235
0.375256
0.433269
0.445313
0.439146
0.413297
0.431852
0.447636
0.470022
0.426906
0.453053
0.475969
0.397416
0.416357
0.436548
0.481636
0.467322
0.510345
0.444039
0.388841
0.462884
0.495739
0.41066
0.464965
0.471335
0.435416
0.465949
0.478059
0.450884
0.454232
0.432422
0.436912
0.425216
0.4368
0.422188
0.416117
0.421181
0.412403
0.40794
0.4115
0.449053
0.480794
0.459257
0.54089
0.438389
0.491061
0.492477
0.535866
0.453426
0.472031
0.488108
0.448937
0.47327
0.464822
0.493286
0.458878
0.528305
0.46589
0.490935
0.481091
0.532495
0.523746
0.550505
0.568365
0.566429
0.574284
0.575748
0.483971
0.405619
0.413064
0.417795
0.415841
0.434171
0.42274
0.397018
0.431044
0.416759
0.45322
0.440913
0.437825
0.435735
0.40681
0.391971
0.386771
0.386952
0.40084
0.415986
0.434112
0.400869
0.460613
0.424691
0.409556
0.40437
0.409078
0.416541
0.405389
0.410767
0.427644
0.451695
0.42589
0.434137
0.441604
0.45366
0.434029
0.418537
0.420333
0.437912
0.426013
0.41987
0.432177
0.487737
0.444911
0.416202
0.418077
0.444482
0.409548
0.391457
0.405642
0.408537
0.419665
0.408767
0.405019
0.445298
0.397352
0.400052
0.372277
0.3559
0.373524
0.366392
0.360922
0.37414
0.379719
0.381895
0.36615
0.364109
0.378709
0.392186
0.372502
0.419063
0.39328
0.386622
0.406346
0.395874
0.414846
0.479994
0.491166
0.461905
0.469204
0.446906
0.474929
0.47938
0.47648
0.415048
0.431832
0.408154
0.42165
0.435909
0.460123
0.428902
0.403811
0.412075
0.421308
0.443156
0.438508
0.430087
0.413667
0.378891
0.378122
0.362082
0.355018
0.363989
0.388101
0.394518
0.403038
0.382333
0.398067
0.380716
0.394657
0.380968
0.363052
0.377877
0.378634
0.411251
0.398071
0.417032
0.410803
0.436437
0.380123
0.415464
0.442601
0.41113
0.396263
0.413268
0.389028
0.390328
0.369606
0.376563
0.357845
0.358739
0.371661
0.388683
0.404627
0.406389
0.400803
0.38855
0.369687
0.369288
0.38271
0.368539
0.443854
0.429497
0.404263
0.40212
0.440155
0.389918
0.396661
0.429066
0.429131
0.407369
0.409993
0.408367
0.399123
0.420476
0.418716
0.404858
0.400799
0.392529
0.383035
0.441002
0.42653
0.445058
0.434987
0.445061
0.396415
0.444601
0.434744
0.418194
0.469225
0.477722
0.469148
0.444982
0.397123
0.491425
0.457714
0.464577
0.486746
0.472235
0.388105
0.393108
0.44308
0.417524
0.458494
0.477428
0.423776
0.419589
0.456248
0.46197
0.472167
0.492799
0.473539
0.415032
0.388394
0.435326
0.413974
0.420074
0.386575
0.459469
0.419624
0.426417
0.395897
0.446334
0.423428
0.503587
0.503291
0.515089
0.473163
0.508785
0.49368
0.462335
0.50527
0.398496
0.457953
0.383261
0.368902
0.448258
0.373917
0.500071
0.541416
0.483054
0.466394
0.442974
0.49554
0.464736
0.421756
0.414029
0.426429
0.426231
0.434165
0.442897
0.457664
0.433332
0.386867
0.400367
0.430972
0.420966
0.481719
0.444409
0.446807
0.441184
0.411878
0.417144
0.393928
0.40911
0.452724
0.46285
0.432867
0.452827
0.395334
0.459346
0.41501
0.396611
0.386554
0.387377
0.380522
0.378243
0.408689
0.43033
0.4751
0.447231
0.465118
0.468062
0.453064
0.471248
0.480861
0.48099
0.458406
0.442886
0.480917
0.432978
0.399147
0.408695
0.435407
0.436683
0.449274
0.446396
0.43364
0.455618
0.419216
0.398199
0.387932
0.384995
0.386438
0.397751
0.374777
0.38226
0.379202
0.373893
0.397349
0.427836
0.388891
0.392582
0.381709
0.369174
0.374856
0.399343
0.41746
0.440336
0.442188
0.448963
0.431121
0.429155
0.395597
0.430886
0.467194
0.41276
0.449289
0.477561
0.471033
0.464903
0.414838
0.537068
0.56038
0.624334
0.588156
0.619865
0.581738
0.539484
0.574807
0.552647
0.533638
0.53377
0.557244
0.460173
0.498535
0.463407
0.48168
0.539919
0.530802
0.510744
0.471967
0.453761
0.442027
0.435812
0.410359
0.414246
0.404326
0.415216
0.414732
0.421279
0.406399
0.403119
0.418354
0.448384
0.476759
0.472145
0.433547
0.421687
0.411362
0.443289
0.426749
0.471969
0.477834
0.503466
0.501507
0.469476
0.458643
0.466637
0.475546
0.441377
0.434547
0.419278
0.414586
0.415755
0.407091
0.456599
0.438499
0.478972
0.460154
0.450878
0.473304
0.467554
0.482511
0.478346
0.428736
0.421946
0.459025
0.443159
0.416788
0.42139
0.482281
0.445436
0.433841
0.457815
0.434882
0.448362
0.447842
0.435344
0.428223
0.409189
0.436771
0.443863
0.448678
0.436262
0.439136
0.456113
0.434614
0.427018
0.435467
0.470027
0.459208
0.43831
0.432135
0.443438
0.425038
0.452838
0.44042
0.413316
0.411006
0.42641
0.403567
0.406861
0.43022
0.457065
0.471489
0.480261
0.493105
0.465014
0.495096
0.493901
0.510241
0.500402
0.462616
0.496304
0.521399
0.481036
0.502012
0.508208
0.533252
0.485301
0.431009
0.415809
0.405475
0.401188
0.424522
0.419797
0.440809
0.42366
0.416287
0.429029
0.402799
0.417299
0.380676
0.440011
0.442848
0.375622
0.382131
0.413949
0.454338
0.426729
0.424517
0.440944
0.427209
0.473297
0.50313
0.4706
0.458302
0.46323
0.464244
0.451015
0.435245
0.409306
0.401258
0.393682
0.387574
0.398183
0.40331
0.417542
0.384658
0.406431
0.391113
0.428662
0.459674
0.420027
0.427277
0.448798
0.441433
0.419232
0.435018
0.425886
0.448222
0.455799
0.490917
0.473059
0.492379
0.522059
0.503792
0.427487
0.460705
0.428389
0.383233
0.377873
0.369023
0.365895
0.374903
0.366552
0.362388
0.35904
0.35924
0.359705
0.358664
0.378548
0.365743
0.369267
0.366033
0.368585
0.359163
0.354168
0.367564
0.360943
0.371526
0.366498
0.37759
0.396125
0.394415
0.416483
0.432537
0.442345
0.489696
0.462828
0.489258
0.503858
0.499611
0.494144
0.50877
0.467724
0.475175
0.46545
0.44872
0.438793
0.411364
0.469269
0.460234
0.487116
0.510702
0.426911
0.39148
0.455517
0.430332
0.45225
0.395336
0.373397
0.423599
0.462899
0.432245
0.406296
0.410016
0.391409
0.461763
0.446134
0.441744
0.493314
0.447732
0.42127
0.369452
0.365757
0.366538
0.362846
0.37882
0.407664
0.41013
0.431806
0.432081
0.419903
0.428466
0.424981
0.434179
0.440534
0.426092
0.410629
0.409522
0.415592
0.425762
0.405211
0.470991
0.469082
0.506127
0.45028
0.412979
0.419133
0.425821
0.410672
0.417699
0.427115
0.441233
0.498796
0.494796
0.490716
0.478785
0.515859
0.561412
0.568954
0.504286
0.484975
0.482434
0.496203
0.48931
0.481792
0.49414
0.534579
0.522476
0.525254
0.599337
0.579368
0.596095
0.555563
0.514324
0.546077
0.495996
0.53266
0.465197
0.504348
0.545028
0.507966
0.529131
0.513729
0.453103
0.479928
0.504701
0.463541
0.407688
0.500228
0.524673
0.45117
0.480972
0.514377
0.519055
0.452922
0.44991
0.455346
0.464203
0.457038
0.488335
0.441063
0.483435
0.544067
0.505461
0.491751
0.513608
0.469404
0.438381
0.46579
0.492111
0.42711
0.447798
0.478635
0.450181
0.408372
0.443609
0.416753
0.435172
0.431263
0.426979
0.394457
0.398079
0.407307
0.433441
0.401955
0.395156
0.397623
0.413923
0.408392
0.412354
0.400868
0.399455
0.41834
0.442251
0.44187
0.423787
0.453241
0.442863
0.460906
0.508871
0.486418
0.534675
0.520014
0.524242
0.493963
0.422887
0.487516
0.501396
0.48358
0.449996
0.429299
0.413582
0.472353
0.409217
0.461379
0.53243
0.422889
0.433057
0.379742
0.400797
0.465111
0.485539
0.451423
0.413289
0.492638
0.482872
0.499764
0.472352
0.455705
0.410507
0.391497
0.419102
0.443923
0.449339
0.4031
0.436743
0.471225
0.440003
0.457584
0.44148
0.392203
0.450996
0.452193
0.44757
0.4334
0.436184
0.426586
0.494305
0.468545
0.447094
0.410892
0.412569
0.46123
0.448466
0.475672
0.486189
0.464255
0.407638
0.432404
0.441847
0.454351
0.497291
0.528623
0.470291
0.495327
0.450777
0.496247
0.494968
0.49063
0.471109
0.398073
0.398598
0.429103
0.514546
0.513236
0.510735
0.462
0.499823
0.484865
0.455081
0.478355
0.49249
0.51517
0.499581
0.458581
0.506306
0.521536
0.492824
0.472868
0.494602
0.421116
0.414382
0.435786
0.46543
0.420869
0.417445
0.498273
0.480818
0.386117
0.481221
0.47233
0.468058
0.474584
0.466412
0.502443
0.526189
0.49352
0.504392
0.446838
0.425231
0.4255
0.419634
0.37929
0.376265
0.374454
0.363231
0.355606
0.350697
0.355111
0.366841
0.364606
0.374928
0.370033
0.39072
0.375942
0.425911
0.398695
0.395651
0.402551
0.395886
0.454051
0.437173
0.45365
0.472678
0.466505
0.466696
0.474977
0.438857
0.408332
0.409392
0.443731
0.405372
0.412253
0.452193
0.410396
0.417675
0.366783
0.40879
0.463158
0.362553
0.405422
0.42204
0.454775
0.439277
0.367561
0.4211
0.481795
0.491079
0.445704
0.452527
0.438312
0.438076
0.458184
0.459253
0.401401
0.373123
0.413244
0.431859
0.464284
0.457296
0.434
0.444841
0.427805
0.45599
0.452786
0.417627
0.380675
0.357573
0.403367
0.387141
0.378094
0.378977
0.36801
0.36786
0.374032
0.377639
0.372336
0.385065
0.424828
0.458196
0.472348
0.459568
0.461945
0.507357
0.503795
0.485681
0.502541
0.51802
0.493653
0.540005
0.501015
0.502073
0.537552
0.517304
0.492248
0.511445
0.497279
0.485796
0.53219
0.495249
0.49862
0.491207
0.537558
0.477787
0.519032
0.557833
0.541169
0.519125
0.523801
0.48586
0.523747
0.592254
0.585743
0.560519
0.575106
0.541236
0.519598
0.537989
0.414063
0.433362
0.423319
0.404615
0.367844
0.362333
0.357169
0.37331
0.380676
0.389821
0.409408
0.415268
0.41982
0.426013
0.401775
0.380312
0.370377
0.374172
0.383231
0.391591
0.393973
0.40245
0.405773
0.389965
0.407006
0.393222
0.425519
0.440269
0.416959
0.394257
0.389308
0.426953
0.440283
0.441699
0.395111
0.404409
0.426756
0.424202
0.444341
0.429533
0.422069
0.40344
0.404377
0.400632
0.445103
0.455891
0.462659
0.410266
0.433946
0.429326
0.463272
0.435939
0.42346
0.423308
0.396543
0.41208
0.373672
0.401641
0.424819
0.399475
0.445291
0.4107
0.393493
0.38581
0.471804
0.437017
0.429563
0.420844
0.409239
0.417352
0.410958
0.403765
0.38322
0.388814
0.39671
0.379019
0.400636
0.421831
0.401205
0.380805
0.371404
0.376682
0.371704
0.372554
0.369094
0.355801
0.348425
0.348373
0.340742
0.349022
0.347689
0.344134
0.348041
0.363998
0.363663
0.368359
0.389474
0.397202
0.419543
0.397514
0.386034
0.385884
0.346797
0.352023
0.356397
0.363264
0.348417
0.366719
0.376506
0.381958
0.403737
0.410061
0.398721
0.411605
0.425663
0.428901
0.415942
0.370403
0.477533
0.489616
0.419556
0.381411
0.368896
0.374781
0.369279
0.35754
0.368065
0.372991
0.372145
0.364849
0.353691
0.352553
0.36103
0.347178
0.369554
0.378651
0.378013
0.37761
0.383177
0.365499
0.354738
0.35824
0.371974
0.355465
0.357668
0.361735
0.377474
0.424339
0.404762
0.408222
0.434948
0.434242
0.434548
0.457792
0.463042
0.420471
0.413639
0.439871
0.447574
0.419335
0.464163
0.453693
0.500414
0.496363
0.374366
0.428297
0.445401
0.441532
0.43109
0.432576
0.432004
0.417886
0.41108
0.404173
0.388445
0.37776
0.378365
0.377791
0.367928
0.363406
0.363362
0.365272
0.38584
0.389732
0.374849
0.3772
0.390151
0.384022
0.379275
0.383677
0.385244
0.396459
0.39777
0.35743
0.417785
0.426107
0.432867
0.4283
0.435389
0.438604
0.422939
0.443784
0.437671
0.415811
0.427713
0.4109
0.366308
0.358388
0.351753
0.360103
0.38242
0.397739
0.415614
0.383973
0.38787
0.430037
0.397913
0.433707
0.418027
0.386187
0.387184
0.387669
0.371728
0.364808
0.347274
0.348014
0.340418
0.350699
0.349091
0.349569
0.340424
0.342778
0.338818
0.348615
0.360294
0.354918
0.340279
0.347633
0.365657
0.36076
0.342513
0.35224
0.359552
0.372073
0.381576
0.403396
0.388012
0.380664
0.366494
0.351007
0.34865
0.350835
0.349253
0.362723
0.37795
0.376359
0.357608
0.360878
0.381713
0.419706
0.425916
0.453896
0.374697
0.399944
0.453636
0.418454
0.409116
0.401603
0.422106
0.459017
0.448112
0.464995
0.423812
0.411738
0.394085
0.422256
0.430254
0.479355
0.48276
0.430218
0.495491
0.524896
0.518028
0.458107
0.481413
0.600628
0.591905
0.613001
0.5868
0.571632
0.584667
0.583401
0.537378
0.528116
0.530277
0.547859
0.581788
0.54426
0.548855
0.549641
0.535263
0.536646
0.542821
0.507089
0.531695
0.497326
0.515881
0.492024
0.474497
0.454795
0.511025
0.525406
0.537964
0.517904
0.520555
0.465693
0.463527
0.426685
0.435342
0.492279
0.513601
0.534459
0.520417
0.525762
0.520955
0.515847
0.435839
0.45108
0.430302
0.487208
0.53795
0.536338
0.460649
0.488281
0.539819
0.518501
0.511837
0.436286
0.478818
0.518215
0.463526
0.448592
0.512678
0.510365
0.492592
0.512447
0.539191
0.517521
0.524825
0.536565
0.551197
0.546536
0.548307
0.526103
0.521793
0.487893
0.415676
0.408705
0.404759
0.403502
0.401419
0.398513
0.427836
0.409334
0.400091
0.413108
0.422669
0.416916
0.416151
0.414637
0.407264
0.414686
0.37213
0.401541
0.418169
0.423629
0.435193
0.411967
0.466789
0.443665
0.500226
0.503615
0.439143
0.460049
0.464806
0.444818
0.423147
0.453653
0.434144
0.413368
0.440636
0.42694
0.456064
0.460102
0.518253
0.505796
0.501035
0.438342
0.442285
0.461748
0.426421
0.503249
0.49043
0.506188
0.535947
0.502258
0.470885
0.414427
0.413586
0.448305
0.413495
0.417316
0.487114
0.531124
0.513813
0.525008
0.501538
0.513754
0.429287
0.470041
0.461506
0.513414
0.522299
0.454758
0.504668
0.464269
0.48574
0.53119
0.540283
0.4408
0.43264
0.422975
0.472843
0.5066
0.401961
0.402408
0.426325
0.509852
0.531331
0.536078
0.518711
0.525894
0.457789
0.489298
0.511519
0.486335
0.507432
0.519035
0.511266
0.461635
0.494255
0.535891
0.523945
0.536861
0.501841
0.532894
0.535868
0.489987
0.547416
0.51945
0.493854
0.483801
0.470268
0.44252
0.418427
0.444502
0.447371
0.452494
0.451329
0.43771
0.465761
0.502868
0.5173
0.492126
0.459813
0.500566
0.550332
0.545166
0.457476
0.486035
0.430908
0.439216
0.436402
0.453127
0.434635
0.445954
0.470526
0.479752
0.52298
0.422958
0.466796
0.487481
0.468599
0.450141
0.431637
0.454621
0.457331
0.44738
0.445765
0.461472
0.489094
0.443633
0.465676
0.466363
0.474537
0.409026
0.445853
0.452533
0.428873
0.430952
0.439163
0.422727
0.386543
0.383451
0.398409
0.369318
0.363975
0.366525
0.378224
0.372917
0.377258
0.379235
0.396843
0.391702
0.400732
0.394523
0.377549
0.405023
0.400803
0.417936
0.387827
0.380856
0.378709
0.386115
0.40432
0.381088
0.38075
0.394594
0.392031
0.408791
0.383611
0.400875
0.376486
0.365459
0.366877
0.384341
0.380385
0.384999
0.390598
0.388138
0.413043
0.405829
0.413221
0.395504
0.394455
0.42928
0.490879
0.453576
0.417341
0.422499
0.424446
0.415795
0.431688
0.446294
0.4434
0.406839
0.432397
0.400159
0.434572
0.419171
0.410244
0.424076
0.40045
0.391579
0.422146
0.429688
0.438014
0.464916
0.436878
0.439803
0.445683
0.416265
0.466668
0.475201
0.470737
0.481173
0.438
0.425768
0.395912
0.435343
0.474008
0.492176
0.466396
0.501387
0.487795
0.494033
0.472635
0.459057
0.490936
0.445097
0.44338
0.451665
0.461668
0.445565
0.462238
0.459151
0.448003
0.495635
0.504171
0.483073
0.444118
0.493333
0.471758
0.454573
0.451969
0.477246
0.449332
0.460819
0.448912
0.411382
0.399963
0.392733
0.392997
0.413016
0.447315
0.453494
0.429527
0.442497
0.424228
0.429378
0.423088
0.407598
0.424591
0.429356
0.451949
0.462926
0.459857
0.471187
0.472539
0.465092
0.458028
0.405303
0.459988
0.412291
0.502483
0.491825
0.455837
0.459442
0.440154
0.460465
0.451768
0.478467
0.467608
0.474178
0.490575
0.489029
0.436385
0.46686
0.46713
0.462144
0.507137
0.503226
0.476415
0.467851
0.456934
0.479048
0.470801
0.446404
0.429112
0.401156
0.400652
0.404462
0.422959
0.434589
0.439704
0.414612
0.392885
0.400446
0.383034
0.37644
0.371993
0.382315
0.395751
0.414847
0.445967
0.480623
0.475313
0.485556
0.503267
0.496611
0.473731
0.447051
0.46631
0.483869
0.44345
0.462864
0.467531
0.440789
0.428843
0.436061
0.4236
0.422003
0.462975
0.491731
0.503864
0.547336
0.526879
0.58876
0.579268
0.550352
0.561935
0.599235
0.570645
0.557137
0.525099
0.394149
0.391511
0.375395
0.396826
0.433962
0.359218
0.365074
0.37167
0.376823
0.382612
0.373071
0.362176
0.361773
0.348398
0.354752
0.354623
0.372306
0.411138
0.399781
0.38191
0.360548
0.350571
0.355344
0.354148
0.344135
0.352714
0.343888
0.351947
0.345829
0.355338
0.360178
0.350108
0.342863
0.341751
0.353584
0.35038
0.34536
0.353965
0.348388
0.338972
0.34469
0.350311
0.374857
0.344096
0.344519
0.353827
0.360839
0.36
0.375539
0.393379
0.403858
0.394295
0.381305
0.379639
0.375578
0.35742
0.362986
0.362188
0.362753
0.363911
0.378134
0.388299
0.402087
0.399194
0.389522
0.375269
0.368536
0.368175
0.360948
0.385559
0.420146
0.445771
0.434191
0.448857
0.43317
0.460232
0.403732
0.451066
0.44056
0.432124
0.42518
0.428905
0.442149
0.440614
0.440774
0.41783
0.403848
0.406742
0.417678
0.459249
0.459644
0.469259
0.444713
0.415635
0.403563
0.438171
0.426614
0.40856
0.42022
0.434291
0.457541
0.411867
0.424973
0.435911
0.434267
0.402433
0.401879
0.41664
0.434385
0.45731
0.484538
0.500896
0.490867
0.497995
0.49718
0.491826
0.5214
0.532791
0.502372
0.497328
0.570803
0.519371
0.502026
0.536179
0.505832
0.557355
0.459997
0.547758
0.508911
0.449488
0.421067
0.41065
0.390922
0.475863
0.453368
0.458038
0.500927
0.460364
0.501786
0.478502
0.472982
0.535791
0.541764
0.563881
0.501196
0.510013
0.479112
0.497161
0.493759
0.528931
0.481336
0.441831
0.439448
0.472451
0.461024
0.537823
0.496203
0.511225
0.489995
0.498084
0.479813
0.469754
0.483619
0.484888
0.430424
0.453988
0.438895
0.44779
0.474543
0.455992
0.45321
0.461046
0.496511
0.448429
0.418946
0.379617
0.419035
0.457326
0.494849
0.480259
0.492001
0.406486
0.504515
0.505812
0.478143
0.476929
0.463241
0.469816
0.458942
0.445565
0.443697
0.461972
0.451687
0.427379
0.435924
0.442959
0.428156
0.403695
0.406598
0.418339
0.454541
0.486805
0.484997
0.397086
0.455886
0.510847
0.482576
0.49058
0.533991
0.552204
0.541372
0.527246
0.525767
0.462475
0.504259
0.503302
0.527607
0.550984
0.417153
0.446141
0.448258
0.448592
0.433854
0.476413
0.521418
0.476661
0.494572
0.513502
0.522309
0.502918
0.508947
0.537135
0.449959
0.486551
0.500105
0.517485
0.524183
0.517226
0.493423
0.477359
0.44147
0.543338
0.519588
0.541971
0.52314
0.484898
0.500597
0.46642
0.444242
0.445314
0.485289
0.549691
0.512426
0.499483
0.49297
0.514485
0.52988
0.551085
0.57051
0.518837
0.544078
0.470278
0.450616
0.481834
0.512485
0.47129
0.467707
0.465279
0.451828
0.431575
0.415434
0.424695
0.462451
0.38671
0.376521
0.375486
0.376627
0.366644
0.379995
0.38007
0.381048
0.392726
0.392954
0.39893
0.407989
0.419904
0.391685
0.391451
0.393492
0.385331
0.385223
0.404536
0.39105
0.427261
0.446942
0.471599
0.463087
0.416044
0.392368
0.388975
0.394853
0.387163
0.393869
0.392977
0.383593
0.391077
0.400094
0.421315
0.405574
0.410325
0.41333
0.406672
0.380523
0.371352
0.380879
0.381857
0.397794
0.393805
0.408511
0.393263
0.393878
0.428743
0.42385
0.408453
0.417524
0.427366
0.416022
0.407827
0.410799
0.42639
0.447143
0.428
0.43356
0.428277
0.421118
0.394293
0.387232
0.380716
0.370589
0.359725
0.37686
0.409673
0.401248
0.385189
0.369002
0.367948
0.390008
0.396633
0.437874
0.429795
0.42027
0.419442
0.385921
0.414901
0.380605
0.37368
0.359495
0.377282
0.362454
0.355793
0.357522
0.368018
0.361397
0.368742
0.365035
0.357854
0.375317
0.356055
0.356669
0.368396
0.360379
0.364208
0.376456
0.392867
0.394336
0.4047
0.39507
0.385695
0.365349
0.361984
0.362412
0.342617
0.360412
0.364344
0.356714
0.360564
0.351885
0.359116
0.359613
0.364407
0.363199
0.373569
0.369144
0.368397
0.364761
0.351252
0.356773
0.366705
0.388424
0.387085
0.401111
0.383838
0.389565
0.392876
0.393865
0.4042
0.413312
0.443964
0.464945
0.490862
0.501432
0.464735
0.415475
0.423962
0.420751
0.434953
0.383085
0.393246
0.39379
0.383618
0.383087
0.370567
0.381323
0.398482
0.396332
0.398814
0.406437
0.42876
0.400772
0.394065
0.382332
0.395721
0.391402
0.39691
0.426074
0.413157
0.432388
0.464556
0.453449
0.404207
0.443849
0.45843
0.475849
0.499545
0.500884
0.434593
0.402729
0.407628
0.400485
0.399519
0.401449
0.396463
0.396587
0.393079
0.407791
0.407255
0.417182
0.439925
0.446725
0.46604
0.455077
0.406436
0.429455
0.416427
0.430542
0.416601
0.400037
0.405956
0.38879
0.38942
0.386657
0.385659
0.414554
0.38895
0.379572
0.379237
0.3901
0.449459
0.374671
0.369594
0.38661
0.385663
0.397197
0.397096
0.402698
0.396638
0.383325
0.383216
0.382435
0.448097
0.402558
0.382392
0.38105
0.37904
0.383247
0.36774
0.379584
0.388922
0.385992
0.407384
0.442597
0.469018
0.485331
0.44884
0.389788
0.404157
0.422618
0.425522
0.388848
0.445216
0.454537
0.453847
0.437309
0.457178
0.410088
0.399888
0.422759
0.382083
0.381084
0.399489
0.39823
0.415046
0.408937
0.391926
0.383542
0.385389
0.397526
0.384829
0.387422
0.380722
0.385291
0.39639
0.40296
0.384055
0.399818
0.385419
0.366757
0.372785
0.366626
0.365641
0.364095
0.370653
0.374478
0.372742
0.367265
0.377874
0.371655
0.351919
0.368435
0.361718
0.357067
0.356264
0.366186
0.36368
0.360493
0.365197
0.355451
0.359525
0.354538
0.36286
0.376157
0.364658
0.365793
0.373856
0.375207
0.3641
0.357676
0.357431
0.355608
0.359439
0.362912
0.361502
0.360782
0.357399
0.356005
0.352936
0.356532
0.356317
0.357813
0.358457
0.354686
0.364722
0.360489
0.362044
0.360925
0.365357
0.355421
0.363904
0.359521
0.370396
0.355658
0.371055
0.360005
0.352402
0.364122
0.355856
0.358914
0.358287
0.363372
0.360201
0.375872
0.38458
0.358677
0.367005
0.381456
0.38337
0.376127
0.365374
0.370646
0.362801
0.354327
0.364135
0.351393
0.365723
0.372163
0.398404
0.400635
0.410505
0.424808
0.421308
0.39393
0.390352
0.40801
0.406469
0.397589
0.411432
0.395971
0.399776
0.419093
0.420137
0.416074
0.381942
0.379641
0.384249
0.36069
0.371201
0.373162
0.377015
0.381308
0.363714
0.396399
0.392802
0.452255
0.429708
0.409978
0.387405
0.358986
0.367257
0.377732
0.3921
0.397007
0.415558
0.395352
0.402896
0.3954
0.397543
0.389308
0.378852
0.391711
0.392619
0.385802
0.390168
0.402532
0.374224
0.366996
0.36545
0.37939
0.363007
0.35798
0.349075
0.372804
0.393769
0.400841
0.450093
0.368364
0.357792
0.367741
0.367506
0.376736
0.3774
0.374795
0.38966
0.409128
0.400571
0.43244
0.424362
0.441986
0.462849
0.433334
0.416049
0.400969
0.420594
0.386997
0.371535
0.359723
0.362878
0.365453
0.36908
0.369001
0.376752
0.392298
0.387267
0.42583
0.397198
0.394073
0.371167
0.365462
0.367727
0.365423
0.365384
0.36192
0.363549
0.357046
0.355498
0.360079
0.35622
0.358649
0.349266
0.352825
0.35331
0.379138
0.380741
0.393702
0.38544
0.43343
0.47057
0.459436
0.407748
0.39576
0.396176
0.391713
0.381455
0.401672
0.384648
0.388575
0.386035
0.408333
0.411659
0.426434
0.409147
0.395802
0.405087
0.393481
0.421152
0.423915
0.416871
0.410497
0.42093
0.419181
0.406627
0.410277
0.415256
0.405647
0.396193
0.406299
0.392605
0.385739
0.377788
0.373467
0.389513
0.398916
0.381402
0.380842
0.408058
0.39033
0.399203
0.396055
0.3956
0.384469
0.387634
0.376693
0.38464
0.38077
0.366624
0.369006
0.370569
0.374696
0.387624
0.359457
0.361902
0.357265
0.369102
0.368955
0.372401
0.380216
0.381728
0.392208
0.376934
0.366499
0.362848
0.373447
0.369081
0.375079
0.387721
0.389243
0.387344
0.384598
0.397818
0.402641
0.434261
0.434874
0.415305
0.446762
0.434422
0.4371
0.428392
0.401876
0.424918
0.433486
0.386355
0.371907
0.433489
0.483203
0.459572
0.541085
0.556334
0.524409
0.520317
0.538913
0.414702
0.38693
0.395502
0.376367
0.411024
0.394639
0.357549
0.359337
0.356589
0.358117
0.361622
0.361627
0.359608
0.360662
0.371485
0.415891
0.363513
0.427849
0.433669
0.397832
0.407976
0.389434
0.391272
0.441223
0.401198
0.411022
0.440264
0.4235
0.394521
0.430872
0.417929
0.386607
0.409551
0.423194
0.423275
0.378643
0.384088
0.376381
0.395064
0.398303
0.383596
0.394445
0.382607
0.376267
0.393505
0.406447
0.381408
0.378156
0.383776
0.364229
0.374622
0.392272
0.375019
0.412021
0.380345
0.38329
0.404518
0.387066
0.37846
0.406699
0.383468
0.378801
0.382796
0.412132
0.37991
0.397913
0.397613
0.383252
0.402722
0.404791
0.405257
0.402881
0.390713
0.41049
0.373918
0.385319
0.377223
0.376239
0.425449
0.41057
0.377606
0.408668
0.421956
0.370552
0.379256
0.38673
0.398917
