0.52349
0.485443
0.473111
0.482383
0.480107
0.474791
0.457418
0.456523
0.450136
0.411604
0.436149
0.402857
0.398153
0.362011
0.376683
0.362825
0.386022
0.399955
0.373841
0.360956
0.393772
0.417568
0.411993
0.441372
0.442132
0.415261
0.404013
0.392254
0.404258
0.409054
0.348317
0.35118
0.391782
0.463321
0.416198
0.394176
0.389763
0.431632
0.442438
0.413904
0.391651
0.415072
0.436534
0.432435
0.405746
0.410453
0.422855
0.436787
0.386278
0.39689
0.432729
0.3699
0.381866
0.399072
0.40416
0.435093
0.376567
0.37142
0.431672
0.405871
0.419206
0.42158
0.394196
0.412492
0.428961
0.418589
0.378987
0.361077
0.375712
0.373319
0.385319
0.364347
0.384558
0.401788
0.382431
0.35846
0.369053
0.359179
0.391288
0.403598
0.380807
0.378324
0.436167
0.393397
0.415817
0.453643
0.493912
0.386917
0.415575
0.458711
0.383649
0.381875
0.382323
0.395312
0.423787
0.440512
0.478314
0.424493
0.398584
0.398964
0.405679
0.368042
0.349395
0.357471
0.372977
0.372665
0.382377
0.377975
0.414803
0.465273
0.408413
0.413601
0.384219
0.377329
0.379664
0.387344
0.348224
0.382969
0.368324
0.384299
0.431388
0.382264
0.44324
0.491643
0.475239
0.392273
0.379534
0.400361
0.350824
0.369116
0.400369
0.388964
0.359773
0.348818
0.369669
0.387446
0.380632
0.388667
0.368624
0.360869
0.377155
0.367263
0.383466
0.35269
0.378535
0.366995
0.355705
0.352932
0.388603
0.384914
0.39416
0.370598
0.357549
0.374786
0.370645
0.361363
0.400024
0.40732
0.467485
0.412269
0.397378
0.381248
0.353114
0.349006
0.404824
0.390258
0.376375
0.390653
0.38302
0.394994
0.401713
0.404421
0.362393
0.366338
0.37411
0.361331
0.356734
0.380362
0.379665
0.372482
0.385119
0.407419
0.435397
0.427968
0.398721
0.42779
0.409483
0.369327
0.413121
0.44605
0.478229
0.433521
0.409824
0.419723
0.403491
0.397116
0.43459
0.463576
0.444413
0.426346
0.380041
0.36455
0.359256
0.37762
0.366468
0.383631
0.389948
0.354765
0.363224
0.39281
0.398605
0.375202
0.366636
0.368329
0.382259
0.398644
0.37611
0.388021
0.404247
0.422799
0.405041
0.449652
0.506152
0.40061
0.359139
0.370439
0.406303
0.417182
0.403988
0.397397
0.43067
0.403533
0.413199
0.432111
0.473038
0.366787
0.354303
0.37289
0.378636
0.481863
0.401323
0.372055
0.367486
0.358888
0.38144
0.43015
0.399754
0.425751
0.383458
0.450622
0.46815
0.419986
0.434944
0.390214
0.419998
0.427008
0.407828
0.405029
0.408385
0.400115
0.389171
0.384226
0.387585
0.376453
0.373956
0.362792
0.367853
0.407767
0.406848
0.371024
0.350502
0.374935
0.40044
0.408451
0.419558
0.412734
0.524901
0.400828
0.381908
0.36829
0.393638
0.36707
0.365881
0.418398
0.421999
0.39842
0.381369
0.397014
0.395311
0.425075
0.43955
0.423362
0.374414
0.410397
0.426479
0.415328
0.446892
0.501364
0.546989
0.429231
0.406139
0.430994
0.390977
0.4007
0.41161
0.416254
0.421893
0.354965
0.374674
0.376095
0.449103
0.417463
0.43864
0.405323
0.389885
0.419187
0.446522
0.412402
0.399949
0.415231
0.435127
0.450478
0.48957
0.496198
0.415724
0.419214
0.421675
0.363691
0.374493
0.408635
0.371303
0.420015
0.401652
0.487856
0.503174
0.455688
0.409458
0.383908
0.367534
0.39034
0.369557
0.372411
0.407815
0.448271
0.434802
0.425366
0.438785
0.448369
0.42222
0.395447
0.370926
0.380954
0.389882
0.389465
0.461141
0.440774
0.368922
0.397888
0.368935
0.370499
0.355732
0.359866
0.397758
0.392475
0.40985
0.453143
0.448829
0.456489
0.4523
0.476538
0.413673
0.421068
0.40639
0.37684
0.403306
0.400267
0.386372
0.356929
0.345442
0.343739
0.375986
0.368888
0.3451
0.353079
0.392474
0.406804
0.37378
0.46336
0.420752
0.376206
0.386166
0.392177
0.351371
0.367553
0.402821
0.396791
0.406279
0.41702
0.435871
0.418088
0.368232
0.411349
0.450157
0.455051
0.496201
0.419269
0.425215
0.411222
0.403756
0.432741
0.387007
0.393332
0.407098
0.435817
0.442396
0.45101
0.441856
0.429244
0.43887
0.408052
0.426104
0.529428
0.438987
0.449346
0.43972
0.451876
0.441621
0.426308
0.398443
0.423369
0.441838
0.416724
0.441986
0.524497
0.490276
0.468809
0.415495
0.474006
0.439674
0.447964
0.467758
0.470847
0.447743
0.405453
0.42009
0.439054
0.420265
0.523843
0.394387
0.412325
0.41561
0.367823
0.387894
0.381941
0.403203
0.419952
0.397129
0.399365
0.352111
0.378305
0.445565
0.549447
0.491972
0.502607
0.438006
0.467255
0.489224
0.484117
0.48906
0.478083
0.453963
0.392039
0.387288
0.423203
0.450024
0.44241
0.450567
0.460659
0.434306
0.50412
0.378723
0.35025
0.374227
0.41949
0.427418
0.503599
0.478573
0.471722
0.455694
0.476753
0.491259
0.505078
0.436231
0.406774
0.395463
0.41095
0.390903
0.371854
0.363832
0.419486
0.406343
0.428886
0.397246
0.426582
0.393873
0.368198
0.362857
0.359497
0.366442
0.397068
0.387664
0.386779
0.395001
0.387853
0.378481
0.402308
0.398439
0.376471
0.396329
0.445904
0.381869
0.401103
0.387608
0.395228
