0.514215
0.565251
0.579693
0.501983
0.463052
0.535455
0.477164
0.448852
0.486571
0.465565
0.505408
0.489182
0.460216
0.430559
0.485284
0.49326
0.506408
0.491423
0.487318
0.473789
0.458722
0.49317
0.472307
0.465289
0.473737
0.48619
0.494924
0.453027
0.470276
0.478788
0.478177
0.46986
0.462074
0.449468
0.431428
0.468879
0.479508
0.457873
0.454277
0.44334
0.469445
0.419047
0.468297
0.477763
0.429701
0.453948
0.453749
0.423759
0.378771
0.397583
0.408387
0.426625
0.470829
0.48222
0.416799
0.403503
0.405785
0.417175
0.402753
0.386923
0.399178
0.407718
0.403005
0.407392
0.388446
0.379796
0.409351
0.384447
0.359098
0.379094
0.356682
0.349662
0.351162
0.369139
0.381791
0.382533
0.389722
0.364683
0.356631
0.352685
0.37025
0.363532
0.373552
0.399863
0.377455
0.393762
0.380575
0.383972
0.395646
0.389507
0.405177
0.392284
0.419027
0.406791
0.3723
0.368457
0.351746
0.369141
0.384106
0.38318
0.351071
0.347627
0.351752
0.344585
0.34905
0.372253
0.389423
0.434247
0.475411
0.401392
0.432439
0.419096
0.414321
0.405846
0.421841
0.420051
0.379017
0.410225
0.407488
0.411498
0.427448
0.416734
0.413047
0.427607
0.450243
0.441032
0.41234
0.465364
0.495016
0.462706
0.484682
0.416851
0.378789
0.437881
0.442436
0.428333
0.391222
0.373586
0.41928
0.414893
0.405172
0.416764
0.386724
0.379261
0.388681
0.386872
0.391315
0.386554
0.416902
0.396787
0.404713
0.405173
0.403061
0.410509
0.43644
0.421078
0.410107
0.39968
0.386306
0.365883
0.360386
0.343725
0.339086
0.336296
0.343472
0.358242
0.366944
0.345803
0.341026
0.348767
0.362319
0.359835
0.372087
0.422583
0.487624
0.457446
0.462271
0.480367
0.461322
0.443249
0.418997
0.409803
0.414308
0.41778
0.424252
0.42054
0.414833
0.390304
0.366029
0.376385
0.37276
0.379646
0.392407
0.398676
0.39644
0.418927
0.435001
0.407172
0.450674
0.432296
0.494682
0.450785
0.440841
0.430091
0.419464
0.409493
0.416498
0.442209
0.422356
0.398244
0.378073
0.370479
0.401604
0.392001
0.408068
0.392498
0.423086
0.438765
0.415116
0.414946
0.391093
0.440576
0.466994
0.442857
0.462998
0.381058
0.404373
0.409551
0.407909
0.441469
0.462673
0.476278
0.437564
0.38965
0.3537
0.395574
0.4329
0.397871
0.392207
0.392913
0.429297
0.429497
0.370913
0.407363
0.440231
0.449582
0.432889
0.488007
0.423147
0.441821
0.429494
0.434714
0.394942
0.404413
0.38613
0.357281
0.37988
0.396593
0.417261
0.405448
0.379368
0.358896
0.427311
0.44789
0.396149
0.427792
0.435446
0.459519
0.4042
0.382814
0.360716
0.352978
0.358299
0.377601
0.406415
0.398608
0.376355
0.35538
0.365953
0.380424
0.424238
0.412088
0.407949
0.376986
0.422023
0.428136
0.390439
0.389086
0.396968
0.422781
0.448493
0.44804
0.412342
0.435023
0.447715
0.3863
0.358315
0.350848
0.36308
0.38455
0.376123
0.35433
0.353467
0.36429
0.418451
0.467997
0.412053
0.429365
0.411789
0.425711
0.458884
0.444406
0.422126
0.415336
0.426587
0.441603
0.407395
0.369491
0.380864
0.430443
0.426594
0.386423
0.397375
0.458359
0.430578
0.438725
0.422924
0.434997
0.386322
0.359984
0.36377
0.388048
0.420547
0.436332
0.479056
0.450601
0.393632
0.358536
0.388059
0.365822
0.411035
0.46113
0.459811
0.422919
0.462028
0.420056
0.406609
0.404075
0.419636
0.399906
0.400285
0.37558
0.373155
0.360546
0.345427
0.351266
0.362842
0.370327
0.372113
0.353806
0.361698
0.374275
0.396505
0.382349
0.385589
0.399416
0.38751
0.361897
0.349977
0.35233
0.373722
0.388065
0.410383
0.383307
0.381105
0.366851
0.353788
0.362282
0.364117
0.362055
0.361192
0.389411
0.391795
0.393522
0.405414
0.414903
0.407047
0.40106
0.396092
0.401356
0.392544
0.393495
0.375931
0.367047
0.360688
0.370032
0.376262
0.348597
0.342502
0.357206
0.360919
0.35713
0.359681
0.384669
0.392566
0.36376
0.339828
0.340065
0.365026
0.383008
0.400389
0.371228
0.379008
0.400768
0.405258
0.424398
0.39994
0.394928
0.390275
0.409343
0.410388
0.394031
0.365738
0.370083
0.35561
0.35179
0.3611
0.366208
0.390381
0.440074
0.431517
0.474431
0.486894
0.391931
0.387376
0.402723
0.400472
0.407142
0.373913
0.382459
0.408462
0.376843
0.403
0.430298
0.466255
0.460385
0.44815
0.442888
0.460586
0.45677
0.45797
0.485501
0.491704
0.537412
0.498649
0.368987
0.366056
0.379647
0.394277
0.416074
0.397737
0.371412
0.384727
0.430891
0.458535
0.482286
0.434478
0.468673
0.484536
0.471383
0.419192
0.407638
0.37726
0.368703
0.382367
0.368733
0.363072
0.37833
0.403938
0.379118
0.387171
0.380373
0.388431
0.372273
0.36728
0.392426
0.420587
0.423812
0.390606
0.362648
0.373157
0.414753
0.447368
0.433564
0.405769
0.407678
0.425833
0.432945
0.424746
0.44419
0.438092
0.462801
0.476854
0.486408
0.515585
0.422706
0.493935
0.455761
0.42569
0.420417
0.401283
0.414461
0.445412
0.399015
0.385851
0.401109
0.401589
0.39218
0.407506
0.40009
0.409341
0.387338
0.38895
0.398633
0.380634
0.426361
0.435011
0.398413
0.369016
0.404456
0.357566
0.360394
0.359573
0.347698
0.351512
0.360988
0.344443
0.342345
0.345802
0.344166
0.358081
0.364534
0.349976
0.365796
0.345351
0.349914
0.354648
0.377811
0.37744
0.388113
0.390958
0.370491
0.346325
0.351397
0.358441
0.366973
0.382302
0.383718
0.384408
0.361051
0.382715
0.387178
0.400987
0.373755
0.379374
0.371146
0.367083
0.379943
0.405722
0.393594
0.389093
0.423505
0.44105
0.439492
0.432071
0.485301
0.465097
0.487983
0.461055
0.384673
0.392477
0.388104
0.437994
0.438174
0.407484
0.40058
0.410484
0.425874
0.422594
0.421737
0.402558
0.397444
0.375539
0.348716
0.361533
0.358625
0.356149
0.387399
0.390656
0.399841
0.364465
0.381084
0.371693
0.380627
0.402628
0.389658
0.371641
0.391992
0.401173
0.379921
0.356042
0.341968
0.349783
0.345889
0.345542
0.363834
0.365348
0.374596
0.410645
0.394206
0.398165
0.361194
0.357279
0.352835
0.364743
0.40386
0.371323
0.398404
0.375039
0.383109
0.382017
0.43436
0.467166
0.42008
0.436929
0.415808
0.397472
0.378858
0.373043
0.368635
0.384278
0.412547
0.466732
0.463706
0.443925
0.437529
0.484657
0.541207
0.485112
0.514376
0.453266
0.460272
0.500327
0.523952
0.492425
0.436653
0.393068
0.370605
0.395953
0.392666
0.397326
0.408428
0.409121
0.37568
0.364622
0.37147
0.375594
0.384702
0.376286
0.419975
0.43304
0.39968
0.368465
0.353607
0.343815
0.354218
0.353479
0.347271
0.345952
0.344424
0.352167
0.370483
0.417637
0.407359
0.422805
0.424224
0.40778
0.374766
0.355355
0.358761
0.352663
0.3648
0.387382
0.406097
0.403052
0.413112
0.394463
0.410197
0.399347
0.355685
0.347389
0.348386
0.35669
0.351067
0.344283
0.346148
0.345021
0.351615
0.373032
0.371447
0.355429
0.365354
0.385329
0.365665
0.376733
0.372908
0.394873
0.409038
0.41028
0.390168
0.36194
0.363611
0.384095
0.408359
0.401806
0.380149
0.371787
0.379183
0.394352
0.396969
0.372706
0.35238
0.353956
0.346519
0.357476
0.375654
0.367385
0.353251
0.357965
0.392987
0.384077
0.365943
0.36394
0.381427
0.362157
0.361476
0.369903
0.36055
0.388595
0.387657
0.397785
0.376015
0.363017
0.387859
0.365913
0.35258
0.343241
0.343521
0.35724
0.388108
0.370059
0.373641
0.374492
0.385743
0.370649
0.354668
0.351924
0.363115
0.390015
0.387407
0.352655
0.34444
0.356623
0.344835
0.345731
0.344961
0.341125
0.353406
0.365048
0.412308
0.407797
0.385607
0.366023
0.379685
0.374997
0.383964
0.39384
0.381376
0.390748
0.367197
0.371499
0.401154
0.40889
0.415194
0.388318
0.374334
0.361213
0.356344
0.375162
0.38934
0.35756
0.343088
0.346876
0.370516
0.365913
0.393148
0.352379
0.354443
0.382036
0.395464
0.373593
0.351376
0.364429
0.389513
0.362546
0.359312
0.367449
0.371573
0.350849
0.356683
0.363089
0.380309
0.40517
0.424844
0.439017
0.409076
0.41629
0.391569
0.398724
0.416422
0.521024
0.529148
0.450994
0.437277
0.399128
0.420931
0.435878
0.403542
0.388604
0.412448
0.434834
0.372764
0.356443
0.406853
0.416011
0.39705
0.431029
0.378545
0.351296
0.348307
0.358796
0.353034
0.354116
0.352101
0.347482
0.352682
0.343995
0.346841
0.346821
0.354664
0.410762
0.42524
0.395508
0.399697
0.393045
0.385216
0.403496
0.402641
0.374803
0.385146
0.373325
0.401483
0.38252
0.362058
0.365545
0.352722
0.365933
0.385118
0.406838
0.403409
0.412193
0.386977
0.382138
0.37002
0.386501
0.40715
0.383815
0.366205
0.373483
0.388329
0.394775
0.390395
0.410385
0.387293
0.386179
0.409683
0.408589
0.404665
0.395621
0.402669
0.40984
0.394971
0.40815
0.414457
0.390268
0.390068
0.370322
0.357828
0.342554
0.351065
0.363979
0.370794
0.358935
0.368399
0.375078
0.348362
0.373665
0.366548
0.383387
0.387296
0.373683
0.372384
0.359631
0.358031
0.348951
0.366235
0.368386
0.346089
0.340234
0.348769
0.376933
0.369418
0.385101
0.367689
0.381272
0.406267
0.385329
0.38308
0.382025
0.390798
0.355382
0.382502
0.369861
0.35341
0.366441
0.392477
0.374155
0.391461
0.371397
0.409136
0.37864
0.367971
0.360107
0.382585
0.43008
0.447937
0.461035
0.455757
0.420856
0.417795
0.434546
0.456586
0.451198
0.421057
0.458145
0.405593
0.380023
0.373018
0.406097
0.390068
0.37836
0.449184
0.474691
0.44136
0.388608
0.395169
0.443017
0.397524
0.388584
0.428898
0.403752
0.413838
0.422886
0.35996
0.364081
0.378353
0.355938
0.36386
0.377765
0.396607
0.450351
0.423857
0.424406
0.4523
0.471208
0.450012
0.432698
0.449941
0.482682
0.492541
0.477882
0.487271
0.458769
0.431922
0.431364
0.432282
0.449687
0.43054
0.421551
0.43403
0.429508
0.377817
0.374872
0.424329
0.409215
0.398557
0.427834
0.436518
0.425705
0.418415
0.419585
0.385927
0.396533
0.394132
0.415677
0.371975
0.376357
0.410134
0.401204
0.409098
0.40912
0.399591
0.43931
0.469343
0.48771
0.439295
0.504257
0.463284
0.447453
0.463377
0.439001
0.427102
0.432137
0.456589
0.476571
0.470143
0.483965
0.393334
0.408006
0.39523
0.366044
0.360081
0.35847
0.376833
0.409464
0.412935
0.367228
0.355988
0.367992
0.383221
0.367071
0.359127
0.376537
0.346586
0.346597
0.342583
0.346418
0.351438
0.368774
0.383953
0.362701
0.387271
0.392756
0.369804
0.377004
0.361053
0.364029
0.373004
0.377654
0.355077
0.376411
0.379005
0.37742
0.388644
0.389845
0.387716
0.398906
0.409779
0.405121
0.369095
0.349407
0.351228
0.343053
0.352803
0.373602
0.354316
0.378985
0.386664
0.363826
0.344577
0.341099
0.354175
0.385592
0.399969
0.415717
0.420122
0.417021
0.402428
0.405916
0.405292
0.363961
0.382822
0.357425
0.373828
0.376823
0.384592
0.387007
0.350805
0.368571
0.365944
0.361557
0.361291
0.387509
0.369863
0.367202
0.358172
0.367479
0.385328
0.388461
0.379153
0.37638
0.40826
0.379145
0.395223
0.401721
0.40887
0.397905
0.355292
0.353652
0.377697
0.396209
0.38955
0.374036
0.371691
0.380588
0.41644
0.427735
0.433869
0.412373
0.381348
0.367404
0.41466
0.390072
0.405711
0.443985
0.443881
0.434425
0.413685
0.413476
0.391011
0.418637
0.379963
0.415309
0.456832
0.473543
0.445447
0.460836
0.541414
0.559959
0.505392
0.432918
0.480823
0.490528
0.458156
0.383576
0.3598
0.350321
0.369198
0.355375
0.367251
0.357964
0.351519
0.35994
0.37644
0.371406
0.361539
0.365032
0.385541
0.400637
0.410261
0.401879
0.404442
0.421094
0.417452
0.399711
0.412946
0.413264
0.443439
0.404176
0.39261
0.401839
0.39846
0.41981
0.407762
0.390036
0.394769
0.396793
0.394269
0.402899
0.408931
0.485935
0.452898
0.402464
0.439001
0.401826
0.374468
0.41639
0.419676
0.372946
0.364071
0.37975
0.439155
0.446145
0.399184
0.430826
0.413647
0.421093
0.44804
0.441414
0.431333
0.417036
0.429311
0.439421
0.445716
0.502026
0.493408
0.489077
0.445524
0.398772
0.367553
0.355936
0.365884
0.351681
0.355734
0.349778
0.344574
0.346638
0.365775
0.374332
0.358385
0.362164
0.383436
0.382811
0.3831
0.36569
0.370595
0.386155
0.390281
0.43287
0.474432
0.465871
0.515649
0.499898
0.417443
0.37944
0.412436
0.427444
0.389065
0.396761
0.361827
0.360496
0.365238
0.39216
0.365245
0.35442
0.358594
0.369901
0.384423
0.364416
0.344384
0.351873
0.370301
0.36736
0.370047
0.367409
0.352693
0.3565
0.396027
0.465541
0.440271
0.424407
0.429938
0.44511
0.388113
0.409784
0.412746
0.373011
0.390135
0.424952
0.439798
0.433421
0.414003
0.424275
0.405428
0.389163
0.359532
0.35932
0.382137
0.43934
0.458709
0.47491
0.459477
0.435705
0.419165
0.446483
0.478313
0.440847
0.508502
0.469764
0.461399
0.480872
0.40482
0.385646
0.377583
0.391341
0.44414
0.449637
0.427726
0.419459
0.456533
0.454341
0.406936
0.355056
0.364714
0.361989
0.386184
0.392979
0.409941
0.42791
0.434694
0.48786
0.466169
0.38351
0.40882
0.425094
0.430596
0.434725
0.418828
0.426232
0.382035
0.380298
0.408077
0.37628
0.381907
0.384508
0.44078
0.447169
0.371551
0.405497
0.455362
0.43752
0.419311
0.412867
0.428671
0.368996
0.356475
0.382967
0.397391
0.403731
0.402212
0.410569
0.391994
0.395847
0.382374
0.365215
0.411572
0.382238
0.380446
0.36817
0.37897
0.40214
0.400927
0.388542
0.372912
0.404541
0.384254
0.382391
0.402975
0.395213
0.36602
0.348124
0.353443
0.349606
0.362788
0.410641
0.393391
0.357964
0.346571
0.353004
0.384397
0.378429
0.358952
0.3543
0.368885
0.375137
0.372231
0.367531
0.402914
0.409893
0.401167
0.399376
0.429056
0.390819
0.375798
0.431031
0.408703
0.430983
0.365361
0.379406
0.365967
0.370666
0.376921
0.369659
0.359579
0.341883
0.34886
0.33834
0.345355
0.354951
0.374291
0.386418
0.401569
0.384978
0.394767
0.382207
0.383515
0.437663
0.419344
0.429589
0.394873
0.404544
0.416313
0.38934
0.424557
0.387554
0.410296
0.460918
0.419613
0.418668
0.37787
0.377795
0.435502
0.459164
0.446889
0.539585
0.544041
0.569286
0.530818
0.425202
0.394894
0.39854
0.381143
0.403512
0.392768
0.410972
0.389035
0.368671
0.348053
0.353808
0.347281
0.362431
0.382462
0.39553
0.399394
0.384573
0.385237
0.410981
0.387975
0.374151
0.379242
0.364718
0.366441
0.35071
0.370723
0.396469
0.363268
0.354136
0.344925
0.354602
0.394264
0.438756
0.454936
0.450006
0.447844
0.433396
0.435341
0.395039
0.398504
0.390419
0.391771
0.40085
0.39997
0.402265
0.400983
0.387262
0.385777
0.416735
0.399777
0.390375
0.396222
0.380074
0.353243
0.389145
0.394989
0.403412
0.406691
0.387348
0.384004
0.369179
0.406392
0.393921
0.409201
0.408641
0.402149
0.412651
0.444202
0.439671
0.429294
0.422751
0.432452
0.477513
0.437509
0.435025
0.433086
0.422724
0.456111
0.427671
0.393962
0.383877
0.355808
0.350641
0.369458
0.406089
0.38864
0.429571
0.411273
0.422211
0.399284
0.395348
0.415714
0.447872
0.468965
0.391032
0.411208
0.402635
0.372468
0.39952
0.434019
0.454879
0.423228
0.430644
0.466091
0.425624
0.472622
0.498649
0.511364
0.514658
0.508325
0.481205
0.478444
0.545762
0.54791
0.540598
0.591509
0.523246
0.456423
0.451362
0.411793
0.436181
0.38815
0.444777
0.428579
0.429416
0.379337
0.36463
0.406421
0.443771
0.449613
0.437547
0.434463
0.392979
0.40367
0.401438
0.384562
0.368095
0.395779
0.401445
0.408549
0.402014
0.399603
0.393287
0.402459
0.395075
0.422986
0.433928
0.405831
0.406545
0.400827
0.405519
0.431085
0.390548
0.391266
0.403075
0.467575
0.433796
0.416142
0.421743
0.445784
0.427804
0.451061
0.409182
0.383956
0.365242
0.368975
0.35457
0.344908
0.343293
0.351526
0.370731
0.38118
0.39206
0.377889
0.384193
0.401703
0.387265
0.352362
0.35527
0.363947
0.411404
0.449277
0.477633
0.499895
0.464142
0.406212
0.410868
0.437129
0.402948
0.433765
0.471004
0.485524
0.435248
0.385948
0.373828
0.369903
0.40709
0.394766
0.445896
0.42583
0.38044
0.39147
0.376807
0.40017
0.408504
0.418578
0.403797
0.410283
0.415875
0.470653
0.430776
0.409508
0.454537
0.463183
0.469919
0.46554
0.419411
0.386037
0.384311
0.374925
0.372371
0.398119
0.421557
0.403874
0.422164
0.42581
0.419508
0.372313
0.420853
0.425778
0.433823
0.448559
0.418409
0.446119
0.438009
0.469621
0.472862
0.427909
0.440744
0.44495
0.436794
0.466339
0.473861
0.52604
0.543747
0.552734
0.563164
0.528779
0.447597
0.38573
0.395537
0.410291
0.434645
0.433104
0.405148
0.43421
0.437078
0.420505
0.40654
0.398169
0.385919
0.432874
0.434992
0.430264
0.424181
0.387609
0.365607
0.359999
0.354366
0.351057
0.361708
0.388844
0.375167
0.363276
0.38348
0.368924
0.415907
0.414433
0.43156
0.412556
0.416725
0.356246
0.351831
0.364828
0.366762
0.368179
0.378734
0.41205
0.478841
0.462917
0.452078
0.469221
0.379505
0.37258
0.371
0.363878
0.450172
0.385356
0.407432
0.421974
0.513202
0.478148
0.447893
0.538452
0.517531
0.496414
0.499623
0.491511
0.511953
0.50763
0.465909
0.46341
0.438523
0.438568
0.465672
0.449673
0.422042
0.431991
0.396295
0.365948
0.358137
0.394491
0.375946
0.365415
0.394096
0.403314
0.376502
0.356576
0.370182
0.350839
0.381271
0.399863
0.407172
0.404993
0.384514
0.359596
0.3545
0.348888
0.367327
0.377891
0.393894
0.373225
0.364769
0.35634
0.368956
0.379174
0.40155
0.38416
0.393409
0.41005
0.426909
0.431249
0.424576
0.419136
0.455596
0.472744
0.460671
0.494081
0.466222
0.416353
0.408828
0.429797
0.400929
0.438387
0.467841
0.390654
0.421548
0.412505
0.437268
0.431721
0.417867
0.445292
0.462588
0.449082
0.427796
0.479037
0.463906
0.430585
0.443857
0.497747
0.416575
0.421376
0.401589
0.367488
0.416232
0.431393
0.408271
0.383295
0.377884
0.358632
0.355528
0.376946
0.381524
0.361457
0.376699
0.373626
0.358514
0.389898
0.392704
0.39084
0.378147
0.379573
0.393558
0.427405
0.418288
0.382778
0.394901
0.36897
0.366015
0.361693
0.392247
0.376562
0.373624
0.383034
0.385271
0.393912
0.439323
0.477144
0.449821
0.432898
0.492853
0.481378
0.4611
0.39415
0.468662
0.479452
0.389418
0.365272
0.346885
0.361336
0.387232
0.381761
0.411796
0.387072
0.389833
0.395142
0.403022
0.397437
0.378321
0.378585
0.360166
0.34829
0.352278
0.38496
0.386734
0.36108
0.351438
0.378782
0.355522
0.353582
0.36892
0.35436
0.342229
0.350393
0.345881
0.35945
0.376704
0.370059
0.35377
0.382283
0.40527
0.414375
0.416246
0.411795
0.382532
0.400882
0.381903
0.392917
0.39628
0.392337
0.397237
0.435296
0.405881
0.422222
0.424809
0.45101
0.476306
0.449374
0.472248
0.433554
0.491019
0.446781
0.427063
0.433876
0.459061
0.427101
0.43944
0.473305
0.487854
0.470915
0.465686
0.516368
0.435822
0.403509
0.417304
0.452681
0.43597
0.476197
0.509515
0.521499
0.41198
0.428868
0.420135
0.403846
0.403754
0.425101
0.419408
0.410131
0.432843
0.422621
0.414553
0.42181
0.421335
0.391121
0.398042
0.38742
0.365483
0.394684
0.373868
0.36189
0.382604
0.418208
0.395826
0.394074
0.391877
0.420303
0.423525
0.391581
0.385831
0.396641
0.405676
0.395748
0.418839
0.414605
0.370822
0.357792
0.341795
0.339123
0.346617
0.356992
0.375224
0.375293
0.348974
0.338003
0.346868
0.341068
0.348319
0.34774
0.348441
0.335383
0.344861
0.343661
0.352227
0.382005
0.382132
0.376801
0.374422
0.38017
0.372278
0.377405
0.384148
0.353705
0.343874
0.341731
0.348622
0.349248
0.342504
0.343766
0.347222
0.343253
0.352747
0.367619
0.355806
0.364882
0.387039
0.415168
0.378101
0.40064
0.441778
0.427809
0.424082
0.376466
0.384319
0.372299
0.359337
0.36413
0.399376
0.37555
0.378448
0.411385
0.455954
0.472773
0.489918
0.505673
0.406805
0.403697
0.425291
0.410353
0.461079
0.450679
0.380062
0.359483
0.344709
0.356323
0.36208
0.377396
0.400367
0.385317
0.388305
0.421832
0.401297
0.392285
0.374868
0.378041
0.38077
0.345659
0.347657
0.345388
0.34677
0.374709
0.36738
0.345314
0.356438
0.362995
0.415427
0.400523
0.4066
0.391683
0.393749
0.416419
0.406138
0.397614
0.394917
0.397436
0.385632
0.39677
0.396263
0.378822
0.416375
0.447428
0.402193
0.382408
0.408015
0.45712
0.43452
0.411332
0.411999
0.448809
0.458044
0.45215
0.439139
0.470919
0.434531
0.386421
0.377725
0.389726
0.372257
0.353463
0.357014
0.370394
0.360794
0.37431
0.404058
0.426298
0.440995
0.44219
0.447644
0.444405
0.46212
0.46085
0.445122
0.421204
0.413628
0.484589
0.489316
0.468216
0.472227
0.489855
0.52993
0.564202
0.429965
0.423245
0.428012
0.427712
0.390893
0.426242
0.414302
0.414831
0.432984
0.436849
0.427055
0.446622
0.415978
0.409852
0.411274
0.372404
0.371135
0.374072
0.39322
0.406233
0.474621
0.468499
0.420143
0.436259
0.426451
0.412526
0.364839
0.3908
0.389149
0.380914
0.409566
0.419903
0.398969
0.373205
0.380179
0.394542
0.383813
0.414291
0.415817
0.411771
0.409834
0.405094
0.437611
0.424217
0.467443
0.444973
0.450823
0.428519
0.445724
0.474899
0.412448
0.416934
0.423256
0.501002
0.483322
0.430992
0.421683
0.484926
0.450104
0.432087
0.420716
0.438183
0.437452
0.418947
0.436141
0.415444
0.385965
0.450336
0.464285
0.462553
0.431674
0.441996
0.428359
0.38948
0.37859
0.401536
0.378307
0.429673
0.420914
0.447593
0.452936
0.575071
0.577748
0.548734
0.478515
0.519898
0.443879
0.410449
0.411862
0.457072
0.427314
0.470503
0.474012
0.443763
0.422074
0.457192
0.477798
0.438294
0.440855
0.441398
0.439135
0.435174
0.441542
0.448008
0.435922
0.431314
0.415305
0.469424
0.486728
0.494125
0.501867
0.463802
0.418414
0.42342
0.408569
0.413618
0.435203
0.475571
0.451871
0.394671
0.401683
0.423266
0.433443
0.432724
0.477827
0.481015
0.39735
0.368998
0.359454
0.368559
0.362064
0.366222
0.396988
0.457915
0.494959
0.48555
0.436293
0.482541
0.424557
0.409405
0.433285
0.430654
0.446388
0.36545
0.410178
0.426215
0.427699
0.414427
0.474754
0.418351
0.4421
0.488836
0.537534
0.486609
0.512863
0.576431
0.523952
0.511683
0.508757
0.474514
0.474618
0.496802
0.454061
0.471764
0.511881
0.46869
0.452421
0.42721
0.419896
0.409897
0.401174
0.409851
0.43261
0.47183
0.519377
0.475371
0.45038
0.452967
0.427459
0.451876
0.470801
0.439503
0.432572
0.438735
0.434048
0.444578
0.454322
0.432804
0.471457
0.433162
0.503468
0.475856
0.4324
0.497088
0.477373
0.499447
0.49047
0.468738
0.434859
0.447623
0.464765
0.497934
0.464898
0.398797
0.361599
0.363801
0.386399
0.399768
0.442394
0.468056
0.425829
0.422081
0.410041
0.404278
0.419113
0.472455
0.44112
0.411081
0.448089
0.445197
0.390328
0.380039
0.37324
0.420289
0.479306
0.501003
0.507825
0.519876
0.504094
0.50384
0.520946
0.565139
0.543588
0.421786
0.364521
0.396113
0.412042
0.37713
0.398416
0.4044
0.410468
0.429964
0.418427
0.420658
0.428252
0.435342
0.433487
0.397281
0.410079
0.439995
0.412601
0.390733
0.400382
0.373547
0.360766
0.346285
0.355763
0.395303
0.37915
0.354687
0.379973
0.409765
0.411687
0.432178
0.36826
0.366943
0.356152
0.377887
0.363946
0.361522
0.406497
0.442763
0.432938
0.446185
0.448424
0.436473
0.41998
0.38254
0.366524
0.380525
0.384429
0.387924
0.414968
0.43379
0.428848
0.371176
0.387747
0.40155
0.405574
0.371381
0.34709
0.343524
0.351481
0.354608
0.36399
0.385057
0.351689
0.367925
0.382345
0.417693
0.418594
0.44884
0.412671
0.455491
0.499651
0.556874
0.583481
0.543501
0.555355
0.541092
0.515433
0.481974
0.522109
0.481831
0.471853
0.526434
0.467331
0.504467
0.502184
0.482304
0.484414
0.513606
0.528768
0.541693
0.451117
0.402123
0.410407
0.419189
0.401776
0.438046
0.474341
0.446728
0.435468
0.466935
0.471783
0.470004
0.512807
0.426238
0.461197
0.512281
0.467378
0.497604
0.506375
0.438325
0.437542
0.51484
0.497156
0.506035
0.49579
0.523054
0.524743
0.500015
0.437389
0.44748
0.498426
0.50972
0.462183
0.443045
0.482692
0.462314
0.445984
0.456445
0.464553
0.444354
0.430901
0.38652
0.370605
0.384601
0.391729
0.401127
0.387239
0.387559
0.393089
0.374429
0.389775
0.405218
0.448155
0.419368
0.432103
0.421149
0.405999
0.434324
0.43911
0.470761
0.435412
0.484418
0.476643
0.450597
0.452856
0.485596
0.465179
0.460587
0.409912
0.428757
0.43103
0.421555
0.459026
0.458167
0.451255
0.461184
0.465703
0.472991
0.471605
0.482609
0.46103
0.406722
0.428894
0.388544
0.388498
0.469031
0.486415
0.456986
0.448329
0.439376
0.524102
0.570727
0.561015
0.384335
0.392967
0.376451
0.356398
0.384922
0.363141
0.349182
0.352447
0.347816
0.3493
0.351279
0.351224
0.382614
0.383755
0.361368
0.381135
0.385339
0.379552
0.438942
0.439314
0.430081
0.43217
0.42758
0.443808
0.420865
0.431392
0.422278
0.431958
0.492092
0.510392
0.524267
0.523878
0.492202
0.412947
0.473245
0.478459
0.538946
0.489795
0.483719
0.477213
0.502461
0.476025
0.447437
0.45843
0.446484
0.448061
0.471735
0.481361
0.454561
0.445029
0.424525
0.448882
0.460724
0.51597
0.518075
0.512125
0.449528
0.476493
0.500474
0.508122
0.495033
0.500149
0.520067
0.482428
0.488866
0.501571
0.544154
0.486185
0.481203
0.437793
0.411963
0.374346
0.386926
0.404965
0.389299
0.413072
0.440775
0.391255
0.390156
0.410786
0.392409
0.387716
0.403103
0.420688
0.416813
0.431281
0.40696
0.371243
0.393159
0.392637
0.421947
0.386116
0.363783
0.364044
0.364124
0.361944
0.390198
0.381029
0.357568
0.357829
0.361867
0.368106
0.366013
0.389941
0.40092
0.473541
0.430005
0.411371
0.379977
0.395058
0.409283
0.390041
0.430372
0.436213
0.486709
0.410572
0.398281
0.404797
0.447625
0.425157
0.410623
0.390965
0.391181
0.389251
0.397661
0.38857
0.401211
0.376457
0.394668
0.463776
0.410073
0.433323
0.4306
0.396666
0.406824
0.389253
0.384447
0.393647
0.38242
0.366433
0.372207
0.366138
0.359904
0.36185
0.36158
0.368922
0.363272
0.359613
0.357235
0.356259
0.359885
0.361293
0.362869
0.361365
0.357894
0.368032
0.373605
0.372168
0.358312
0.384434
0.415274
0.399055
0.40459
0.406254
0.373068
0.37535
0.416006
0.383932
0.388719
0.400901
0.388649
0.393726
0.370627
0.362585
0.404329
0.366068
0.378638
0.41612
0.440575
0.403377
0.364656
0.376467
0.401581
0.369723
0.362808
0.358717
0.353048
0.385433
0.44376
0.393491
0.388565
0.413844
0.398816
0.419336
0.412588
0.408773
0.383289
0.386954
0.396984
0.390772
0.378489
0.373122
0.364358
0.373994
0.37727
0.37157
0.386926
0.418216
0.431153
0.423171
0.413178
0.515573
0.48633
0.393348
0.367452
0.359186
0.363284
0.407186
0.399042
0.419748
0.420006
0.404786
0.396252
0.390376
0.387018
0.385726
0.376643
0.396756
0.38666
0.389547
0.391693
0.403924
0.390128
0.396704
0.402581
0.386672
