0.524948
0.480422
0.478136
0.481762
0.47336
0.4715
0.456831
0.453445
0.432969
0.436418
0.40461
0.402274
0.381528
0.362941
0.368158
0.381579
0.391256
0.385066
0.365785
0.373723
0.427177
0.417428
0.46056
0.417248
0.405368
0.387168
0.403228
0.414547
0.360285
0.349855
0.362232
0.46753
0.421826
0.400883
0.385817
0.426114
0.446318
0.416608
0.390952
0.413971
0.4369
0.431572
0.403843
0.414403
0.416754
0.445131
0.385552
0.391822
0.427846
0.388244
0.382847
0.394613
0.399112
0.422933
0.397416
0.366112
0.425873
0.406122
0.422981
0.390048
0.436501
0.395994
0.429009
0.394625
0.358229
0.372656
0.381321
0.37528
0.36959
0.375914
0.405701
0.387193
0.360108
0.363426
0.360495
0.388308
0.404114
0.384796
0.371922
0.440319
0.392483
0.413821
0.45393
0.492918
0.3869
0.415593
0.458836
0.383729
0.381855
0.382218
0.395226
0.42407
0.440197
0.47843
0.424445
0.398833
0.398905
0.406367
0.368092
0.349353
0.357468
0.372905
0.372641
0.38265
0.378004
0.41377
0.464091
0.408827
0.413578
0.383521
0.377678
0.379604
0.387225
0.348238
0.382937
0.367682
0.384805
0.430869
0.381909
0.442697
0.490772
0.47292
0.392796
0.378733
0.400584
0.35053
0.367792
0.402543
0.388991
0.357424
0.350613
0.369667
0.39458
0.383225
0.384715
0.356984
0.370777
0.367675
0.381749
0.364768
0.364753
0.367385
0.367889
0.345291
0.385991
0.383436
0.389459
0.374502
0.363497
0.369792
0.373471
0.36175
0.395294
0.409069
0.4624
0.414273
0.395832
0.360724
0.349041
0.389057
0.391069
0.377493
0.390543
0.38332
0.3982
0.402737
0.389753
0.357124
0.36599
0.374026
0.354433
0.368761
0.389196
0.366128
0.387558
0.385578
0.438122
0.443001
0.385746
0.428945
0.411426
0.382032
0.399159
0.445277
0.476169
0.433907
0.41005
0.419517
0.403271
0.396641
0.434142
0.464028
0.445919
0.428271
0.377329
0.365515
0.360855
0.375918
0.370366
0.387902
0.374984
0.36538
0.358863
0.410826
0.379866
0.374066
0.369059
0.374108
0.39176
0.379456
0.386118
0.405547
0.41907
0.409569
0.445445
0.505999
0.400831
0.35884
0.369731
0.40519
0.419015
0.402834
0.396885
0.429095
0.408905
0.414486
0.441295
0.428648
0.353352
0.363075
0.376792
0.443763
0.433111
0.37507
0.368588
0.361216
0.365027
0.439509
0.394998
0.425935
0.384429
0.449133
0.467731
0.420241
0.437943
0.380848
0.433456
0.421069
0.403765
0.407055
0.407511
0.400533
0.389172
0.384337
0.387375
0.376013
0.374042
0.362972
0.367928
0.408727
0.406181
0.370895
0.350206
0.375173
0.400441
0.408777
0.41882
0.411178
0.524688
0.399652
0.375646
0.379349
0.386425
0.369857
0.374795
0.407985
0.3891
0.388996
0.420573
0.43936
0.429289
0.374935
0.4083
0.424582
0.413243
0.444706
0.50235
0.54503
0.428681
0.406736
0.431264
0.39199
0.400691
0.411191
0.41964
0.386809
0.359638
0.386499
0.395652
0.448309
0.443755
0.386726
0.401673
0.411325
0.446456
0.420865
0.396484
0.416009
0.433593
0.450153
0.488486
0.481862
0.424795
0.408713
0.409603
0.364402
0.38995
0.389389
0.398853
0.406674
0.490914
0.502609
0.452641
0.408059
0.384168
0.370784
0.385443
0.370777
0.374471
0.411821
0.44893
0.431823
0.426364
0.439005
0.448565
0.422482
0.394054
0.371095
0.381055
0.389747
0.390255
0.461728
0.438742
0.370346
0.397308
0.367335
0.371458
0.354882
0.360089
0.400401
0.391519
0.410077
0.453158
0.449418
0.456733
0.452759
0.475535
0.413877
0.420327
0.406279
0.376093
0.404236
0.3996
0.383358
0.358555
0.344448
0.343424
0.378472
0.36708
0.344784
0.353644
0.393775
0.406105
0.373669
0.463072
0.424586
0.361601
0.397513
0.372759
0.355027
0.386957
0.400726
0.391412
0.414928
0.432672
0.438234
0.369062
0.395809
0.452148
0.45237
0.494233
0.41835
0.427073
0.384694
0.440552
0.393355
0.39588
0.402488
0.423161
0.448583
0.44926
0.44475
0.429742
0.437283
0.40855
0.425283
0.537646
0.42946
0.454988
0.442822
0.440261
0.446848
0.425966
0.399559
0.42157
0.442416
0.416654
0.440993
0.524118
0.490734
0.46984
0.416353
0.46758
0.443296
0.444965
0.473281
0.468006
0.430434
0.417361
0.423161
0.429239
0.428899
0.5238
0.397896
0.416023
0.367757
0.387876
0.381865
0.403212
0.419981
0.397177
0.399304
0.352142
0.37835
0.445174
0.549397
0.491806
0.50287
0.441026
0.476215
0.480539
0.497837
0.472656
0.454071
0.392147
0.387837
0.421736
0.449843
0.441963
0.450315
0.460726
0.434274
0.504129
0.376736
0.350085
0.375966
0.42112
0.427897
0.50481
0.475986
0.462988
0.459707
0.48845
0.487926
0.505647
0.430784
0.406413
0.400836
0.401522
0.382988
0.368844
0.397
0.402942
0.426229
0.400396
0.42337
0.385413
0.364515
0.360332
0.366537
0.394961
0.388112
0.382619
0.401416
0.373199
0.390825
0.408136
0.382575
0.384444
0.443299
0.391289
0.391289
