0.51637
0.565939
0.57821
0.499138
0.462822
0.533092
0.482413
0.440224
0.493976
0.470924
0.502242
0.479772
0.459392
0.435061
0.487979
0.494324
0.50653
0.492099
0.484155
0.470454
0.460524
0.500661
0.464813
0.460462
0.484488
0.483331
0.487788
0.456352
0.471515
0.481964
0.471613
0.47256
0.458542
0.445782
0.422869
0.492285
0.474244
0.450834
0.453215
0.443249
0.460737
0.430182
0.476683
0.456589
0.432926
0.453267
0.459589
0.402465
0.384851
0.403342
0.410366
0.445696
0.47484
0.462521
0.401014
0.409766
0.409439
0.413352
0.38709
0.396362
0.416396
0.388447
0.410489
0.407324
0.377231
0.394598
0.397255
0.369107
0.369118
0.369255
0.347964
0.351251
0.361779
0.374789
0.384379
0.38752
0.377637
0.354758
0.351723
0.368555
0.362865
0.373821
0.389267
0.38543
0.38133
0.39347
0.37873
0.395093
0.390148
0.404872
0.393166
0.414521
0.411017
0.375645
0.370737
0.350686
0.367524
0.381338
0.383075
0.357942
0.346689
0.352675
0.345444
0.34739
0.365228
0.391038
0.429907
0.470592
0.408095
0.434041
0.420247
0.412626
0.402674
0.421465
0.421099
0.381538
0.40853
0.407778
0.413224
0.425019
0.41893
0.413575
0.429157
0.452873
0.432707
0.4189
0.469186
0.484975
0.47791
0.470498
0.405156
0.382824
0.441601
0.456521
0.414349
0.385301
0.383137
0.417829
0.404653
0.42281
0.405059
0.385764
0.376972
0.395851
0.380803
0.394717
0.383609
0.428004
0.393136
0.407878
0.401484
0.401858
0.421573
0.427998
0.415729
0.410376
0.394605
0.37528
0.363053
0.353252
0.341805
0.337568
0.339409
0.343754
0.372466
0.356661
0.338862
0.344807
0.356299
0.365568
0.356444
0.401291
0.472752
0.464107
0.467897
0.46543
0.476586
0.448215
0.406661
0.431632
0.420626
0.409894
0.420662
0.427055
0.410199
0.402704
0.368581
0.367766
0.377175
0.382363
0.384268
0.401961
0.392777
0.407604
0.44072
0.406598
0.440745
0.438965
0.480139
0.465139
0.442592
0.432933
0.416908
0.410536
0.411646
0.440231
0.42896
0.402605
0.38045
0.36704
0.39812
0.394466
0.407637
0.392632
0.420371
0.439121
0.416778
0.4136
0.391791
0.440552
0.466119
0.444352
0.461521
0.378468
0.406151
0.409816
0.409249
0.444334
0.468135
0.461266
0.439664
0.384501
0.357066
0.39556
0.437868
0.38927
0.397692
0.391992
0.448339
0.407591
0.370701
0.43769
0.408839
0.458903
0.455702
0.468555
0.429127
0.433085
0.4287
0.424878
0.398069
0.40529
0.373102
0.356544
0.394248
0.400793
0.419894
0.394442
0.362049
0.39729
0.44475
0.417976
0.414154
0.425588
0.444553
0.430687
0.400518
0.362967
0.35922
0.350986
0.365299
0.395446
0.406249
0.392382
0.358061
0.359503
0.375299
0.409217
0.411635
0.426137
0.375419
0.404584
0.436204
0.399076
0.380489
0.397067
0.417155
0.437922
0.453439
0.401961
0.444422
0.457682
0.397063
0.359237
0.350379
0.356284
0.383925
0.38192
0.35681
0.351199
0.361012
0.411506
0.468545
0.413562
0.430488
0.412286
0.425813
0.45939
0.44228
0.424188
0.412736
0.429865
0.437865
0.407205
0.367927
0.386954
0.429213
0.424956
0.385248
0.398041
0.457942
0.434073
0.434601
0.426186
0.430197
0.381387
0.360782
0.364322
0.394271
0.427509
0.424249
0.500175
0.438804
0.377043
0.364982
0.382119
0.370042
0.438641
0.447081
0.451925
0.43906
0.454147
0.410678
0.402523
0.415158
0.409087
0.410792
0.383689
0.375207
0.368502
0.354651
0.348953
0.353237
0.362873
0.378678
0.362724
0.352671
0.373092
0.376505
0.397587
0.378838
0.389334
0.402213
0.375596
0.355504
0.343348
0.371404
0.371964
0.396819
0.396437
0.391126
0.369303
0.361627
0.359787
0.364311
0.365421
0.356837
0.37191
0.395374
0.391996
0.407662
0.39677
0.418157
0.408776
0.398032
0.392235
0.399214
0.391503
0.384153
0.371365
0.361185
0.368713
0.372829
0.361855
0.339223
0.348897
0.36872
0.35564
0.352466
0.376375
0.39334
0.377282
0.342795
0.342131
0.349275
0.384295
0.395837
0.383964
0.370433
0.396194
0.409906
0.421398
0.396507
0.405925
0.373913
0.420393
0.400391
0.409239
0.364637
0.371595
0.357102
0.347806
0.36495
0.361245
0.388126
0.43398
0.422972
0.477175
0.495495
0.397335
0.386497
0.400535
0.398774
0.410733
0.375937
0.380782
0.407713
0.378093
0.398695
0.428511
0.469388
0.457581
0.449948
0.440782
0.46134
0.457284
0.457738
0.483473
0.492979
0.537094
0.498896
0.369138
0.365692
0.381717
0.392637
0.419016
0.392866
0.372157
0.38711
0.436586
0.460489
0.47914
0.427687
0.485807
0.478307
0.464793
0.417896
0.394081
0.378953
0.367703
0.386182
0.366063
0.363378
0.382649
0.40105
0.385329
0.382638
0.391411
0.376114
0.368211
0.375059
0.397123
0.429482
0.404236
0.388444
0.360755
0.393765
0.423378
0.445507
0.414997
0.416134
0.405628
0.44761
0.422175
0.430878
0.43715
0.456073
0.457517
0.489571
0.501656
0.451909
0.486103
0.472459
0.43204
0.416123
0.409378
0.415519
0.437365
0.405752
0.394153
0.394464
0.404377
0.391541
0.407635
0.397092
0.416607
0.388181
0.384043
0.402049
0.376916
0.415449
0.441998
0.40649
0.370439
0.40505
0.357232
0.36094
0.360598
0.34816
0.350315
0.3618
0.344929
0.342499
0.346041
0.343564
0.356553
0.36516
0.350423
0.365341
0.345339
0.350054
0.35542
0.378796
0.377076
0.38724
0.3924
0.366839
0.345851
0.352863
0.359014
0.367972
0.387586
0.379576
0.379686
0.362713
0.387901
0.392402
0.399444
0.365593
0.380177
0.369214
0.365757
0.393313
0.404304
0.382524
0.397998
0.443792
0.426662
0.430905
0.464189
0.478763
0.476104
0.487152
0.41901
0.388197
0.386179
0.408545
0.43963
0.427352
0.401963
0.40015
0.421107
0.424791
0.419421
0.424388
0.388595
0.396003
0.358224
0.350345
0.359784
0.360061
0.369561
0.394717
0.401722
0.373837
0.374755
0.375673
0.371438
0.398862
0.394355
0.37931
0.384896
0.400377
0.385477
0.360403
0.346942
0.348946
0.343298
0.3477
0.358463
0.366316
0.365346
0.406854
0.39902
0.398366
0.370468
0.355404
0.35118
0.360698
0.403303
0.372837
0.397259
0.374383
0.380561
0.386281
0.423619
0.476473
0.414967
0.434427
0.419716
0.39902
0.380432
0.373389
0.36814
0.384232
0.407964
0.466471
0.464281
0.446058
0.436458
0.484844
0.541187
0.485174
0.514443
0.451894
0.461198
0.501301
0.523843
0.490408
0.436255
0.392537
0.37133
0.395917
0.392089
0.398672
0.407884
0.407777
0.376452
0.364546
0.371399
0.376325
0.383971
0.376535
0.421313
0.432142
0.400237
0.366807
0.353754
0.344031
0.354136
0.353497
0.347131
0.346119
0.344316
0.351795
0.370475
0.417092
0.407676
0.421728
0.425027
0.40771
0.375704
0.355249
0.358866
0.352702
0.364841
0.386413
0.406504
0.402237
0.412662
0.392643
0.415801
0.392188
0.352163
0.348487
0.350847
0.353889
0.353473
0.34207
0.347632
0.344073
0.357904
0.370373
0.36818
0.353608
0.383225
0.371753
0.371317
0.374079
0.380636
0.401009
0.412303
0.397855
0.382323
0.363134
0.365028
0.394469
0.416038
0.384561
0.378743
0.369644
0.393727
0.399123
0.382428
0.35756
0.350114
0.352079
0.348793
0.374967
0.370808
0.354438
0.355949
0.383196
0.388053
0.370225
0.364934
0.379993
0.365985
0.357024
0.370789
0.361614
0.38201
0.392564
0.391185
0.383113
0.360506
0.388653
0.36647
0.353477
0.343131
0.343535
0.356927
0.391404
0.364761
0.374599
0.374603
0.388592
0.365933
0.354833
0.35144
0.367839
0.395521
0.375817
0.351908
0.356536
0.342497
0.346789
0.345037
0.34389
0.345685
0.35258
0.382423
0.417144
0.399924
0.374321
0.366749
0.382862
0.372735
0.39674
0.381193
0.396975
0.376347
0.368488
0.377667
0.416468
0.406632
0.402133
0.377332
0.368316
0.358028
0.361921
0.389382
0.371956
0.347039
0.339951
0.36938
0.357646
0.398374
0.358364
0.351713
0.370137
0.394662
0.389046
0.348792
0.356844
0.393355
0.364396
0.359697
0.367217
0.372713
0.349791
0.357827
0.3603
0.37844
0.40256
0.424343
0.435277
0.411182
0.41797
0.391565
0.399643
0.41586
0.520857
0.529863
0.451011
0.437417
0.39816
0.421933
0.436043
0.403876
0.388478
0.411166
0.435453
0.374204
0.356595
0.405354
0.417402
0.395529
0.431781
0.378998
0.351559
0.349235
0.357571
0.353977
0.353769
0.352116
0.348231
0.352033
0.344392
0.345589
0.347971
0.353793
0.407396
0.427916
0.39477
0.399018
0.393332
0.385843
0.403149
0.404057
0.374509
0.38507
0.373681
0.400026
0.383467
0.362295
0.365425
0.352196
0.368047
0.384341
0.409761
0.402451
0.410086
0.385072
0.383046
0.370869
0.388787
0.406089
0.37904
0.368171
0.373049
0.392037
0.39001
0.395191
0.415708
0.381095
0.389646
0.410139
0.406147
0.407492
0.390008
0.409766
0.405381
0.401895
0.402951
0.409323
0.392888
0.38689
0.3647
0.351076
0.342537
0.357959
0.364335
0.369669
0.359276
0.371801
0.364322
0.355727
0.374356
0.369938
0.384304
0.388883
0.367334
0.375639
0.355136
0.350339
0.358825
0.366937
0.356086
0.343996
0.343875
0.365983
0.374819
0.377785
0.370128
0.376829
0.391142
0.402865
0.377254
0.389441
0.390802
0.362115
0.367544
0.383837
0.358177
0.352198
0.387988
0.377553
0.394623
0.368092
0.408276
0.383932
0.372538
0.359205
0.374343
0.409074
0.44461
0.460469
0.455
0.44247
0.406726
0.423676
0.451495
0.467694
0.412293
0.463649
0.417456
0.385581
0.369987
0.401336
0.394998
0.375702
0.432875
0.488764
0.437217
0.39845
0.389217
0.438242
0.40539
0.385414
0.424122
0.408897
0.409579
0.427117
0.36704
0.362379
0.378089
0.355969
0.361468
0.378359
0.391563
0.449059
0.423298
0.431336
0.444679
0.471016
0.450983
0.433561
0.451419
0.481978
0.488464
0.477824
0.488364
0.459364
0.4321
0.429548
0.436761
0.44609
0.429915
0.420531
0.440034
0.422111
0.373635
0.378851
0.428787
0.404414
0.407347
0.425725
0.43898
0.428111
0.411312
0.415836
0.379279
0.408615
0.394385
0.398783
0.370795
0.392449
0.403144
0.413371
0.408265
0.404308
0.415065
0.456318
0.481233
0.441048
0.495465
0.469204
0.459023
0.465908
0.44722
0.411641
0.435682
0.454989
0.480615
0.458562
0.493875
0.410074
0.407438
0.395622
0.372285
0.355345
0.362314
0.374689
0.40259
0.415038
0.371467
0.356843
0.365887
0.383289
0.367026
0.35969
0.375731
0.347168
0.345584
0.342258
0.347521
0.351915
0.370395
0.38252
0.363841
0.394246
0.384349
0.371957
0.373987
0.361216
0.366732
0.374457
0.373436
0.355705
0.379337
0.376777
0.381067
0.394793
0.384539
0.395984
0.387054
0.425233
0.389689
0.359782
0.352378
0.344584
0.347548
0.357019
0.371924
0.357298
0.392776
0.372116
0.356916
0.339353
0.34598
0.36747
0.395725
0.406559
0.421753
0.420216
0.406334
0.409702
0.410167
0.36995
0.381796
0.36234
0.365905
0.374147
0.384451
0.390845
0.361203
0.355628
0.370405
0.36626
0.359525
0.378582
0.379897
0.36705
0.357073
0.361956
0.384934
0.38942
0.37733
0.377451
0.400493
0.389463
0.388094
0.399395
0.410631
0.404437
0.3607
0.349464
0.373716
0.39404
0.391635
0.379207
0.368308
0.378679
0.412511
0.417208
0.441837
0.418135
0.382919
0.368441
0.406777
0.395151
0.405427
0.442944
0.440609
0.437111
0.411126
0.41596
0.390106
0.419107
0.380213
0.413561
0.456502
0.47369
0.447134
0.459664
0.54243
0.557891
0.501091
0.434187
0.488812
0.482628
0.449192
0.383288
0.354462
0.353148
0.367349
0.357841
0.361609
0.356744
0.353512
0.368881
0.376738
0.362772
0.362696
0.373161
0.386285
0.4121
0.404734
0.400119
0.410616
0.409304
0.420339
0.406266
0.414555
0.453462
0.393428
0.412144
0.39588
0.387287
0.421054
0.411236
0.391338
0.391284
0.404981
0.389683
0.403842
0.404035
0.468386
0.459079
0.416375
0.426185
0.415729
0.37065
0.409507
0.427435
0.375947
0.364759
0.37876
0.435304
0.442725
0.401039
0.432248
0.410889
0.425052
0.44433
0.444295
0.430525
0.412032
0.435165
0.438761
0.452592
0.504488
0.491585
0.484053
0.433735
0.398138
0.361886
0.357446
0.36488
0.351079
0.353514
0.34858
0.345571
0.347068
0.376882
0.371122
0.352102
0.372499
0.383996
0.385094
0.371902
0.367208
0.374878
0.386114
0.392891
0.469097
0.454905
0.507085
0.502572
0.475114
0.385391
0.397353
0.431901
0.40396
0.389058
0.381922
0.352019
0.363889
0.382086
0.378213
0.360399
0.357498
0.354278
0.393122
0.371559
0.34549
0.346955
0.365739
0.370603
0.366142
0.369482
0.35891
0.349688
0.381056
0.449337
0.449849
0.43308
0.420924
0.455918
0.389892
0.409094
0.409522
0.381549
0.379649
0.421038
0.437272
0.440548
0.417219
0.418893
0.413894
0.38838
0.362047
0.358545
0.376389
0.433402
0.465455
0.465217
0.470157
0.432055
0.419561
0.443651
0.48078
0.438905
0.508216
0.470208
0.462539
0.479302
0.400609
0.384909
0.376228
0.398302
0.442438
0.448784
0.424058
0.437579
0.458163
0.440531
0.38511
0.350676
0.371234
0.364675
0.392333
0.398093
0.413059
0.437418
0.470602
0.474772
0.421824
0.391165
0.416316
0.418641
0.449746
0.41788
0.426334
0.398491
0.379866
0.394113
0.391225
0.376486
0.386907
0.422166
0.456007
0.378611
0.39917
0.45563
0.43905
0.419056
0.413527
0.427634
0.368471
0.356375
0.383341
0.397743
0.404357
0.401727
0.410292
0.39187
0.395926
0.381599
0.366447
0.411362
0.381459
0.381316
0.367128
0.379767
0.402681
0.401057
0.387511
0.37236
0.405435
0.384221
0.382338
0.402248
0.395447
0.365007
0.348669
0.352894
0.350168
0.36374
0.41126
0.392455
0.356709
0.347287
0.35227
0.385636
0.378627
0.358616
0.353912
0.368924
0.37504
0.373331
0.367444
0.403904
0.409648
0.401939
0.400281
0.426952
0.389039
0.377484
0.433665
0.405801
0.431678
0.367329
0.376431
0.365934
0.370552
0.377035
0.368717
0.359357
0.341669
0.348846
0.33951
0.3444
0.355208
0.377183
0.385539
0.401867
0.384304
0.395004
0.381041
0.386009
0.437624
0.419743
0.428435
0.393933
0.40732
0.414407
0.389027
0.424525
0.38865
0.411931
0.459573
0.419943
0.417728
0.377021
0.378015
0.436385
0.459355
0.447795
0.539
0.544744
0.569672
0.530819
0.425161
0.394862
0.398503
0.381122
0.403547
0.39275
0.411034
0.388967
0.368708
0.347849
0.354071
0.346976
0.362243
0.382611
0.395123
0.399567
0.385098
0.384989
0.410176
0.388854
0.373958
0.379735
0.364019
0.36723
0.350437
0.370427
0.396234
0.363972
0.353573
0.345168
0.35472
0.393268
0.438817
0.454829
0.450171
0.447282
0.432504
0.437645
0.394156
0.399351
0.38799
0.39475
0.399684
0.400736
0.401837
0.398824
0.386868
0.391515
0.418355
0.398714
0.38272
0.402017
0.369923
0.356545
0.394577
0.401176
0.402095
0.403828
0.383182
0.378026
0.386761
0.39436
0.399099
0.409667
0.402251
0.412496
0.426209
0.433671
0.458431
0.414159
0.430119
0.443392
0.463614
0.432977
0.432608
0.426258
0.442132
0.452214
0.395981
0.391062
0.372796
0.34844
0.36133
0.400134
0.387444
0.410298
0.418758
0.426798
0.411818
0.385875
0.408182
0.445469
0.471594
0.404203
0.398594
0.411366
0.375708
0.390802
0.426713
0.453283
0.433025
0.423672
0.466496
0.427201
0.469429
0.488007
0.514935
0.520324
0.49976
0.487909
0.473174
0.547484
0.544947
0.539384
0.59121
0.524735
0.456322
0.451469
0.411536
0.436842
0.388226
0.443629
0.429139
0.429646
0.380046
0.364122
0.404799
0.44396
0.449968
0.438108
0.433592
0.39365
0.40361
0.401998
0.386053
0.36666
0.394589
0.403251
0.407467
0.402275
0.400649
0.392431
0.402924
0.394346
0.422097
0.434121
0.406626
0.407652
0.399866
0.404892
0.432047
0.39105
0.389582
0.4043
0.467286
0.433711
0.414446
0.425768
0.443647
0.427278
0.45232
0.407356
0.383744
0.365058
0.369254
0.354132
0.344666
0.343712
0.351248
0.371319
0.381287
0.391667
0.377915
0.384009
0.401994
0.38769
0.352084
0.355114
0.364213
0.411714
0.451309
0.477807
0.499916
0.462541
0.405911
0.411122
0.437428
0.402335
0.434906
0.471243
0.485357
0.435656
0.384261
0.374024
0.370423
0.408076
0.393727
0.447927
0.424467
0.379425
0.391753
0.376531
0.400415
0.409161
0.418257
0.403209
0.41155
0.416233
0.471531
0.427542
0.412204
0.452641
0.463388
0.470517
0.464866
0.41923
0.386062
0.384454
0.37452
0.372713
0.397502
0.425202
0.403199
0.42166
0.423969
0.417979
0.375352
0.422364
0.423368
0.434996
0.44664
0.419524
0.447612
0.43674
0.47006
0.473208
0.42771
0.440753
0.444679
0.437093
0.466386
0.473925
0.525901
0.543769
0.55287
0.562858
0.529643
0.447444
0.385748
0.395361
0.410129
0.436473
0.432204
0.405365
0.434571
0.436371
0.420005
0.406724
0.398427
0.38568
0.43382
0.434287
0.430493
0.423878
0.387656
0.365635
0.35987
0.35443
0.351281
0.361622
0.388889
0.375049
0.363404
0.38328
0.369059
0.415949
0.414393
0.431511
0.412641
0.416996
0.35671
0.351498
0.364654
0.366924
0.368234
0.378223
0.412004
0.479801
0.462054
0.45075
0.470557
0.380581
0.372123
0.371124
0.365005
0.450083
0.384674
0.406891
0.430408
0.509973
0.470247
0.469589
0.531061
0.506011
0.497796
0.502175
0.500526
0.507487
0.507903
0.454948
0.468353
0.42442
0.465371
0.439556
0.446141
0.421622
0.434437
0.380808
0.358704
0.369249
0.395662
0.367263
0.37614
0.406798
0.383388
0.369849
0.363755
0.356683
0.363445
0.398247
0.402556
0.408737
0.389396
0.370943
0.354204
0.351907
0.353213
0.381437
0.386019
0.379643
0.372591
0.35776
0.366408
0.368061
0.403971
0.385692
0.394814
0.401495
0.420418
0.433889
0.428085
0.415293
0.449833
0.465551
0.463886
0.490854
0.468401
0.430189
0.406352
0.434122
0.392657
0.438774
0.468143
0.396194
0.419783
0.409125
0.4396
0.430738
0.416711
0.445408
0.46264
0.449051
0.427579
0.479032
0.464523
0.43054
0.442998
0.497233
0.417448
0.421588
0.401421
0.367936
0.416642
0.431052
0.408532
0.382327
0.378269
0.358388
0.355271
0.377311
0.381611
0.361462
0.376577
0.373673
0.358503
0.389895
0.392745
0.390713
0.37783
0.379795
0.393491
0.427003
0.418615
0.383248
0.394659
0.369176
0.366125
0.361507
0.39264
0.375765
0.373639
0.383514
0.385088
0.393505
0.441074
0.476942
0.449992
0.432435
0.494112
0.48062
0.460026
0.396363
0.466339
0.482089
0.386254
0.363512
0.347435
0.361134
0.38861
0.381781
0.412236
0.386648
0.39015
0.394242
0.405654
0.394425
0.378907
0.378734
0.358254
0.34849
0.351762
0.389325
0.384507
0.359044
0.353395
0.377363
0.354788
0.354958
0.368773
0.353551
0.342854
0.349034
0.347318
0.359265
0.380254
0.366391
0.35454
0.384293
0.406337
0.414456
0.416113
0.409246
0.383641
0.400837
0.380617
0.39468
0.394978
0.393523
0.39978
0.433106
0.405894
0.420783
0.427457
0.453352
0.476973
0.448561
0.468898
0.436003
0.49219
0.44423
0.426445
0.434683
0.459903
0.426981
0.438874
0.474776
0.488545
0.471354
0.464602
0.517095
0.433442
0.40425
0.417016
0.453053
0.436642
0.475201
0.510028
0.52157
0.411987
0.428939
0.419255
0.402994
0.40489
0.427963
0.416519
0.409798
0.433043
0.422984
0.415578
0.422346
0.418764
0.389808
0.400333
0.386732
0.366167
0.394897
0.372084
0.362531
0.383229
0.419187
0.393848
0.394499
0.39173
0.420249
0.422695
0.392913
0.386662
0.394662
0.405406
0.399222
0.417574
0.413985
0.369233
0.356908
0.341268
0.344472
0.341736
0.358227
0.375698
0.374051
0.34846
0.337798
0.346606
0.341124
0.348807
0.347402
0.349064
0.334284
0.345079
0.343879
0.352709
0.382985
0.38159
0.376662
0.373983
0.381209
0.371565
0.377158
0.384485
0.353691
0.342536
0.3419
0.348969
0.350125
0.34159
0.343414
0.348179
0.342431
0.35364
0.367438
0.355806
0.36483
0.387369
0.414945
0.378919
0.400987
0.441759
0.42899
0.422266
0.376719
0.384487
0.371189
0.359607
0.364649
0.399121
0.375435
0.377764
0.412217
0.456962
0.472403
0.490154
0.505618
0.40491
0.40747
0.421305
0.419686
0.455237
0.445963
0.378039
0.356513
0.344482
0.357477
0.365565
0.384005
0.395361
0.383024
0.398725
0.419444
0.39489
0.390489
0.374056
0.385309
0.367523
0.343898
0.348043
0.341311
0.354559
0.381741
0.355007
0.349506
0.355064
0.386907
0.406714
0.405685
0.397087
0.393825
0.411032
0.408785
0.406439
0.38934
0.399313
0.392902
0.380626
0.410239
0.373316
0.405673
0.441725
0.416408
0.376538
0.411891
0.442834
0.44766
0.411162
0.406143
0.446227
0.443969
0.459277
0.433065
0.482173
0.442045
0.392939
0.378806
0.381774
0.384993
0.353879
0.354694
0.365577
0.367691
0.367237
0.403355
0.421829
0.438482
0.44927
0.434149
0.451073
0.459165
0.462498
0.443306
0.426833
0.412156
0.477607
0.490503
0.470633
0.47089
0.491809
0.524639
0.567966
0.429708
0.421567
0.431083
0.424912
0.392046
0.428168
0.412845
0.414116
0.43522
0.434782
0.426411
0.446891
0.415753
0.410498
0.411324
0.371037
0.37098
0.374764
0.393525
0.40839
0.474388
0.470756
0.415775
0.436522
0.428989
0.409079
0.364483
0.392039
0.388347
0.380985
0.412624
0.417411
0.399054
0.371766
0.381927
0.392786
0.386778
0.415135
0.414774
0.409346
0.411215
0.406591
0.437562
0.423351
0.467683
0.44427
0.45141
0.429754
0.445045
0.474798
0.412623
0.417514
0.422076
0.501962
0.483956
0.42943
0.422942
0.484714
0.449401
0.4324
0.420638
0.438639
0.436893
0.419227
0.435967
0.415209
0.38633
0.450419
0.465075
0.461458
0.432135
0.442153
0.427845
0.389504
0.378445
0.401542
0.378541
0.429411
0.421019
0.447316
0.45294
0.575083
0.577958
0.548681
0.478551
0.519984
0.444136
0.410696
0.41188
0.456231
0.427489
0.469267
0.474668
0.444861
0.420397
0.458579
0.478298
0.437277
0.440635
0.442289
0.439954
0.434289
0.442151
0.446648
0.438878
0.430182
0.414027
0.466903
0.485101
0.493443
0.501583
0.471599
0.417882
0.422207
0.408566
0.414747
0.435558
0.475422
0.451335
0.394196
0.401919
0.423492
0.432917
0.433136
0.477849
0.48104
0.397101
0.36904
0.359329
0.368843
0.362316
0.366093
0.397339
0.458139
0.49519
0.485472
0.435778
0.482249
0.425662
0.409071
0.432221
0.431129
0.445825
0.365142
0.411241
0.426007
0.427588
0.414187
0.475415
0.418044
0.442342
0.488778
0.537637
0.486784
0.512331
0.577474
0.523333
0.511548
0.506794
0.472137
0.474795
0.496642
0.455709
0.480623
0.506792
0.461473
0.451359
0.426276
0.414518
0.409286
0.40774
0.41244
0.44423
0.476489
0.513323
0.475702
0.442239
0.460772
0.407292
0.456846
0.486033
0.418484
0.428565
0.454957
0.4356
0.439255
0.450049
0.45058
0.448107
0.478221
0.486007
0.46996
0.446274
0.494978
0.47489
0.492903
0.500074
0.437571
0.448733
0.453866
0.477745
0.499436
0.412999
0.37122
0.357543
0.374167
0.404615
0.42628
0.462172
0.432287
0.432334
0.395627
0.415901
0.418621
0.463528
0.446299
0.412999
0.445251
0.444269
0.395865
0.385847
0.371799
0.412735
0.475056
0.503859
0.501834
0.521509
0.50595
0.504085
0.520724
0.565118
0.543679
0.418454
0.366126
0.400007
0.403113
0.381687
0.400726
0.419715
0.411942
0.416886
0.4292
0.417806
0.436601
0.435873
0.399096
0.409816
0.440094
0.413104
0.390164
0.4005
0.373484
0.360665
0.346241
0.355882
0.395354
0.379126
0.354607
0.38032
0.409927
0.412605
0.430546
0.368325
0.366943
0.356163
0.377746
0.364158
0.361368
0.407034
0.443037
0.432859
0.445999
0.448326
0.436824
0.419352
0.382496
0.366481
0.380252
0.384756
0.387481
0.416018
0.433918
0.428503
0.370445
0.388495
0.401341
0.405212
0.371573
0.34659
0.343422
0.351859
0.354404
0.36397
0.385185
0.351656
0.367897
0.382797
0.418369
0.417727
0.449127
0.412784
0.455577
0.499691
0.559509
0.583099
0.537128
0.556697
0.535382
0.515825
0.482187
0.52462
0.450372
0.510264
0.511304
0.46019
0.504898
0.499325
0.477831
0.50595
0.527091
0.543668
0.477002
0.402398
0.40908
0.417891
0.402789
0.440291
0.47547
0.446418
0.42856
0.482503
0.464512
0.475772
0.491298
0.422395
0.499866
0.486139
0.494154
0.473439
0.492179
0.452831
0.456438
0.52282
0.489783
0.498913
0.523312
0.515082
0.510648
0.449467
0.447252
0.488037
0.505677
0.473791
0.440469
0.482135
0.461431
0.44827
0.459602
0.464852
0.435688
0.421526
0.380228
0.372545
0.391149
0.394398
0.391659
0.387867
0.394508
0.377818
0.384926
0.404398
0.430196
0.427745
0.434435
0.418882
0.410782
0.424714
0.443386
0.460844
0.439352
0.486799
0.470714
0.447759
0.461608
0.476895
0.470748
0.456613
0.395952
0.444373
0.422148
0.4308
0.467532
0.44568
0.466839
0.450479
0.482881
0.461206
0.488293
0.468806
0.420459
0.425617
0.399462
0.38006
0.451069
0.490784
0.460237
0.451613
0.435175
0.516348
0.570059
0.562051
0.38464
0.391479
0.377199
0.354768
0.38702
0.361077
0.348225
0.353265
0.347116
0.349753
0.352215
0.35088
0.383907
0.382812
0.360962
0.382903
0.383982
0.381453
0.439317
0.440154
0.429613
0.432155
0.426997
0.443675
0.421283
0.431378
0.421977
0.43364
0.491967
0.509872
0.52526
0.523244
0.492562
0.414242
0.475579
0.478394
0.536208
0.492738
0.481956
0.482227
0.495074
0.483659
0.44166
0.460264
0.441817
0.452601
0.472246
0.479641
0.453425
0.446072
0.423322
0.452905
0.459932
0.51735
0.514442
0.515257
0.446084
0.477873
0.502597
0.504783
0.498502
0.497082
0.52247
0.481912
0.488333
0.502308
0.54388
0.485934
0.481553
0.434235
0.410514
0.374244
0.387627
0.405703
0.388654
0.419924
0.433538
0.391476
0.392022
0.412456
0.385641
0.394061
0.409305
0.418154
0.420472
0.429461
0.390208
0.382375
0.378575
0.415814
0.410874
0.373192
0.359284
0.364648
0.36386
0.372702
0.39517
0.361767
0.358836
0.359185
0.367414
0.360021
0.387542
0.391195
0.438613
0.465218
0.414113
0.388644
0.386744
0.410426
0.390624
0.40833
0.444455
0.474083
0.431983
0.398229
0.401546
0.441353
0.426671
0.415965
0.392088
0.391412
0.389
0.39747
0.392122
0.396758
0.377018
0.401482
0.456174
0.40877
0.443471
0.424119
0.394759
0.405574
0.389107
0.384797
0.39456
0.375873
0.367803
0.372757
0.362433
0.361064
0.360335
0.365262
0.369469
0.35759
0.36122
0.355159
0.357173
0.362624
0.360747
0.364369
0.358585
0.359723
0.369984
0.377671
0.364948
0.363934
0.410603
0.401159
0.404992
0.413348
0.382671
0.373425
0.385163
0.418603
0.373834
0.402397
0.391255
0.388733
0.381044
0.365479
0.384302
0.383538
0.374698
0.402137
0.441791
0.414205
0.36933
0.369943
0.400451
0.37609
0.365652
0.357446
0.354432
0.380039
0.439522
0.397708
0.390192
0.40274
0.404005
0.41788
0.414588
0.40634
0.390562
0.386027
0.395713
0.389953
0.380087
0.37247
0.364723
0.373488
0.378481
0.369903
0.387449
0.416757
0.428874
0.422973
0.41237
0.51467
0.489599
0.393367
0.36676
0.359848
0.374697
0.404181
0.406819
0.418952
0.408386
0.411516
0.38749
0.386743
0.388895
0.377222
0.389458
0.392668
0.387082
0.392253
0.399736
0.394286
0.393374
0.405086
0.386386
