0.54407
0.501016
0.494614
0.474596
0.48315
0.462559
0.498135
0.476434
0.477516
0.473612
0.477149
0.473371
0.471645
0.441897
0.472306
0.446429
0.455432
0.452157
0.441701
0.392971
0.441256
0.438923
0.410439
0.39468
0.404001
0.391582
0.391648
0.365866
0.351887
0.380367
0.373251
0.360239
0.374515
0.38895
0.386551
0.396155
0.408422
0.370649
0.367668
0.367853
0.348225
0.360485
0.437658
0.426418
0.406355
0.414894
0.408184
0.416161
0.443357
0.436576
0.487414
0.403391
0.440798
0.390435
0.413424
0.402527
0.384493
0.387809
0.409593
0.404734
0.421556
0.406716
0.368722
0.343251
0.34403
0.356522
0.348524
0.373457
0.461451
0.468703
0.435817
0.418689
0.423144
0.396172
0.371536
0.387455
0.404179
0.425667
0.460736
0.445756
0.416738
0.426948
0.397647
0.386123
0.398569
0.425114
0.407705
0.446785
0.428802
0.40687
0.450251
0.438731
0.373382
0.412437
0.418212
0.388619
0.440372
0.453578
0.43595
0.407046
0.371106
0.406676
0.379332
0.426777
0.420858
0.427808
0.36203
0.371298
0.394006
0.364102
0.40964
0.39763
0.411772
0.399894
0.444945
0.431552
0.375925
0.3652
0.366221
0.378144
0.443996
0.430834
0.420488
0.430654
0.3813
0.418882
0.419259
0.430377
0.412844
0.365397
0.422947
0.453764
0.371294
0.41448
0.443977
0.428464
0.407614
0.392653
0.364417
0.353745
0.368905
0.364023
0.387408
0.392213
0.354236
0.376931
0.394123
0.363702
0.364508
0.371206
0.398205
0.40697
0.398606
0.395018
0.367987
0.37027
0.346403
0.359619
0.378979
0.356543
0.361659
0.383189
0.399423
0.409315
0.397907
0.396865
0.364035
0.355891
0.402518
0.458244
0.413539
0.403202
0.383488
0.392736
0.440097
0.449557
0.457204
0.478081
0.509839
0.368623
0.402693
0.382296
0.439363
0.452124
0.480729
0.399187
0.375981
0.368899
0.391302
0.383898
0.373582
0.416582
0.373794
0.426294
0.415597
0.424539
0.433969
0.468762
0.475605
0.468317
0.412529
0.421847
0.396483
0.401003
0.402995
0.392882
0.40524
0.399117
0.377376
0.356322
0.355522
0.342827
0.352177
0.356655
0.364483
0.381148
0.36724
0.357876
0.380091
0.373377
0.394825
0.373896
0.374447
0.395543
0.426604
0.445586
0.483036
0.409182
0.411576
0.41713
0.416084
0.418114
0.382041
0.354363
0.376232
0.384768
0.374239
0.393976
0.387036
0.374842
0.345625
0.353239
0.375284
0.401454
0.358238
0.376995
0.383119
0.380714
0.441431
0.427946
0.386458
0.37467
0.437209
0.451762
0.507729
0.482592
0.494119
0.467573
0.383983
0.398853
0.399492
0.368342
0.3777
0.42256
0.371006
0.350081
0.348073
0.350318
0.403223
0.419464
0.375644
0.35719
0.398705
0.404634
0.367766
0.351316
0.347237
0.350817
0.366297
0.372597
0.372192
0.403438
0.383333
0.377813
0.396736
0.380316
0.384673
0.351927
0.364375
0.357581
0.384224
0.370366
0.363509
0.371388
0.394278
0.372071
0.356027
0.349428
0.377151
0.380879
0.358872
0.375389
0.359479
0.349882
0.343575
0.364343
0.402926
0.373451
0.38521
0.384372
0.380249
0.408308
0.370124
0.371882
0.355247
0.359211
0.372538
0.376693
0.365895
0.375266
0.364198
0.358653
0.374693
0.425685
0.409916
0.4047
0.51188
0.42305
0.424356
0.400172
0.394871
0.400732
0.410585
0.352256
0.354895
0.351379
0.347805
0.349712
0.410392
0.398559
0.398634
0.382429
0.38905
0.361635
0.393472
0.403597
0.377439
0.395649
0.369605
0.391213
0.397699
0.401852
0.400324
0.403272
0.40954
0.382589
0.349233
0.365173
0.367991
0.361463
0.376913
0.377357
0.354998
0.363394
0.3438
0.373666
0.375579
0.392478
0.387824
0.370939
0.358495
0.386798
0.389172
0.37086
0.396599
0.453679
0.427377
0.450088
0.43798
0.384808
0.395229
0.435574
0.415393
0.416854
0.407226
0.414881
0.367835
0.362882
0.396461
0.43226
0.457354
0.442234
0.483581
0.473785
0.429363
0.440711
0.42974
0.384895
0.412107
0.428988
0.419899
0.39718
0.395576
0.390536
0.406964
0.422062
0.463501
0.481786
0.452784
0.432358
0.466171
0.439371
0.386153
0.362342
0.403126
0.361428
0.371864
0.349895
0.345702
0.372802
0.383844
0.371639
0.365253
0.367546
0.378818
0.388441
0.401919
0.376776
0.347598
0.361877
0.379302
0.347012
0.372129
0.415085
0.410009
0.386897
0.369958
0.381746
0.365065
0.366423
0.374424
0.362104
0.382903
0.383532
0.391138
0.405922
0.361096
0.390108
0.373718
0.403118
0.425745
0.382039
0.405782
0.440845
0.413317
0.396377
0.437776
0.461469
0.544758
0.466517
0.440094
0.361186
0.363532
0.354719
0.371513
0.369379
0.403077
0.409529
0.409145
0.425189
0.401778
0.406128
0.395865
0.398935
0.436665
0.424621
0.398256
0.409121
0.381214
0.420323
0.431088
0.436486
0.42782
0.480888
0.464877
0.373952
0.359408
0.350014
0.358627
0.361543
0.384391
0.36922
0.388029
0.466999
0.496472
0.395815
0.407188
0.366999
0.376236
0.356949
0.377848
0.349572
0.368371
0.361259
0.402286
0.436075
0.423864
0.406772
0.39346
0.436366
0.414726
0.37187
0.395492
0.467997
0.432935
0.45457
0.482032
0.45869
0.383852
0.426073
0.429598
0.446821
0.362544
0.379665
0.417307
0.468681
0.401486
0.431977
0.418096
0.390293
0.382085
0.429507
0.39964
0.42826
0.372916
0.394259
0.405967
0.390285
0.388151
0.375701
0.39285
0.382947
0.392077
0.394913
0.35745
0.35814
0.389708
0.350419
0.3753
0.36454
0.371186
0.405556
0.410797
0.39392
0.419351
0.369394
0.372519
0.356505
0.344089
0.359062
0.391427
0.38868
0.411979
0.413491
0.403946
0.404991
0.435019
0.39531
0.430254
0.504602
0.545234
0.408481
0.393043
0.40074
0.362977
0.351245
0.385141
0.391846
0.395653
0.372396
0.361782
0.381085
0.350674
0.388791
0.447868
0.443544
0.400843
0.391197
0.400573
0.399096
0.392215
0.373522
0.400262
0.393265
0.387136
0.399365
0.406294
0.443099
0.424811
0.449987
0.43032
0.434947
0.379126
0.368484
0.402989
0.42005
0.397512
0.449704
0.401841
0.394635
0.438227
0.445837
0.4687
0.513874
0.483573
0.543123
0.555272
0.441969
0.414482
0.437091
0.381064
0.434493
0.435523
0.398117
0.379445
0.402216
0.401003
0.395914
0.429621
0.399541
0.415403
0.414129
0.423158
0.439332
0.403708
0.363635
0.346235
0.367747
0.381791
0.396209
0.355946
0.408715
0.490442
0.417888
0.416792
0.47411
0.403194
0.385033
0.425719
0.38917
0.390699
0.412016
0.427165
0.43025
0.463522
0.441747
0.381014
0.387537
0.413593
0.413691
0.415982
0.434483
0.436709
0.46256
0.438573
0.454874
0.52382
0.549623
0.441585
0.40561
0.426219
0.433073
0.405335
0.418465
0.42487
0.37384
0.353656
0.374518
0.374379
0.394387
0.422981
0.379698
0.363073
0.380064
0.460046
0.444906
0.37934
0.404829
0.47219
0.492364
0.506654
0.499243
0.476473
0.449787
0.438715
0.405159
0.374263
0.374401
0.389956
0.358823
0.389275
0.398813
0.358293
0.365726
0.381578
0.361334
0.389602
0.399716
0.431199
0.42948
0.4782
0.441889
0.41368
0.445991
0.407287
0.433194
0.444839
0.447846
0.450322
0.456886
0.404418
0.412031
0.390105
0.359918
0.374917
0.369614
0.386832
0.383228
0.410398
0.386458
0.376306
0.37457
0.398179
0.455941
0.460479
0.438608
0.463701
0.363039
0.374331
0.395506
0.393904
0.39099
0.364207
0.366936
0.36602
0.363428
0.361489
0.346139
0.360436
0.365079
0.404727
0.408049
0.389945
0.393893
0.411527
0.415168
0.46042
0.453053
0.460101
0.441838
0.441016
0.473523
0.48891
0.411456
0.447462
0.509384
0.420739
0.406526
0.420325
0.423342
0.422966
0.392359
0.381246
0.37234
0.402449
0.396115
0.411263
0.390678
0.410356
0.384092
0.344709
0.35876
0.360366
0.341601
0.347756
0.341834
0.351796
0.381199
0.377956
0.377647
0.347177
0.347929
0.34363
0.349177
0.362781
0.393312
0.407127
0.423699
0.376753
0.365645
0.383664
0.437536
0.494358
0.411527
0.431301
0.399152
0.351529
0.381241
0.392644
0.403763
0.379745
0.350792
0.35221
0.359808
0.378281
0.400067
0.403198
0.400129
0.392296
0.39028
0.422226
0.397743
0.439517
0.42336
0.447209
0.454946
0.380502
0.371761
0.364261
0.382901
0.4431
0.446751
0.451235
0.426203
0.484938
0.48538
0.50734
0.427936
0.410996
0.419399
0.429977
0.42636
0.395794
0.375892
0.432765
0.443808
0.420606
0.380594
0.394642
0.401895
0.383269
0.402265
0.41262
0.421398
0.450286
0.443001
0.442226
0.434895
0.466882
0.459152
0.424826
0.430464
0.427921
0.426997
0.450973
0.425674
0.390158
0.409119
0.442664
0.569631
0.503048
0.419613
0.440802
0.464833
0.447601
0.445019
0.440227
0.44298
0.425257
0.483002
0.477877
0.416055
0.456925
0.399066
0.438748
0.461272
0.365168
0.366081
0.425562
0.476719
0.449905
0.419046
0.407714
0.425582
0.438132
0.454623
0.507409
0.545763
0.502651
0.480848
0.4786
0.461903
0.421291
0.408378
0.47678
0.463645
0.443754
0.447152
0.439693
0.442519
0.454084
0.476921
0.477119
0.489697
0.4455
0.477832
0.377743
0.388078
0.448695
0.419344
0.429134
0.430586
0.428453
0.379213
0.478223
0.510048
0.529701
0.394241
0.395847
0.415298
0.421689
0.417584
0.406221
0.383173
0.351996
0.380451
0.390533
0.408042
0.361882
0.368139
0.420671
0.443297
0.423616
0.374918
0.384466
0.43122
0.382763
0.396938
0.345892
0.356439
0.368062
0.39326
0.430931
0.463499
0.564258
0.542624
0.505234
0.489656
0.487435
0.493162
0.527883
0.438915
0.422332
0.441113
0.469076
0.46543
0.487963
0.490354
0.469964
0.498295
0.52177
0.45647
0.495121
0.461012
0.452826
0.455092
0.394528
0.389479
0.390343
0.384361
0.420153
0.426178
0.423451
0.456294
0.456427
0.471898
0.426432
0.434345
0.461041
0.465005
0.472182
0.428537
0.399548
0.474846
0.45528
0.560471
0.386075
0.372582
0.352605
0.349102
0.35883
0.37453
0.381418
0.437233
0.427627
0.432765
0.427546
0.501485
0.515027
0.45042
0.508283
0.485493
0.462032
0.449458
0.471551
0.432417
0.483031
0.5029
0.482181
0.500193
0.492836
0.521304
0.476811
0.395816
0.395005
0.418644
0.397897
0.392901
0.41559
0.406699
0.394754
0.38715
0.363311
0.380435
0.358127
0.368843
0.417597
0.421648
0.396382
0.415844
0.443257
0.413213
0.419393
0.390807
0.389012
0.424222
0.429133
0.397397
0.39004
0.372298
0.363699
0.363696
0.361848
0.357656
0.36234
0.362727
0.369645
0.391285
0.406297
0.377962
0.395462
0.395795
0.375815
0.381505
0.412903
0.386726
0.385165
0.360757
0.398072
0.393705
0.411265
0.408226
0.389062
0.381772
0.370394
0.376828
0.415793
0.428105
0.463741
0.362235
0.405657
0.415287
0.387609
0.382981
0.391906
0.39379
0.396245
