0.427543
0.538584
0.611259
0.593414
0.54713
0.532922
0.572752
0.610113
0.576856
0.568137
0.568939
0.601216
0.545882
0.504804
0.472329
0.475887
0.48731
0.435419
0.45684
0.470662
0.512737
0.542786
0.543091
0.536639
0.444712
0.47761
0.464986
0.538518
0.435464
0.448097
0.477964
0.405694
0.449748
0.492754
0.520466
0.50016
0.490462
0.452885
0.440441
0.502911
0.526958
0.462249
0.500218
0.520843
0.517961
0.516006
0.417798
0.476387
0.45268
0.459963
0.467194
0.460561
0.435974
0.427347
0.421052
0.44748
0.490292
0.502431
0.484677
0.462242
0.488937
0.546214
0.471029
0.48717
0.500909
0.495685
0.49851
0.531945
0.481547
0.495413
0.478266
0.504355
0.507803
0.466457
0.48853
0.480861
0.440717
0.473248
0.490332
0.487276
0.391717
0.45153
0.483481
0.489442
0.52312
0.496395
0.471233
0.522387
0.468075
0.437467
0.48394
0.480257
0.459262
0.481979
0.456836
0.442232
0.513739
0.462777
0.466779
0.487307
0.485082
0.495309
0.483366
0.471622
0.502824
0.487034
0.507729
0.460063
0.435097
0.463893
0.455346
0.477055
0.428688
0.488456
0.479669
0.475078
0.482854
0.475655
0.471556
0.519174
0.436269
0.465986
0.477914
0.492557
0.459818
0.494422
0.445437
0.487759
0.472392
0.464886
0.44743
0.454356
0.458974
0.431095
0.43735
0.473042
0.420184
0.402971
0.450316
0.419894
0.473749
0.483041
0.482959
0.496213
0.463363
0.482634
0.479796
0.469004
0.491636
0.427382
0.449261
0.446962
0.440747
0.438828
0.484846
0.463776
0.414654
0.432173
0.457855
0.48274
0.403529
0.520342
0.483459
0.428156
0.403997
0.408849
0.436638
0.468924
0.453491
0.493924
0.457834
0.498236
0.455049
0.452436
0.502102
0.432244
0.426223
0.43922
0.42265
0.412389
0.472288
0.513399
0.41657
0.410622
0.445313
0.48112
0.485313
0.444765
0.397864
0.424614
0.420101
0.39201
0.377264
0.37152
0.368528
0.394526
0.442407
0.378968
0.385068
0.398675
0.421172
0.407713
0.412235
0.423083
0.411624
0.438956
0.421726
0.465411
0.500521
0.50097
0.428092
0.474364
0.502259
0.486726
0.477608
0.412695
0.427384
0.404006
0.394254
0.392052
0.424384
0.384583
0.421385
0.408683
0.402793
0.401579
0.408511
0.417439
0.408826
0.417091
0.430876
0.408094
0.402987
0.394091
0.387315
0.374567
0.376431
0.392656
0.413912
0.388009
0.406534
0.405078
0.403071
0.458348
0.373691
0.383528
0.407712
0.405286
0.37983
0.42302
0.408023
0.408921
0.401525
0.405638
0.42774
0.405019
0.378475
0.372677
0.367794
0.393394
0.381161
0.366853
0.389686
0.409666
0.429065
0.405562
0.403593
0.392955
0.36726
0.382686
0.367536
0.367112
0.351869
0.356439
0.361329
0.392105
0.376229
0.380167
0.371749
0.360774
0.356709
0.347983
0.340249
0.352389
0.348584
0.350594
0.351695
0.346271
0.357498
0.354895
0.346347
0.374132
0.370048
0.370969
0.374637
0.376072
0.386618
0.389155
0.390195
0.375365
0.387819
0.383266
0.376576
0.394215
0.398685
0.384664
0.382273
0.368188
0.362625
0.351624
0.356555
0.361313
0.355306
0.35324
0.349989
0.345051
0.35399
0.358936
0.372304
0.386389
0.34692
0.375769
0.369238
0.351959
0.367498
0.367077
0.372173
0.392037
0.368848
0.362134
0.387138
0.404145
0.408546
0.398883
0.394548
0.376491
0.362493
0.373661
0.391251
0.389581
0.385087
0.412976
0.394235
0.376748
0.37659
0.372715
0.378983
0.376278
0.390815
0.391779
0.391947
0.409695
0.391325
0.384017
0.37442
0.404094
0.405777
0.381362
0.41352
0.427081
0.387609
0.40073
0.378453
0.406437
0.383349
0.39075
0.436428
0.420758
0.416196
0.3945
0.429203
0.421327
0.393429
0.389452
0.38044
0.358616
0.373259
0.376375
0.369523
0.377202
0.358953
0.354941
0.339724
0.349577
0.360424
0.361116
0.368505
0.373058
0.366301
0.374263
0.391484
0.37596
0.392098
0.384734
0.377401
0.368603
0.401847
0.374295
0.351889
0.355887
0.339664
0.352196
0.350288
0.33668
0.350268
0.354192
0.350836
0.347997
0.352434
0.354075
0.350788
0.340509
0.338733
0.339709
0.351223
0.348128
0.353124
0.358031
0.358404
0.373146
0.374063
0.38527
0.38314
0.403553
0.393917
0.403735
0.401285
0.471733
0.448837
0.466004
0.456835
0.503925
0.457578
0.433623
0.379939
0.399064
0.411947
0.419888
0.471201
0.424841
0.420218
0.448958
0.443372
0.416103
0.373381
0.381838
0.433092
0.443039
0.395437
0.388787
0.381755
0.424147
0.417243
0.421955
0.397103
0.42457
0.444338
0.437941
0.426669
0.408506
0.409552
0.399374
0.376682
0.379493
0.36952
0.381752
0.409457
0.414411
0.429664
0.420857
0.402988
0.405988
0.40043
0.40318
0.416181
0.412627
0.413291
0.422361
0.395212
0.419376
0.454665
0.416614
0.426848
0.406699
0.398928
0.426825
0.419137
0.42984
0.415883
0.422058
0.386629
0.431838
0.4166
0.415116
0.440701
0.440048
0.455551
0.417029
0.458242
0.475007
0.453285
0.457878
0.426577
0.410458
0.414839
0.410783
0.402888
0.429783
0.479518
0.473113
0.455231
0.462248
0.468548
0.475657
0.525079
0.495902
0.430281
0.444608
0.508941
0.495446
0.509014
0.520741
0.454504
0.429531
0.405238
0.398327
0.460907
0.382738
0.365789
0.374981
0.408023
0.374314
0.384752
0.472861
0.469008
0.43334
0.414028
0.443224
0.485475
0.468101
0.431616
0.399837
0.41868
0.423449
0.404889
0.39267
0.379286
0.378069
0.373961
0.369923
0.369709
0.393267
0.417073
0.408162
0.422504
0.431033
0.411163
0.43418
0.414897
0.381234
0.391472
0.422623
0.396061
0.438224
0.435219
0.389962
0.420603
0.40302
0.394911
0.402137
0.365982
0.384024
0.396454
0.356655
0.381876
0.383205
0.375407
0.376891
0.408959
0.409989
0.392941
0.373379
0.377559
0.390262
0.383606
0.384972
0.400336
0.39283
0.400047
0.396914
0.363648
0.381443
0.395868
0.430942
0.433516
0.443119
0.400464
0.372264
0.398435
0.385874
0.421658
0.410192
0.394497
0.404779
0.423271
0.370647
0.413892
0.393187
0.426697
0.411768
0.395187
0.418547
0.380173
0.446849
0.398409
0.371156
0.471807
0.441945
0.435892
0.419321
0.417042
0.429393
0.423725
0.409253
0.400527
0.438263
0.402189
0.402624
0.398724
0.40373
0.406965
0.386973
0.388366
0.386493
0.383967
0.363226
0.362463
0.361739
0.37761
0.363044
0.358976
0.356109
0.3635
0.351293
0.345922
0.339654
0.344854
0.34021
0.338877
0.340242
0.339922
0.339579
0.33404
0.331782
0.337031
0.343337
0.343484
0.339984
0.345723
0.342841
0.349304
0.356906
0.369263
0.378944
0.366628
0.373816
0.357608
0.358175
0.346198
0.347524
0.340286
0.341584
0.335108
0.340412
0.341309
0.351592
0.348168
0.341029
0.353048
0.356079
0.360273
0.351945
0.370835
0.382572
0.358927
0.359001
0.352057
0.352622
0.360831
0.364555
0.382365
0.415515
0.414639
0.407805
0.417117
0.511995
0.506068
0.491571
0.458995
0.505443
0.440202
0.447302
0.439429
0.486498
0.460572
0.479346
0.425143
0.489482
0.480615
0.467363
0.463269
0.46624
0.4923
0.471898
0.448341
0.430442
0.466626
0.452462
0.441443
0.380939
0.388211
0.420959
0.452921
0.451598
0.41014
0.399645
0.400965
0.407442
0.446079
0.435226
0.372742
0.420967
0.419976
0.423772
0.399595
0.408285
0.455316
0.42145
0.40299
0.427154
0.454753
0.422491
0.401534
0.414695
0.411586
0.41293
0.408159
0.415908
0.406872
0.380608
0.368233
0.369656
0.379042
0.358602
0.363062
0.357339
0.367569
0.381865
0.391519
0.381475
0.363123
0.372522
0.370697
0.40111
0.390681
0.37038
0.357872
0.382458
0.392134
0.393717
0.39096
0.410838
0.402101
0.411309
0.379296
0.387207
0.38849
0.40975
0.39781
0.424805
0.390502
0.404143
0.446275
0.458266
0.443276
0.418502
0.420319
0.438164
0.423909
0.369366
0.399116
0.410901
0.486978
0.457763
0.440725
0.483627
0.470796
0.367105
0.41258
0.431655
0.494645
0.521917
0.52519
0.477009
0.446162
0.446701
0.439217
0.426924
0.429035
0.465649
0.443163
0.441623
0.434253
0.446867
0.396238
0.42236
0.416111
0.422715
0.417004
0.410729
0.426662
0.399049
0.400021
0.401116
0.407828
0.429661
0.430934
0.449536
0.46417
0.408748
0.44959
0.384036
0.458076
0.417871
0.42647
0.416124
0.427777
0.380248
0.375725
0.390687
0.385865
0.380069
0.35896
0.357353
0.363228
0.378015
0.379348
0.393917
0.412026
0.383177
0.40996
0.391984
0.394846
0.401314
0.384151
0.405395
0.425743
0.399069
0.402188
0.414292
0.393143
0.394312
0.365869
0.41306
0.441661
0.403419
0.432543
0.420619
0.450327
0.446828
0.437116
0.414983
0.390792
0.419716
0.437043
0.417189
0.440782
0.419091
0.381169
0.377362
0.371486
0.382733
0.43485
0.41771
0.446343
0.446543
0.451522
0.428772
0.46549
0.500683
0.473206
0.424569
0.407617
0.49165
0.447976
0.481592
0.474663
0.467593
0.42712
0.387087
0.375062
0.37789
0.383503
0.390158
0.409301
0.417717
0.400542
0.39289
0.395937
0.420561
0.429684
0.41011
0.39113
0.407568
0.422133
0.439491
0.491447
0.399789
0.437928
0.457234
0.439463
0.454171
0.500326
0.519129
0.453358
0.486977
0.441481
0.417484
0.470318
0.447927
0.413541
0.394204
0.412977
0.39193
0.359536
0.350472
0.359795
0.349049
0.356039
0.380367
0.396552
0.40052
0.408023
0.374712
0.458612
0.455724
0.439442
0.418469
0.409229
0.375889
0.387942
0.382695
0.396276
0.405142
0.38455
0.391212
0.382937
0.389355
0.406311
0.397163
0.454198
0.431211
0.443109
0.503164
0.399131
0.402358
0.408409
0.378403
0.372609
0.362124
0.365659
0.37758
0.388301
0.425314
0.453162
0.508155
0.39408
0.440433
0.411338
0.368637
0.46563
0.48715
0.473345
0.415736
0.441252
0.432383
0.461083
0.503044
0.46196
0.502936
0.470273
0.43151
0.384224
0.397993
0.483754
0.450067
0.442151
0.435169
0.432911
0.42471
0.422083
0.449883
0.411154
0.432122
0.454008
0.448906
0.408179
0.392025
0.396861
0.412605
0.375134
0.40221
0.41635
0.395748
0.406767
0.404009
0.38628
0.373425
0.374167
0.3659
0.349525
0.350568
0.359716
0.365182
0.378084
0.387642
0.39904
0.405203
0.397717
0.393401
0.401542
0.417053
0.407247
0.422299
0.429557
0.425455
0.393663
0.377573
0.411245
0.386439
0.387962
0.377993
0.351474
0.344541
0.35311
0.366422
0.386002
0.433404
0.432238
0.418453
0.435202
0.48072
0.506347
0.397201
0.391566
0.408149
0.419558
0.370948
0.397084
0.469842
0.439024
0.379754
0.433385
0.441413
0.441651
0.445549
0.401135
0.497053
0.447812
0.451316
0.44632
0.396018
0.400058
0.414114
0.397689
0.401556
0.384053
0.365227
0.369406
0.358039
0.354859
0.364668
0.359815
0.351508
0.357249
0.352976
0.345755
0.353534
0.352197
0.370728
0.36141
0.359876
0.370665
0.401994
0.388135
0.409454
0.393163
0.426177
0.400924
0.410061
0.386121
0.397632
0.392901
0.397383
0.378614
0.363674
0.352348
0.362368
0.351435
0.355273
0.353007
0.355204
0.373558
0.368812
0.379187
0.385517
0.368611
0.376649
0.401318
0.41563
0.444023
0.429392
0.408504
0.394996
0.411549
0.430224
0.410889
0.438679
0.428144
0.383376
0.373973
0.371446
0.372224
0.389089
0.384264
0.4154
0.42108
0.428034
0.448544
0.429111
0.443701
0.412428
0.406645
0.392316
0.395688
0.380184
0.368847
0.375081
0.389908
0.412346
0.396286
0.39535
0.382152
0.418287
0.409102
0.41875
0.416866
0.417877
0.460172
0.435917
0.434396
0.458754
0.449708
0.407192
0.495117
0.450204
0.446976
0.36804
0.364775
0.457042
0.487376
0.404167
0.41793
0.444403
0.459365
0.486419
0.427636
0.436813
0.39618
0.397804
0.396053
0.368708
0.361242
0.363921
0.361224
0.347719
0.349501
0.350701
0.3522
0.353042
0.340183
0.34561
0.363054
0.393121
0.390217
0.371513
0.375602
0.398549
0.400278
0.382113
0.372225
0.355234
0.353726
0.359585
0.357317
0.356557
0.348415
0.34692
0.3507
0.36046
0.353191
0.348946
0.36876
0.379807
0.399608
0.383271
0.435317
0.436875
0.486632
0.476594
0.469567
0.446796
0.420913
0.400598
0.422345
0.4062
0.465935
0.434257
0.3855
0.439788
0.434412
0.410534
0.398886
0.406295
0.405281
0.414773
0.439384
0.398532
0.461082
0.492105
0.402393
0.410132
0.484809
0.464719
0.478656
0.516804
0.396655
0.404024
0.453255
0.396751
0.419011
0.450277
0.430922
0.418001
0.402776
0.409118
0.421042
0.407222
0.433339
0.432111
0.446851
0.454836
0.43439
0.437126
0.425176
0.424092
0.411452
0.394517
0.399041
0.377295
0.37304
0.357805
0.363434
0.349855
0.372255
0.39763
0.428107
0.40224
0.443088
0.436123
0.435178
0.442877
0.42489
0.427405
0.40432
0.386967
0.385319
0.378077
0.39059
0.377042
0.405094
0.407682
0.402345
0.469179
0.486846
0.459702
0.415466
0.449089
0.440504
0.415454
0.430693
0.421031
0.447164
0.440782
0.429441
0.428674
0.400209
0.437605
0.437906
0.43172
0.465972
0.419137
0.406298
0.395729
0.379726
0.380462
0.369618
0.370621
0.356381
0.351813
0.364401
0.366699
0.362436
0.361968
0.366143
0.371174
0.382136
0.412981
0.410079
0.41215
0.413677
0.44511
0.439039
0.459019
0.446345
0.414861
0.377399
0.486107
0.503407
0.507949
0.503452
0.464794
0.407754
0.448549
0.434372
0.407106
0.376324
0.373111
0.351243
0.351539
0.366158
0.360831
0.381229
0.388839
0.394319
0.382888
0.362126
0.365925
0.370832
0.368989
0.374401
0.386335
0.418539
0.460473
0.489379
0.428484
0.484154
0.441798
0.43404
0.514299
0.464497
0.427919
0.401838
0.415152
0.434205
0.439663
0.467717
0.44858
0.456641
0.474493
0.436993
0.450594
0.424025
0.363795
0.411514
0.429134
0.402124
0.389282
0.389511
0.398572
0.409129
0.435173
0.418185
0.438839
0.40929
0.399528
0.389001
0.379748
0.411263
0.427821
0.424599
0.399561
0.385299
0.375787
0.374497
0.372288
0.376953
0.377941
0.373684
0.382156
0.379649
0.352195
0.360036
0.362895
0.359412
0.352061
0.344085
0.344374
0.346022
0.353416
0.351953
0.356765
0.344408
0.347853
0.363918
0.358748
0.369588
0.363846
0.359355
0.38003
0.380966
0.367759
0.385964
0.367622
0.368112
0.359683
0.355425
0.354295
0.351547
0.346783
0.358023
0.35853
0.371294
0.373958
0.38868
0.385892
0.350755
0.369334
0.399958
0.39037
0.41667
0.397968
0.385687
0.376241
0.374746
0.380976
0.383585
0.38483
0.386718
0.402755
0.383006
0.396625
0.415837
0.403975
0.392415
0.384352
0.371971
0.375051
0.371289
0.359575
0.350754
0.353703
0.358024
0.348989
0.340518
0.346223
0.337481
0.355589
0.362134
0.398251
0.369771
0.356865
0.371125
0.377805
0.381798
0.410379
0.386099
0.377471
0.414428
0.425793
0.419086
0.360502
0.380229
0.394715
0.398358
0.391036
0.380723
0.388465
0.367363
0.372492
0.34866
0.38132
0.363533
0.355784
0.345785
0.360604
0.35245
0.365979
0.36013
0.363857
0.359872
0.371773
0.361762
0.364688
0.359281
0.365826
0.371727
0.36224
0.345978
0.35974
0.359322
0.360818
0.366176
0.368098
0.392848
0.400197
0.397465
0.392006
0.39185
0.392837
0.393457
0.395907
0.385794
0.392556
0.40247
0.415241
0.420353
0.388788
0.398682
0.395351
0.404178
0.431806
0.428565
0.405827
0.406031
0.395645
0.414029
0.406434
0.419017
0.378161
0.409612
0.427981
0.3765
0.376391
0.392386
0.39705
0.402976
0.414633
0.395811
0.395382
0.391038
0.405393
0.379841
0.395421
0.385488
0.394818
0.392598
0.37051
0.378938
0.379736
0.365275
0.376527
0.363687
0.361291
0.363395
0.361816
0.358208
0.360983
0.371789
0.374345
0.367698
0.365141
0.373907
0.371882
0.380556
0.374551
0.361919
0.362323
0.348588
0.333514
0.342622
0.340899
0.339802
0.348814
0.341062
0.350908
0.354812
0.36891
0.370195
0.379688
0.356029
0.340793
0.35602
0.365194
0.360477
0.354712
0.343991
0.355863
0.35531
0.371698
0.378038
0.368666
0.387108
0.400335
0.395211
0.382021
0.395724
0.401116
0.386382
0.369072
0.352971
0.35572
0.339729
0.340556
0.335329
0.346034
0.339352
0.341443
0.341729
0.337301
0.338384
0.354308
0.366629
0.396441
0.368149
0.381377
0.391268
0.389186
0.376546
0.399424
0.418753
0.405364
0.381375
0.377673
0.370113
0.356827
0.355435
0.37722
0.392395
0.391594
0.391236
0.400837
0.401061
0.409668
0.408054
0.431621
0.390224
0.392553
0.437331
0.433721
0.422483
0.401559
0.392476
0.394029
0.397955
0.417957
0.403483
0.40684
0.395426
0.367866
0.365403
0.375404
0.387156
0.440275
0.43144
0.419591
0.390958
0.392976
0.399591
0.409571
0.399495
0.437566
0.415744
0.406248
0.377376
0.370495
0.362086
0.363671
0.361897
0.371456
0.371192
0.376795
0.366938
0.361567
0.349153
0.365232
0.352345
0.350197
0.345284
0.337897
0.357761
0.377839
0.353327
0.365515
0.362912
0.353112
0.35436
0.36066
0.376498
0.379687
0.386206
0.397316
0.389366
0.413797
0.418372
0.436062
0.467998
0.439039
0.411039
0.410573
0.43117
0.524869
0.463725
0.473057
0.44749
0.497722
0.483792
0.524045
0.476401
0.417027
0.40529
0.386825
0.379743
0.383786
0.379417
0.396765
0.386019
0.391948
0.400696
0.40207
0.40749
0.408743
0.392168
0.378967
0.415185
0.427483
0.407502
0.39958
0.408392
0.38803
0.36717
0.377208
0.371475
0.362275
0.373372
0.383072
0.404654
0.403274
0.398551
0.405699
0.423354
0.387246
0.376547
0.37197
0.376679
0.386437
0.398877
0.410293
0.399223
0.428455
0.409176
0.424353
0.452381
0.433562
0.472727
0.500433
0.47056
0.397803
0.500736
0.500483
0.432912
0.484437
0.474993
0.395694
0.446138
0.418124
0.447148
0.440746
0.456821
0.451164
0.453634
0.48246
0.45815
0.47968
0.431543
0.472498
0.446316
0.428192
0.464038
0.482972
0.455866
0.512896
0.473505
0.457112
0.490496
0.510536
0.505697
0.498124
0.45755
0.5126
0.539079
0.556967
0.539733
0.4828
0.494037
0.544438
0.476882
0.378795
0.369269
0.355398
0.372669
0.365811
0.360816
0.366337
0.371507
0.372929
0.370104
0.384381
0.391676
0.40146
0.381108
0.402021
0.391852
0.391825
0.410212
0.433529
0.431784
0.425944
0.393522
0.387688
0.378795
0.369697
0.369614
0.377572
0.36886
0.37275
0.386789
0.389339
0.393209
0.398642
0.446913
0.435903
0.449452
0.429486
0.445173
0.500472
0.460334
0.496739
0.487363
0.465699
0.47633
0.426082
0.449801
0.443519
0.412675
0.404138
0.44525
0.513609
0.526955
0.509096
0.526209
0.465055
0.426739
0.509768
0.476272
0.465271
0.425604
0.453729
0.403524
0.394166
0.435057
0.428469
0.399492
0.391892
0.401631
0.356658
0.378733
0.395198
0.377737
0.364508
0.376334
0.368329
0.364929
0.365082
0.379522
0.406184
0.383266
0.376408
0.365804
0.360578
0.365676
0.370709
0.367628
0.360973
0.35588
0.368752
0.376635
0.390458
0.379257
0.39614
0.425298
0.407585
0.384777
0.377254
0.375533
0.376433
0.395791
0.397059
0.380923
0.382128
0.377513
0.388122
0.377005
0.384468
0.385118
0.420595
0.383404
0.376324
0.356763
0.387276
0.371412
0.371012
0.36533
0.363542
0.360006
0.376314
0.375119
0.389614
0.388532
0.399193
0.39466
0.40266
0.420252
0.432522
0.429271
0.43525
0.441557
0.412488
0.396393
0.376446
0.40981
0.393987
0.38113
0.368045
0.360476
0.356496
0.359861
0.36807
0.365266
0.375888
0.39682
0.420512
0.407592
0.404214
0.445313
0.43766
0.47837
0.427705
0.467675
0.413548
0.441936
0.437604
0.399837
0.386423
0.410378
0.413415
0.424092
0.41121
0.419044
0.401292
0.384256
0.406081
0.448963
0.439642
0.466744
0.436622
0.437435
0.407523
0.417285
0.428484
0.413358
0.426626
0.419988
0.455345
0.451365
0.431267
0.447152
0.441264
0.414723
0.445909
0.461095
0.500593
0.438328
0.483343
0.43468
0.437609
0.463479
0.516694
0.484733
0.485703
0.48799
0.476308
0.521374
0.469034
0.570045
0.552211
0.409058
0.387933
0.432671
0.448807
0.445395
0.539529
0.526675
0.478635
0.470199
0.461691
0.449417
0.428885
0.448898
0.434369
0.416488
0.426443
0.424903
0.401579
0.419098
0.437832
0.40141
0.385852
0.406856
0.403781
0.427268
0.441578
0.391791
0.411623
0.431601
0.46371
0.446367
0.439712
0.382423
0.38794
0.407925
0.412277
0.396599
0.383341
0.384191
0.385728
0.38415
0.39279
0.414004
0.407346
0.400403
0.408923
0.400957
0.398605
0.391011
0.38536
0.390977
0.398658
0.414484
0.408221
0.408898
0.40009
0.394108
0.403282
0.391705
0.405284
0.416409
0.430907
0.411977
0.392281
0.389538
0.386245
0.389904
0.380476
0.379308
0.382555
0.392061
0.395243
0.414932
0.407726
0.395994
0.382715
0.372657
0.366522
0.377475
0.400021
0.411965
0.416042
0.41974
0.44656
0.463475
0.43386
0.429384
0.420874
0.418992
0.415218
0.395117
0.377975
0.369886
0.372504
0.36444
0.367884
0.418987
0.456375
0.384668
0.352304
0.357483
0.361398
0.352707
0.358841
0.363542
0.354895
0.362332
0.362624
0.365952
0.36764
0.353044
0.353757
0.348829
0.34279
0.354795
0.345412
0.348159
0.345761
0.354218
0.354306
0.365139
0.357027
0.366426
0.357391
0.353282
0.356565
0.334224
0.332309
0.34952
0.337218
0.340643
0.343162
0.340341
0.352673
0.35282
0.337554
0.340706
0.34098
0.345044
0.3503
0.351727
0.355936
0.365583
0.355938
0.362373
0.357766
0.370343
0.368168
0.350775
0.354922
0.348777
0.347853
0.348416
0.361444
0.364512
0.374584
0.377359
0.36542
0.357545
0.348855
0.342196
0.336795
0.351917
0.34386
0.345669
0.350919
0.360499
0.351052
0.355812
0.35267
0.361129
0.374047
0.372221
0.375189
0.390992
0.376428
0.367824
0.376647
0.38818
0.387639
0.395947
0.396138
0.371303
0.378136
0.373134
0.415891
0.399604
0.382724
0.363001
0.36877
0.358204
0.349827
0.347722
0.349008
0.336632
0.350351
0.352824
0.352795
0.351782
0.356521
0.355086
0.361884
0.365195
0.370289
0.36185
0.364623
0.368186
0.386854
0.386557
0.366369
0.408989
0.385273
0.385784
0.370496
0.378193
0.401293
0.397713
0.375574
0.354448
0.354035
0.356695
0.365976
0.375238
0.371783
0.380134
0.394163
0.397872
0.376222
0.383782
0.393809
0.394795
0.415106
0.394757
0.396211
0.402041
0.398604
0.368385
0.357184
0.348765
0.378443
0.382798
0.386093
0.374418
0.372998
0.37077
0.364918
0.372381
0.368084
0.371078
0.367019
0.357586
0.364447
0.388421
0.390557
0.39865
0.417128
0.417736
0.382438
0.407867
0.419181
0.397727
0.368895
0.360218
0.389745
0.396072
0.391306
0.407677
0.397706
0.402978
0.466229
0.453662
0.455654
0.454996
0.410836
0.427521
0.425514
0.447354
0.44344
0.406227
0.418097
0.447183
0.467371
0.46337
0.479501
0.456427
0.532708
0.465445
0.491855
0.47571
0.434906
0.486674
0.503151
0.46878
0.485348
0.485665
0.500865
0.40303
0.470739
0.385716
0.387174
0.382859
0.385056
0.393807
0.395469
0.383698
0.392681
0.3871
0.378464
0.395506
0.395717
0.434108
0.417837
0.472361
0.412637
0.431979
0.450159
0.448678
0.432717
0.405646
0.413415
0.393828
0.417663
0.38425
0.415023
0.410922
0.392382
0.387791
0.402196
0.419299
0.429547
0.418683
0.432467
0.424618
0.430747
0.424929
0.415039
0.425597
0.42501
0.412638
0.403413
0.434883
0.435713
0.402007
0.429449
0.397271
0.37908
0.381429
0.399671
0.411453
0.396174
0.389519
0.38318
0.371755
0.358394
0.349596
0.353536
0.345374
0.345129
0.351944
0.358308
0.360115
0.37842
0.349544
0.351025
0.350167
0.379284
0.357922
0.354443
0.357624
0.360007
0.368476
0.389024
0.391754
0.404816
0.39975
0.383175
0.395766
0.38226
0.418207
0.411047
0.384302
0.379454
0.367202
0.364812
0.361104
0.370888
0.365389
0.395555
0.392745
0.366632
0.369522
0.377205
0.374662
0.364817
0.364945
0.380918
0.389899
0.39343
0.405505
0.406222
0.402293
0.393336
0.376468
0.407525
0.384496
0.389109
0.385665
0.367872
0.353922
0.396809
0.395926
0.386913
0.379139
0.40163
0.415102
0.410768
0.380958
0.386448
0.384648
0.38579
0.374833
0.363914
0.36282
0.350068
0.348754
0.355787
0.339604
0.344835
0.340342
0.344938
0.356416
0.352463
0.346038
0.345883
0.329941
0.347213
0.355599
0.345287
0.349453
0.343032
0.346397
0.351363
0.363566
0.367827
0.362607
0.363364
0.375379
0.366608
0.357662
0.361795
0.357423
0.372694
0.391124
0.404929
0.401611
0.416062
0.41653
0.395211
0.393551
0.397193
0.392157
0.399282
0.397049
0.397333
0.410173
0.371203
0.369604
0.360377
0.353808
0.352801
0.353506
0.363486
0.353667
0.356322
0.347756
0.352558
0.348155
0.36276
0.349647
0.36648
0.373954
0.388625
0.420772
0.413976
0.393465
0.369761
0.35874
0.377796
0.38212
0.389871
0.389052
0.401183
0.414423
0.375669
0.372229
0.372061
0.379691
0.375919
0.372781
0.367318
0.41245
0.384078
0.381735
0.380332
0.381095
0.424446
0.422445
0.434791
0.44558
0.462334
0.506886
0.493496
0.418467
0.41075
0.395728
0.437635
0.425193
0.438251
0.436637
0.428872
0.442703
0.428478
0.412222
0.413921
0.415726
0.42189
0.391196
0.380925
0.396055
0.394682
0.374103
0.370509
0.379705
0.383144
0.372414
0.367413
0.371846
0.361073
0.378194
0.366659
0.364159
0.366325
0.376961
0.38394
0.409486
0.387777
0.394011
0.410463
0.449924
0.477841
0.442395
0.471093
0.475707
0.441018
0.421646
0.519433
0.474871
0.468206
0.446509
0.43257
0.432946
0.40478
0.483956
0.43143
0.428528
0.405074
0.420051
0.538004
0.57781
0.517778
0.565336
0.579128
0.502443
0.472475
0.506434
0.494831
0.467005
0.479969
0.553875
0.558239
0.46969
0.464102
0.438721
0.47398
0.431018
0.425981
0.443967
0.483678
0.49243
0.521747
0.510168
0.471552
0.50178
0.533541
0.533282
0.488447
0.540066
0.532223
0.522799
0.453099
0.457053
0.453702
0.468234
0.417171
0.406892
0.394903
0.396073
0.400563
0.378427
0.369338
0.365374
0.375063
0.375546
0.389413
0.399563
0.39492
0.399813
0.399098
0.381826
0.382983
0.404501
0.378805
0.400523
0.393135
0.422025
0.421855
0.404748
0.400176
0.404969
0.400471
0.411688
0.443825
0.374977
0.382411
0.383118
0.375998
0.364065
0.363159
0.358729
0.364833
0.371497
0.363331
0.356713
0.384664
0.380585
0.377547
0.375397
0.371451
0.380827
0.380576
0.388238
0.388949
0.378252
0.365059
0.368221
0.38072
0.392002
0.410357
0.410162
0.425042
0.439699
0.404919
0.431793
0.443637
0.448338
0.423622
0.400837
0.384746
0.392075
0.397735
0.357699
0.353504
0.357577
0.352157
0.358535
0.356125
0.348087
0.341162
0.338835
0.347973
0.348193
0.348498
0.35146
0.367461
0.349035
0.36026
0.349121
0.345096
0.359507
0.344474
0.342178
0.349324
0.352608
0.344729
0.354232
0.34303
0.342471
0.344876
0.343586
0.33803
0.350761
0.34723
0.344429
0.358244
0.357395
0.369507
0.366101
0.368501
0.377759
0.392704
0.423651
0.418278
0.433847
0.411264
0.421388
0.410471
0.387742
0.413686
0.428834
0.42368
0.42065
0.432536
0.425839
0.430823
0.411051
0.408923
0.404688
0.390352
0.426829
0.389923
0.380706
0.371658
0.360801
0.352855
0.355332
0.357407
0.355407
0.364519
0.366087
0.354956
0.349846
0.358275
0.349431
0.345923
0.357215
0.360182
0.366562
0.359815
0.372713
0.379715
0.376798
0.395161
0.393659
0.370829
0.403632
0.414251
0.422095
0.396937
0.403911
0.41565
0.415492
0.387939
0.397775
0.408546
0.406596
0.430305
0.41136
0.40371
0.399262
0.404694
0.383009
0.381817
0.399644
0.405373
0.409905
0.446167
0.423861
0.404634
0.383689
0.362537
0.361392
0.36771
0.349231
0.336235
0.349393
0.34733
0.34829
0.348089
0.343128
0.348603
0.355727
0.353316
0.35818
0.345418
0.360378
0.350832
0.360396
0.363515
0.340158
0.350828
0.349023
0.344829
0.330402
0.344855
0.344083
0.345304
0.351644
0.348771
0.343273
0.336544
0.351767
0.34668
0.345003
0.347304
0.358613
0.367116
0.385961
0.371279
0.366923
0.36726
0.375426
0.373736
0.372813
0.352788
0.352101
0.353497
0.359153
0.353831
0.340566
0.374744
0.385984
0.409812
0.391312
0.372588
0.373232
0.361776
0.36635
0.359183
0.374178
0.38991
0.372186
0.369164
0.375503
0.377753
0.364023
0.372961
0.376565
0.397263
0.389543
0.392573
0.401083
0.412216
0.40291
0.406432
0.413816
0.41277
0.430447
0.414151
0.38283
0.381503
0.398741
0.403085
0.372768
0.368116
0.370056
0.357473
0.351928
0.37408
0.375804
0.353878
0.351256
0.375358
0.389668
0.385118
0.392142
0.389989
0.417182
0.425876
0.402289
0.421626
0.409599
0.394277
0.374682
0.379736
0.388699
0.386915
0.368954
0.372476
0.372458
0.367984
0.369558
0.363808
0.383974
0.366192
0.418499
0.393167
0.395416
0.388226
0.39657
0.415121
0.401754
0.381291
0.387592
0.380921
0.374164
0.359479
0.358781
0.351954
0.354191
0.354176
0.350178
0.348951
0.352179
0.353058
0.362581
0.352791
0.336022
0.345038
0.344197
0.346104
0.360608
0.370837
0.379571
0.374549
0.376939
0.36995
0.378921
0.364911
0.367373
0.361557
0.34971
0.356758
0.349649
0.354504
0.357599
0.359619
0.352133
0.363412
0.370918
0.395354
0.402992
0.395592
0.385394
0.373864
0.397204
0.381825
0.378157
0.359514
0.362255
0.365366
0.361592
0.374201
0.359171
0.359035
0.38754
0.383951
0.388298
0.36645
0.376367
0.363922
0.359269
0.348321
0.347421
0.363375
0.365098
0.371335
0.373456
0.36447
0.37194
0.363816
0.365541
0.365073
0.358113
0.360061
0.37311
0.386006
0.399364
0.399014
0.402639
0.404655
0.373902
0.368605
0.396038
0.401989
0.39212
0.407052
0.386891
0.384489
0.357829
0.356201
0.354272
0.353877
0.374119
0.389447
0.396254
0.408114
0.36718
0.37147
0.365558
0.361566
0.368979
0.360302
0.365271
0.351575
0.345441
0.341271
0.340583
0.339585
0.343526
0.344682
0.349709
0.338635
0.346426
0.34082
0.350961
0.36181
0.363238
0.382817
0.397618
0.388184
0.372467
0.391472
0.369739
0.364862
0.361524
0.360829
0.371829
0.377514
0.38073
0.377656
0.386759
0.383314
0.354211
0.380585
0.392559
0.375577
0.386549
0.395287
0.371553
0.361102
0.358623
0.361175
0.357061
0.354436
0.351376
0.359993
0.350227
0.355309
0.338915
0.355708
0.356923
0.369179
0.371762
0.379461
0.379989
0.39864
0.401285
0.4165
0.388845
0.366844
0.376161
0.35341
0.35921
0.347106
0.348904
0.352205
0.336665
0.340759
0.348387
0.393735
0.341362
0.34621
0.341983
0.341094
0.347014
0.344346
0.352072
0.341215
0.348386
0.344595
0.340141
0.348432
0.345721
0.348871
0.342451
0.336404
0.332416
0.34882
0.350525
0.358306
0.343469
0.347834
0.364024
0.35205
0.367516
0.365698
0.391165
0.412391
0.413988
0.405218
0.427371
0.420154
0.40572
0.392848
0.405118
0.395515
0.383158
0.378334
0.36524
0.369831
0.361236
0.366594
0.365125
0.372704
0.380984
0.385554
0.384465
0.381522
0.369534
0.372074
0.374367
0.37398
0.391979
0.387253
0.410478
0.397957
0.395377
0.375658
0.375308
0.378888
0.373663
0.391976
0.412048
0.410551
0.375099
0.376048
0.378342
0.376364
0.360227
0.355517
0.364074
0.390911
0.378954
0.354709
0.359401
0.419093
0.404502
0.41026
0.418778
0.429748
0.375766
0.40792
0.400112
0.439326
0.41264
0.409591
0.403734
0.393941
0.382134
0.378192
0.383167
0.369288
0.37286
0.375345
0.367178
0.359549
0.356898
0.36023
0.36393
0.357063
0.348922
0.356436
0.359566
0.370109
0.378094
0.393406
0.406012
0.372295
0.405414
0.37224
0.369598
0.357034
0.353361
0.345817
0.338617
0.353582
0.340213
0.341723
0.332886
0.344036
0.35208
0.361513
0.373766
0.379158
0.370649
0.354902
0.353343
0.35251
0.378843
0.39615
0.424971
0.384568
0.3828
0.367519
0.3503
0.352098
0.351856
0.351102
0.347042
0.358224
0.352194
0.36388
0.36129
0.379723
0.398169
0.399943
0.40828
0.38526
0.38158
0.420287
0.388695
0.371034
0.357717
0.345063
0.346214
0.346208
0.360287
0.353097
0.353252
0.362427
0.370331
0.395422
0.389649
0.407385
0.376051
0.364626
0.360028
0.373942
0.355558
0.361021
0.35436
0.364443
0.357781
0.358523
0.378238
0.370965
0.36095
0.363614
0.381027
0.383405
0.366782
0.344444
0.352346
0.350322
0.348847
0.351323
0.358304
0.362326
0.357621
0.348215
0.358696
0.369295
0.371104
0.371399
0.37508
0.388558
0.380912
0.393884
0.397865
0.374796
0.44609
0.404649
0.438145
0.425225
0.430178
0.433603
0.441908
0.423202
0.450628
0.42507
0.401855
0.404719
0.406519
0.425929
0.420882
0.420027
0.40306
0.390677
0.390551
0.384569
0.401841
0.433835
0.400293
0.382662
0.380591
0.391167
0.401141
0.42333
0.445299
0.485586
0.535918
0.539257
0.518235
0.588204
0.542572
0.498159
0.503307
0.46402
0.451209
0.456527
0.432307
0.448431
0.440916
0.448779
0.415707
0.412049
0.390179
0.383845
0.411665
0.422272
0.429435
0.415488
0.413247
0.432175
0.465516
0.450154
0.410082
0.401948
0.402383
0.420334
0.388146
0.393786
0.384806
0.381781
0.391144
0.398463
0.404833
0.407874
0.423236
0.424501
0.474414
0.436785
0.416442
0.403106
0.381497
0.380262
0.361946
0.353792
0.359342
0.352194
0.353025
0.374036
0.393033
0.389425
0.429572
0.430825
0.435667
0.43244
0.396729
0.383257
0.396995
0.396201
0.399362
0.3992
0.43745
0.443072
0.433752
0.415966
0.421098
0.361134
0.361694
0.365238
0.354091
0.343399
0.356185
0.346732
0.349515
0.34339
0.35055
0.349564
0.356684
0.351499
0.355304
0.370171
0.347877
0.360159
0.351716
0.35387
0.347723
0.355465
0.357044
0.354855
0.354794
0.347782
0.359486
0.347279
0.351384
0.349002
0.35038
0.345141
0.352238
0.339395
0.365393
0.349075
0.341699
0.345937
0.343179
0.345582
0.344959
0.34888
0.346332
0.34345
0.354508
0.348662
0.346261
0.343603
0.347829
0.354591
0.352074
0.352893
0.368866
0.383634
0.400926
0.44671
0.451805
0.43686
0.425581
0.421155
0.385336
0.376705
0.406678
0.399303
0.406778
0.367532
0.412406
0.421488
0.405172
0.395959
0.379755
0.382577
0.398708
0.385421
0.401205
0.396255
0.3654
0.412403
0.386462
0.417881
0.403921
0.42022
0.411366
0.408894
0.365167
0.386576
0.379499
0.360441
0.367573
0.37679
0.385076
0.402253
0.37751
0.373627
0.380266
0.370863
0.369467
0.383897
0.376956
0.415943
0.431205
0.405382
0.387044
0.372434
0.362743
0.360991
0.36414
0.36072
0.363011
0.343096
0.363869
0.362896
0.370875
0.376317
0.3631
0.373966
0.368004
0.343152
0.351426
0.347639
0.350013
0.358218
0.371773
0.38559
0.386537
0.375582
0.398641
0.379041
0.401805
0.418774
0.410748
0.403217
0.382968
0.404284
0.396763
0.426265
0.420332
0.413405
0.394971
0.416348
0.405494
0.385893
0.376888
0.377584
0.380529
0.380967
0.394343
0.372217
0.372398
0.371754
0.372331
0.365001
0.392282
0.38921
0.37187
0.401384
0.391539
0.420002
0.403352
0.405812
0.383452
0.405851
0.380611
0.360545
0.356386
0.363073
0.380238
0.363851
0.387138
0.36104
0.393207
0.353786
0.373107
0.403851
0.372208
0.413348
0.394386
0.390787
0.397635
0.386513
0.37573
0.384461
0.406294
0.406238
0.392958
0.405763
0.42306
0.427193
0.393448
0.368278
0.398973
0.393773
0.367521
0.392124
0.38905
0.381853
0.410614
0.409757
0.406216
0.413982
0.397795
0.380708
0.435736
0.41787
0.39566
0.402095
0.411593
0.414412
0.398109
0.408258
0.391691
0.373343
0.388768
0.394537
0.425858
0.405408
0.434078
0.412966
0.41603
0.387744
0.400653
0.378766
0.378797
0.423782
0.414788
0.412561
0.392199
0.392977
0.419156
0.432566
0.411887
0.397776
0.396133
0.415044
0.381678
0.364758
0.405647
0.37652
0.400169
0.382366
0.381185
0.352203
0.371348
0.372311
0.358658
0.356225
0.351027
0.351951
0.339522
0.340771
0.344241
0.346701
0.339183
0.354723
0.352871
0.362238
0.367058
0.368989
0.363349
0.354702
0.374442
0.366528
0.366408
0.374586
0.364804
0.357065
0.360598
0.354014
0.368329
0.369696
0.373052
0.367112
0.377082
0.401539
0.360782
0.35283
0.342989
0.351695
0.343754
0.360666
0.364442
0.383361
0.387756
0.354308
0.373067
0.362467
0.371643
0.365945
0.376387
0.37581
0.38487
0.400112
0.378984
0.390602
0.395078
0.387613
0.382321
0.37722
0.36681
0.359807
0.368461
0.373223
0.376922
0.380516
0.370897
0.361607
0.341197
0.353944
0.366705
0.354542
0.353847
0.353017
0.340945
0.352542
0.355953
0.361872
0.357849
0.371332
0.360573
0.359935
0.380061
0.363471
0.366574
0.359282
0.337638
0.351504
0.348065
0.341709
0.336674
0.341944
0.346424
0.343348
0.343712
0.346491
0.357186
0.364118
0.386558
0.38385
0.369595
0.355773
0.383887
0.392017
0.349564
0.388748
0.381291
0.374014
0.388301
0.3771
0.3558
0.358621
0.378159
0.369837
0.384095
0.386854
0.377363
0.393729
0.412764
0.387324
0.423867
0.403303
0.388566
0.389824
0.377619
0.37436
0.3739
0.38458
0.401548
0.386601
0.382366
0.388979
0.37057
0.391864
0.405076
0.39268
0.373502
0.353998
0.353368
0.3587
0.351386
0.371748
0.380355
0.381227
0.379096
0.403106
0.382146
0.359267
0.356513
0.360859
0.349523
0.360255
0.349248
0.342704
0.361917
0.361895
0.381209
0.393779
0.387792
0.405951
0.386207
0.363341
0.37347
0.372082
0.38482
0.399785
0.403553
0.39005
0.377567
0.362191
0.362134
0.37172
0.381022
0.421384
0.433587
0.401183
0.388031
0.381039
0.39034
0.369706
0.375859
0.37412
0.371198
0.369168
0.360949
0.347759
0.367053
0.36105
0.358994
0.367102
0.380675
0.39698
0.383518
0.382837
0.41847
0.462736
0.453767
0.425259
0.438283
0.460474
0.456085
0.449311
0.475662
0.450234
0.471823
0.427933
0.462168
0.466101
0.466207
0.43998
0.434165
0.424881
0.392893
0.397021
0.407557
0.43006
0.432932
0.404322
0.412414
0.44473
0.466738
0.437343
0.445336
0.456333
0.477717
0.524894
0.430699
0.443519
0.422885
0.406064
0.390669
0.427751
0.454223
0.497617
0.436264
0.46226
0.440464
0.430306
0.414497
0.391804
0.393943
0.390442
0.382742
0.378733
0.372098
0.361671
0.366871
0.377802
0.382545
0.406038
0.408182
0.401878
0.408351
0.388712
0.387658
0.398514
0.386959
0.379653
0.360744
0.380521
0.388979
0.421424
0.44507
0.455018
0.469563
0.446093
0.516119
0.505978
0.442133
0.425595
0.457401
0.439683
0.437977
0.404349
0.399482
0.382276
0.372269
0.379729
0.382827
0.40829
0.408321
0.420173
0.441785
0.462534
0.4509
0.412136
0.401279
0.386681
0.388251
0.381645
0.380367
0.392121
0.401173
0.420424
0.43934
0.432784
0.421698
0.415387
0.397701
0.400577
0.400753
0.399179
0.414999
0.408194
0.434255
0.455662
0.434121
0.408234
0.394065
0.379543
0.36015
0.35504
0.348138
0.36435
0.365793
0.364661
0.361361
0.381066
0.389011
0.376293
0.366533
0.355609
0.357495
0.356994
0.354059
0.359941
0.360278
0.359638
0.370495
0.372228
0.369363
0.388638
0.384337
0.382086
0.376274
0.401973
0.422123
0.459551
0.435587
0.461046
0.444811
0.419482
0.398935
0.426051
0.449686
0.451326
0.469539
0.417574
0.368411
0.444578
0.468959
0.428754
0.464987
0.454434
0.487438
0.49686
0.442352
0.46378
0.458938
0.437022
0.441431
0.434643
0.446619
0.428898
0.420628
0.423705
0.462203
0.465574
0.452682
0.44957
0.529947
0.492694
0.457052
0.540737
0.454379
0.458444
0.512435
0.498699
0.456407
0.446977
0.507257
0.50875
0.489735
0.468635
0.485062
0.475096
0.472283
0.427535
0.460482
0.431349
0.439208
0.419919
0.43764
0.433331
0.476153
0.425096
0.388312
0.408467
0.436561
0.43092
0.457967
0.480445
0.449278
0.457532
0.408595
0.425953
0.428769
0.417189
0.448894
0.404597
0.414434
0.447452
0.420218
0.40333
0.43351
0.457191
0.446107
0.443534
0.42542
0.435759
0.409343
0.387717
0.371856
0.371994
0.375216
0.365294
0.373195
0.376081
0.385894
0.420526
0.442196
0.42654
0.41044
0.428208
0.403656
0.411814
0.389822
0.402385
0.391351
0.401676
0.406163
0.443589
0.412521
0.425571
0.428123
0.430821
0.429681
0.442242
0.451696
0.434182
0.421641
0.42277
0.420593
0.445553
0.40877
0.403606
0.412731
0.420605
0.417202
0.414265
0.421568
0.409535
0.386776
0.366895
0.373943
0.387257
0.387453
0.404992
0.417375
0.426507
0.376071
0.376572
0.39489
0.428483
0.429681
0.413487
0.381951
0.376002
0.372446
0.368389
0.370278
0.369016
0.367823
0.382646
0.390523
0.425224
0.410914
0.410034
0.403502
0.389597
0.387587
0.407965
0.425402
0.433969
0.394523
0.393429
0.409619
0.42214
0.410845
0.395326
0.402743
0.410833
0.434092
0.374659
0.381122
0.45926
0.45363
0.434177
0.429677
0.485639
0.481265
0.470073
0.444917
0.512228
0.524239
0.488702
0.404712
0.401022
0.42102
0.484955
0.483991
0.532274
0.523543
0.498462
0.490635
0.432877
0.444202
0.464226
0.492058
0.443607
0.412584
0.459611
0.438664
0.500819
0.476898
0.445966
0.476616
0.479148
0.382557
0.431865
0.39368
0.394504
0.425921
0.485803
0.398821
0.42675
0.432455
0.447725
0.476304
0.458173
0.436799
0.445751
0.516025
0.474523
0.484906
0.45838
0.408037
0.458127
0.504356
0.480636
0.479948
0.504693
0.506357
0.465314
0.457696
0.402445
0.35594
0.374784
0.423617
0.420503
0.40187
0.393497
0.378192
0.40068
0.404923
0.400381
0.377607
0.371575
0.360663
0.355892
0.352789
0.353978
0.358508
0.367244
0.373118
0.349377
0.357221
0.362048
0.372971
0.381799
0.375198
0.373129
0.380592
0.401332
0.418506
0.428739
0.424238
0.41766
0.413566
0.401881
0.393932
0.363701
0.357043
0.359055
0.365785
0.354929
0.352482
0.351971
0.354082
0.35784
0.378685
0.378477
0.395087
0.384902
0.376586
0.375804
0.368694
0.387086
0.378201
0.372043
0.35897
0.349693
0.348254
0.348956
0.35326
0.361851
0.373617
0.396684
0.375861
0.377797
0.353105
0.353749
0.354655
0.344022
0.33232
0.338309
0.351613
0.343603
0.353059
0.346265
0.343634
0.343838
0.336511
0.339973
0.339435
0.351639
0.3575
0.350299
0.350523
0.347809
0.356357
0.376739
0.360553
0.361167
0.382396
0.38103
0.383408
0.390832
0.37643
0.370452
0.369827
0.364342
0.349918
0.371036
0.364286
0.388923
0.439681
0.42866
0.388631
0.372904
0.359963
0.363115
0.366556
0.375875
0.379738
0.386372
0.380398
0.373888
0.36464
0.367676
0.356064
0.355998
0.364848
0.370187
0.362884
0.359458
0.366069
0.381401
0.352413
0.382966
0.378837
0.386422
0.376633
0.36784
0.374879
0.348831
0.349932
0.358718
0.357822
0.37551
0.374068
0.384486
0.381554
0.381836
0.376232
0.375988
0.372858
0.376105
0.392817
0.373697
0.383425
0.382734
0.386051
0.398395
0.398948
0.392527
0.379102
0.388055
0.385192
0.388099
0.388096
0.387229
0.414322
0.392772
0.385522
0.405072
0.358913
0.417694
0.425676
0.429867
0.422185
0.411205
0.405521
0.38763
0.382156
0.373665
0.368388
0.355953
0.351406
0.350997
0.346101
0.347731
0.358328
0.356822
0.338745
0.35169
0.343684
0.343182
0.346358
0.340501
0.350848
0.356017
0.350509
0.352073
0.362258
0.366374
0.385175
0.380918
0.365772
0.347769
0.352851
0.352187
0.361298
0.372105
0.382708
0.397373
0.402557
0.393353
0.379441
0.37273
0.384004
0.33959
0.360139
0.369848
0.355375
0.342888
0.333059
0.346419
0.338637
0.338503
0.348011
0.340235
0.350467
0.348504
0.352954
0.367805
0.376673
0.377729
0.38389
0.4066
0.398441
0.399761
0.407913
0.39379
0.402255
0.424425
0.445043
0.392806
0.429931
0.422102
0.430601
0.395396
0.434416
0.410459
0.390778
0.431739
0.381946
0.431234
0.378872
0.426729
0.401056
0.431509
0.406781
0.382742
0.430651
0.412199
0.39162
0.371666
0.362826
0.354725
0.365691
0.379489
0.394932
0.389691
0.373494
0.36706
0.352944
0.355541
0.360919
0.357117
0.373267
0.372769
0.377631
0.38134
0.361423
0.37576
0.381196
0.390523
0.386355
0.379751
0.390812
0.386778
0.396557
0.390478
0.382171
0.367016
0.354146
0.344145
0.347259
0.355821
0.359007
0.359098
0.388532
0.37142
0.362157
0.355448
0.374602
0.380715
0.366784
0.348481
0.356094
0.365373
0.359936
0.354494
0.361697
0.373444
0.377469
0.394505
0.392743
0.390434
0.383112
0.364032
0.354417
0.366298
0.363054
0.378158
0.365325
0.358643
0.347207
0.357265
0.365656
0.362648
0.357217
0.361126
0.38362
0.375732
0.392606
0.384862
0.382492
0.387009
0.388002
0.400868
0.381235
0.384986
0.372325
0.372901
0.382751
0.38536
0.372262
0.369603
0.380566
0.392649
0.421763
0.399951
0.402354
0.39969
0.398875
0.366741
0.372459
0.381083
0.396593
0.395191
0.400528
0.404794
0.395442
0.3979
0.404836
0.404902
0.410232
0.413454
0.412233
0.400554
0.405937
0.410295
0.381112
0.365776
0.364961
0.346878
0.349158
0.349158
0.348575
0.352124
0.353204
0.367311
0.363053
0.388743
0.389355
0.389047
0.400213
0.396797
0.397317
0.40462
0.406755
0.373016
0.378235
0.383865
0.37664
0.373493
0.366642
0.371353
0.374975
0.364694
0.376965
0.375105
0.359923
0.395663
0.38643
0.402899
0.432001
0.409598
0.414751
0.412493
0.414171
0.416858
0.452132
0.45877
0.431992
0.421916
0.431681
0.440124
0.427178
0.402906
0.388623
0.3996
0.382178
0.376806
0.372585
0.376993
0.36173
0.354007
0.376595
0.394566
0.418964
0.4096
0.425499
0.426545
0.386391
0.369326
0.384551
0.390301
0.412369
0.418253
0.398756
0.429445
0.456904
0.435979
0.453173
0.428643
0.458743
0.460399
0.425517
0.427932
0.422387
0.440457
0.450621
0.418437
0.418551
0.396657
0.418082
0.436603
0.413655
0.411066
0.39383
0.389816
0.391376
0.378416
0.40308
0.42665
0.415861
0.419912
0.412386
0.379793
0.368809
0.380017
0.392704
0.383049
0.415567
0.436648
0.424511
0.465303
0.468183
0.437772
0.45546
0.483537
0.425862
0.502164
0.484131
0.469189
0.441285
0.448134
0.425534
0.422833
0.501107
0.490445
0.435389
0.510542
0.547685
0.558717
0.558565
0.585946
0.557937
0.551254
0.54466
0.529935
0.539997
0.486011
0.460525
0.389218
0.400208
0.443272
0.497052
0.444926
0.501657
0.485732
0.502401
0.547515
0.479309
0.465712
0.457882
0.492847
0.495462
0.451074
0.384177
0.381908
0.373539
0.380565
0.396735
0.382882
0.355613
0.352307
0.344258
0.34755
0.354341
0.34704
0.355255
0.367446
0.375027
0.35875
0.375743
0.355379
0.347003
0.356393
0.359211
0.380986
0.374975
0.362985
0.34469
0.352199
0.368596
0.362173
0.351889
0.343802
0.352627
0.358476
0.350724
0.350786
0.363694
0.358083
0.373777
0.390112
0.382218
0.364895
0.371591
0.384371
0.365286
0.371953
0.355697
0.35739
0.363225
0.368015
0.358736
0.361176
0.360185
0.368031
0.375682
0.386033
0.379639
0.38853
0.39493
0.384991
0.404852
0.40226
0.420743
0.409019
0.399832
0.412609
0.420872
0.393278
0.397505
0.400979
0.393856
0.408521
0.415164
0.406461
0.406654
0.411607
0.427922
0.425184
0.428619
0.36444
0.434355
0.448331
0.396039
0.39369
0.410541
0.40078
0.410765
0.404131
0.411564
0.424782
0.407861
0.418285
0.416129
0.405469
0.446175
0.48934
0.460394
0.395698
0.396203
0.383016
0.405147
0.422617
0.394466
0.429209
0.388543
0.370108
0.40382
0.410704
0.405397
0.384054
0.385532
0.40432
0.377066
0.427014
0.394044
0.419783
0.44549
0.410019
0.40888
0.415521
0.413548
0.408807
0.378716
0.379674
0.396546
0.392291
0.390075
0.376539
0.40434
0.411193
0.417559
0.401802
0.39485
0.375475
0.390717
0.397473
0.389491
0.396013
0.401759
0.420478
0.397385
0.391976
0.39756
0.401003
0.421267
0.410721
0.441905
0.521917
0.499477
0.45821
0.468165
0.49995
0.419314
0.449985
0.441596
0.399721
0.384131
0.386787
0.384898
0.408233
0.475223
0.481435
0.436478
0.406709
0.39738
0.377226
0.375421
0.36702
0.357233
0.391148
0.368871
0.398017
0.437779
0.453703
0.42771
0.433018
0.427626
0.396987
0.382503
0.385527
0.365851
0.362912
0.376578
0.360539
0.36313
0.355584
0.37036
0.367996
0.374433
0.407081
0.416209
0.451563
0.443203
0.439101
0.459945
0.444134
0.405111
0.470923
0.449354
0.45992
0.387609
0.383785
0.363607
0.371756
0.401579
0.404832
0.436393
0.478071
0.409455
0.411732
0.397378
0.422151
0.414834
0.412164
0.389368
0.434753
0.459283
0.430847
0.467137
0.458186
0.426843
0.446654
0.447004
0.443749
0.436154
0.42529
0.425949
0.442785
0.428006
0.448274
0.425948
0.402591
0.383976
0.40309
0.445922
0.441528
0.435895
0.442151
0.449557
0.436249
0.429677
0.439148
0.421508
0.454925
0.478795
0.486144
0.514985
0.507969
0.506566
0.520727
0.473795
0.490865
0.478362
0.495656
0.481011
0.482007
0.482901
0.510784
0.463625
0.376781
0.424236
0.402661
0.404264
0.386747
0.405835
0.37094
0.365299
0.359706
0.358649
0.355993
0.349776
0.352609
0.369118
0.360806
0.365375
0.366388
0.373989
0.356694
0.345911
0.347851
0.349829
0.368649
0.367591
0.334646
0.34873
0.350551
0.355189
0.34678
0.343271
0.34285
0.341193
0.351896
0.344313
0.340539
0.349027
0.344474
0.347652
0.359359
0.369175
0.372189
0.392958
0.378978
0.356466
0.376407
0.378012
0.364946
0.351637
0.34786
0.355049
0.355684
0.361783
0.371519
0.380185
0.385997
0.372005
0.386265
0.392803
0.387298
0.384727
0.376874
0.387925
0.388521
0.382802
0.375298
0.358311
0.363902
0.361051
0.370767
0.372113
0.369177
0.372116
0.366037
0.389956
0.376329
0.38725
0.393926
0.383687
0.379291
0.405923
0.390956
0.392608
0.386028
0.453758
0.487412
0.473123
0.479147
0.445992
0.494375
0.455197
0.419353
0.491444
0.497227
0.532397
0.52202
0.517286
0.498044
0.511153
0.482398
0.481811
0.516891
0.496059
0.393528
0.390974
0.398746
0.371545
0.376713
0.382076
0.388573
0.402697
0.414773
0.398817
0.434654
0.45734
0.442615
0.405524
0.402506
0.399624
0.40875
0.374306
0.368847
0.401247
0.408784
0.391436
0.390569
0.383751
0.361988
0.35025
0.346837
0.35603
0.354248
0.360121
0.374437
0.366031
0.354981
0.3565
0.38756
0.395335
0.388492
0.388733
0.392121
0.365861
0.366672
0.364533
0.357467
0.361378
0.361675
0.34789
0.353625
0.367099
0.358899
0.347143
0.350918
0.351245
0.367343
0.383668
0.391127
0.393516
0.40109
0.363439
0.376057
0.385124
0.368115
0.349163
0.345084
0.341566
0.345509
0.351524
0.336764
0.351562
0.350564
0.351725
0.367008
0.367998
0.367887
0.379549
0.363399
0.356841
0.385126
0.354924
0.376456
0.367851
0.364765
0.372422
0.374916
0.374446
0.356994
0.360818
0.361905
0.361125
0.35697
0.342214
0.35765
0.340782
0.354925
0.367401
0.36882
0.384206
0.391004
0.420632
0.405077
0.481605
0.471228
0.443882
0.494643
0.440562
0.414458
0.436336
0.461028
0.423402
0.436102
0.399192
0.423378
0.407467
0.428927
0.451235
0.441696
0.473444
0.465592
0.422034
0.400457
0.392818
0.375185
0.38517
0.401888
0.406605
0.426907
0.405695
0.38067
0.435294
0.398062
0.440284
0.388026
0.374518
0.365133
0.368637
0.362027
0.382289
0.384607
0.413424
0.408978
0.42305
0.416827
0.44433
0.421823
0.422291
0.46533
0.44231
0.435312
0.464471
0.455625
0.39009
0.429207
0.436096
0.408416
0.384961
0.401233
0.436019
0.407867
0.451901
0.40211
0.452174
0.40205
0.380088
0.399532
0.40461
0.373976
0.372609
0.369077
0.359202
0.356681
0.35854
0.362329
0.355932
0.355532
0.362843
0.363572
0.377781
0.380358
0.398322
0.425717
0.429938
0.41574
0.470023
0.461039
0.441829
0.5136
0.435035
0.463436
0.405399
0.461261
0.55703
0.501748
0.45407
0.494103
0.405685
0.406526
0.457145
0.446645
0.425018
0.416226
0.404691
0.415704
0.442207
0.424733
0.432891
0.45681
0.468686
0.515978
0.443429
0.49764
0.457318
0.443628
0.406466
0.456767
0.455893
0.502324
0.531199
0.512544
0.487794
0.523009
0.438911
0.474421
0.44364
0.439679
0.458359
0.478651
0.480706
0.481259
0.481138
0.486483
0.470326
0.428871
0.393307
0.393106
0.398187
0.389743
0.395403
0.375257
0.382488
0.379875
0.375196
0.376367
0.374302
0.379037
0.384946
0.390292
0.423095
0.421595
0.438788
0.456873
0.452716
0.457574
0.450139
0.45545
0.437583
0.419556
0.433294
0.42422
0.432723
0.382362
0.433947
0.420098
0.440264
0.494839
0.463934
0.437195
0.447504
0.483859
0.46328
0.41252
0.457569
0.414947
0.420632
0.384061
0.367538
0.364373
0.35588
0.346382
0.346821
0.352244
0.369266
0.373461
0.371444
0.371759
0.367815
0.352452
0.355778
0.377557
0.376066
0.395672
0.416683
0.382392
0.393274
0.396662
0.394213
0.400739
0.410712
0.428567
0.409491
0.402482
0.440466
0.448492
0.424413
0.434959
0.427523
0.43593
0.488947
0.467297
0.521155
0.442245
0.517188
0.471074
0.466318
0.460442
0.422427
0.390097
0.369176
0.369656
0.379656
0.41612
0.415603
0.410519
0.401894
0.429709
0.416051
0.444097
0.414613
0.389106
0.440311
0.480231
0.425308
0.443069
0.451562
0.416266
0.417963
0.40254
0.430394
0.428747
0.419465
0.424246
0.435079
0.419665
0.409326
0.376885
0.390119
0.375519
0.372783
0.379349
0.390671
0.372271
0.384087
0.383245
0.416167
0.444054
0.392684
0.382524
0.374963
0.365575
0.379481
0.369565
0.380933
0.393703
0.387843
0.385766
0.386109
0.377821
0.392435
0.424335
0.450237
0.48194
0.470673
0.415533
0.468695
0.434882
0.418028
0.373198
0.350567
0.356259
0.403029
0.389625
0.404062
0.418098
0.432768
0.448714
0.457754
0.485504
0.41457
0.456501
0.441947
0.437223
0.425463
0.390173
0.405446
0.407751
0.505107
0.399519
0.413955
0.407848
0.403424
0.416849
0.425067
0.430532
0.437141
0.433637
0.411501
0.3736
0.370396
0.369262
0.362258
0.360453
0.36211
0.351428
0.351716
0.369233
0.389669
0.382602
0.390542
0.392187
0.404601
0.390415
0.401912
0.391286
0.405141
0.403006
0.415778
0.427814
0.413193
0.376881
0.391874
0.394718
0.408452
0.407291
0.432242
0.396306
0.403563
0.374656
0.393019
0.42108
0.382278
0.380582
0.397511
0.385318
0.385252
0.384281
0.377268
0.368173
0.356462
0.36047
0.375197
0.405824
0.408458
0.412111
0.419919
0.392045
0.38545
0.381933
0.367861
0.372228
0.372742
0.379795
0.397153
0.389253
0.370391
0.35938
0.359628
0.377734
0.376964
0.37401
0.382419
0.393002
0.403126
0.403521
0.407297
0.421719
0.402408
0.400564
0.378869
0.402661
0.402343
0.380184
0.374297
0.365253
0.36928
0.366023
0.385795
0.392975
0.407527
0.43848
0.377636
0.401719
0.377949
0.38232
0.379589
0.378427
0.387826
0.381113
0.383804
0.378085
0.39251
0.412065
0.42285
0.376504
0.4039
0.417707
0.388541
0.37574
0.369196
0.355568
0.367871
0.350931
0.347234
0.343719
0.350124
0.358989
0.366767
0.353024
0.337524
0.340167
0.352392
0.352822
0.351458
0.352395
0.35782
0.363068
0.373885
0.398767
0.39504
0.427278
0.407601
0.409427
0.409421
0.388873
0.375655
0.377756
0.371024
0.347455
0.347946
0.335642
0.34688
0.351361
0.351525
0.352657
0.354887
0.352403
0.347728
0.360027
0.378161
0.38482
0.41084
0.381498
0.386485
0.380471
0.367133
0.371864
0.349485
0.348093
0.363464
0.360546
0.358894
0.35504
0.350936
0.347439
0.363452
0.380064
0.375997
0.372124
0.379276
0.380197
0.372648
0.368485
0.360289
0.37303
0.382387
0.379931
0.379097
0.367134
0.3484
0.376779
0.399954
0.396024
0.422072
0.419633
0.381124
0.416541
0.419379
0.424453
0.403277
0.385706
0.390736
0.423395
0.414645
0.38889
0.381746
0.415174
0.417987
0.433514
0.437635
0.415985
0.394167
0.389336
0.390593
0.356369
0.35444
0.392167
0.385538
0.404029
0.431415
0.435583
0.448769
0.422137
0.416664
0.401208
0.405658
0.397308
0.451375
0.453294
0.417213
0.390325
0.370246
0.352803
0.342037
0.411446
0.38497
0.382925
0.355526
0.365218
0.359077
0.367111
0.373533
0.367522
0.366444
0.383145
0.368801
0.364376
0.379978
0.377649
0.379436
0.365897
0.373702
0.369653
0.3744
0.358069
0.380549
0.362695
0.34813
0.341461
0.339456
0.340983
0.342059
0.343385
0.351616
0.352895
0.344665
0.344988
0.341606
0.332343
0.333016
0.349937
0.346788
0.342223
0.35064
0.341375
0.343889
0.361922
0.363583
0.354966
0.36398
0.365875
0.385687
0.408604
0.381192
0.389099
0.380795
0.383496
0.407525
0.410562
0.394308
0.39387
0.380651
0.37678
0.388638
0.398515
0.408789
0.401906
0.370104
0.397262
0.383829
0.377582
0.373418
0.386226
0.376788
0.366925
0.384331
0.429525
0.452962
0.428523
0.426539
0.432362
0.410751
0.425601
0.401298
0.44774
0.422189
0.392607
0.462705
0.431161
0.379662
0.380309
0.420161
0.394076
0.38809
0.394799
0.412567
0.448487
0.465181
0.407037
0.392697
0.380316
0.382584
0.380195
0.389406
0.402715
0.444501
0.410584
0.436082
0.410435
0.397099
0.376373
0.378388
0.398569
0.407699
0.433297
0.414534
0.403363
0.460373
0.467379
0.472639
0.430312
0.394832
0.421828
0.449953
0.422553
0.420352
0.425238
0.406339
0.412936
0.391157
0.375311
0.369855
0.36745
0.368932
0.376859
0.374417
0.395214
0.420251
0.418231
0.458119
0.451454
0.421913
0.428787
0.502036
0.489751
0.461736
0.463802
0.446896
0.417665
0.522149
0.570181
0.553199
0.512487
0.560658
0.579285
0.551864
0.48876
0.550503
0.594361
0.549955
0.583353
0.561746
0.596896
0.50922
0.457344
0.414224
0.423791
0.424273
0.441128
0.395944
0.390969
0.391034
0.401526
0.41071
0.391637
0.404549
0.390281
0.366272
0.360298
0.397462
0.397627
0.406314
0.412359
0.415019
0.382165
0.383864
0.402814
0.395021
0.38824
0.396758
0.426228
0.42459
0.391956
0.40744
0.390927
0.385618
0.379185
0.376173
0.369249
0.378251
0.355496
0.348811
0.34538
0.351312
0.346305
0.345338
0.349575
0.364977
0.354946
0.357141
0.34168
0.340184
0.349734
0.354449
0.353992
0.371443
0.363465
0.378513
0.380157
0.384906
0.37153
0.407187
0.374612
0.390808
0.406074
0.409179
0.368747
0.386875
0.442413
0.395022
0.38902
0.404804
0.371916
0.377995
0.391683
0.381662
0.379628
0.376684
0.407633
0.43003
0.406403
0.415834
0.383984
0.385279
0.392922
0.378986
0.363158
0.377346
0.376196
0.377493
0.396153
0.384545
0.369151
0.355836
0.357834
0.354498
0.366098
0.392356
0.374094
0.365791
0.360546
0.355166
0.349192
0.342009
0.351507
0.363673
0.364153
0.364627
0.372519
0.389974
0.382044
0.405063
0.404654
0.393519
0.371217
0.365244
0.354165
0.353796
0.349493
0.359393
0.349442
0.352447
0.345904
0.344652
0.344742
0.344242
0.356807
0.350449
0.355459
0.364819
0.372773
0.394955
0.408386
0.412202
0.447591
0.472827
0.406076
0.425534
0.4539
0.454192
0.498723
0.429776
0.437101
0.419973
0.485252
0.447275
0.437534
0.431119
0.443833
0.489466
0.381293
0.450059
0.436067
0.464311
0.458062
0.44999
0.416814
0.406062
0.381609
0.402403
0.392908
0.405155
0.391117
0.394826
0.401466
0.406238
0.400002
0.402408
0.352102
0.407236
0.368999
0.406318
0.388721
0.404744
0.382725
0.402252
0.399666
0.419193
0.450463
0.418471
0.348206
0.382858
0.430433
0.384459
0.399394
0.402439
0.407881
0.385337
0.405413
0.385473
0.405192
0.435619
0.372268
0.381694
0.395592
0.38689
0.381738
0.397231
0.38749
0.370939
0.407122
0.410796
0.399683
0.432183
0.421765
0.418524
0.381228
0.406636
0.393442
0.416025
0.382672
0.374429
0.366766
0.388012
0.39351
0.415426
0.404545
0.399743
0.383385
0.356152
0.353556
0.346405
0.351946
0.364159
0.359614
0.377929
0.401213
0.399626
0.393978
0.38602
0.392504
0.392833
0.421714
0.416284
0.420266
0.388593
0.387676
0.407792
0.393955
0.400329
0.418654
0.383915
0.379267
0.390383
0.382351
0.395579
0.384373
0.372748
0.369796
0.362661
0.363766
0.379277
0.40669
0.431309
0.406211
0.378661
0.384158
0.384695
0.39211
0.406934
0.416431
0.386378
0.407302
0.42743
0.410054
0.403711
0.408976
0.412876
0.389709
0.397243
0.421933
0.402766
0.412305
0.415275
0.398147
0.419719
0.45007
0.448385
0.438706
0.437591
0.439528
0.42044
0.426258
0.472183
0.478584
0.451415
0.395766
0.398043
0.421025
0.447142
0.411752
0.410654
0.456448
0.441916
0.415308
0.414166
0.454478
0.508908
0.484839
0.462421
0.450728
0.436575
0.423862
0.438929
0.426372
0.437014
0.419849
0.457958
0.404094
0.45941
0.435306
0.433927
0.412384
0.416798
0.426564
0.436211
0.431187
0.47852
0.457123
0.454525
0.465339
0.429602
0.422606
0.38616
0.388792
0.384563
0.404766
0.394787
0.378628
0.385214
0.393699
0.378656
0.363428
0.356692
0.351075
0.347331
0.339314
0.355768
0.354842
0.351295
0.361624
0.376918
0.36782
0.400205
0.430791
0.398171
0.386571
0.400026
0.391879
0.374401
0.392855
0.393222
0.413245
0.429325
0.451598
0.430328
0.412307
0.389509
0.417832
0.414901
0.414518
0.450192
0.414575
0.425798
0.430564
0.397477
0.368192
0.377046
0.386476
0.396727
0.403661
0.419013
0.411811
0.408334
0.406954
0.420662
0.45069
0.46683
0.469278
0.436557
0.513707
0.483722
0.43893
0.413657
0.403964
0.387502
0.377735
0.376405
0.40718
0.42497
0.412576
0.421972
0.415424
0.404287
0.390748
0.372671
0.367583
0.374993
0.376106
0.375932
0.401852
0.398757
0.404198
0.428811
0.444707
0.424005
0.427691
0.40577
0.430966
0.481731
0.50188
0.447925
0.459306
0.393752
0.410557
0.391366
0.470216
0.437041
0.393029
0.47738
0.494503
0.455732
0.461983
0.417747
0.460575
0.41555
0.38328
0.480267
0.451032
0.523161
0.453059
0.470005
0.453298
0.510482
0.547768
0.51837
0.524013
0.491187
0.50136
0.537944
0.530421
0.532741
0.475187
0.490468
0.537222
0.474424
0.517388
0.486298
0.504768
0.487883
0.45567
0.486901
0.470097
0.462811
0.489379
0.516499
0.563571
0.551488
0.552736
0.561196
0.552163
0.553006
0.51823
0.539874
0.522035
0.54137
0.555682
0.591576
0.597738
0.568794
0.608439
0.590497
0.528954
0.501732
0.482908
0.409455
0.476727
0.493196
0.448579
0.475048
0.477788
0.456746
0.398791
0.399993
0.394781
0.399153
0.446158
0.470954
0.438304
0.425885
0.42039
0.397421
0.372339
0.380428
0.403944
0.399835
0.468291
0.438573
0.451497
0.47147
0.428788
0.411984
0.41305
0.433394
0.441014
0.414737
0.437029
0.408062
0.397871
0.36494
0.358803
0.369674
0.354673
0.363535
0.371136
0.380062
0.397831
0.406031
0.41391
0.461945
0.408921
0.46501
0.433811
0.459249
0.448465
0.458016
0.43382
0.45353
0.436829
0.445646
0.431883
0.421439
0.431176
0.423955
0.444925
0.43502
0.403901
0.370904
0.38069
0.413733
0.411627
0.407178
0.388465
0.405503
0.403236
0.40194
0.395495
0.400006
0.408238
0.384791
0.372566
0.349813
0.360617
0.378261
0.37559
0.375766
0.382859
0.380068
0.402239
0.43643
0.421077
0.389098
0.385707
0.392728
0.419797
0.39862
0.415701
0.410617
0.397451
0.387003
0.402927
0.420742
0.410986
0.415082
0.397213
0.364365
0.392753
0.383647
0.39774
0.40926
0.405419
0.403252
0.402183
0.389539
0.398877
0.38269
0.384658
0.42014
0.423055
0.41712
0.422093
0.431921
0.434973
0.444969
0.420073
0.436719
0.455325
0.394957
0.401242
0.374673
0.413145
0.40756
0.423632
0.376892
0.373531
0.413677
0.414575
0.406029
0.416312
0.421659
0.388214
0.394678
0.434661
0.426724
0.427023
0.43819
0.409504
0.38796
0.377899
0.387201
0.392871
0.371974
0.381612
0.413704
0.409561
0.402991
0.403198
0.384201
0.395415
0.406975
0.450395
0.498138
0.499709
0.433223
0.437421
0.420085
0.451871
0.397929
0.467622
0.394995
0.431574
0.405461
0.424694
0.407326
0.430051
0.436125
0.422159
0.443814
0.433598
0.473651
0.428537
0.408882
0.418752
0.419499
0.461858
0.449788
0.452022
0.453027
0.445968
0.414302
0.412784
0.410246
0.407297
0.386512
0.413137
0.372462
0.363171
0.365188
0.367238
0.366085
0.361001
0.369719
0.377307
0.375678
0.35628
0.357537
0.349591
0.360532
0.352662
0.341574
0.343082
0.348602
0.345299
0.3386
0.341037
0.348755
0.343654
0.356019
0.345915
0.357441
0.348354
0.349743
0.364938
0.380012
0.382316
0.380974
0.386616
0.380466
0.377859
0.394067
0.407418
0.387749
0.381867
0.368515
0.393136
0.379691
0.370779
0.361864
0.394458
0.393596
0.38133
0.406336
0.417345
0.400785
0.3824
0.398035
0.403326
0.387061
0.364667
0.355787
0.350641
0.350774
0.354829
0.347235
0.361874
0.355229
0.356304
0.362193
0.360929
0.358779
0.369829
0.390166
0.39714
0.416315
0.430949
0.426307
0.434106
0.444675
0.483592
0.487747
0.464534
0.4648
0.499372
0.473744
0.494709
0.503402
0.504688
0.528785
0.492322
0.464302
0.401549
0.398317
0.400138
0.400583
0.414735
0.483664
0.434578
0.381098
0.364312
0.422994
0.430918
0.464245
0.427885
0.412623
0.428613
0.400731
0.379099
0.390237
0.422719
0.441179
0.465286
0.474861
0.45884
0.479397
0.45627
0.477851
0.536212
0.53013
0.426524
0.418164
0.40282
0.43701
0.451648
0.469873
0.405178
0.36649
0.347693
0.364811
0.377649
0.37125
0.375427
0.373666
0.37533
0.370458
0.364977
0.370535
0.399473
0.433809
0.403391
0.418523
0.395273
0.390898
0.380295
0.406113
0.415671
0.485249
0.457568
0.477075
0.431066
0.418517
0.399126
0.39433
0.375088
0.402598
0.367861
0.363251
0.388466
0.388792
0.408696
0.380722
0.385499
0.377752
0.369398
0.389521
0.404254
0.402616
0.395163
0.390678
0.396128
0.407275
0.42735
0.417799
0.398945
0.435606
0.441201
0.402506
0.410377
0.408313
0.391793
0.388584
0.379132
0.433048
0.438295
0.404424
0.381118
0.434793
0.430381
0.41658
0.482054
0.473192
0.476261
0.498193
0.429493
0.465514
0.397069
0.373193
0.381958
0.419345
0.429762
0.437881
0.421224
0.448733
0.486683
0.481369
0.504775
0.415992
0.471476
0.433266
0.47305
0.487909
0.482349
0.436303
0.431008
0.47405
0.523731
0.431214
0.408384
0.432058
0.424603
0.406742
0.396714
0.378989
0.383585
0.369456
0.369488
0.37763
0.402308
0.401149
0.377518
0.374455
0.365935
0.375259
0.36458
0.377008
0.369808
0.382519
0.388387
0.390819
0.41499
0.407549
0.433504
0.435657
0.426958
0.399105
0.39971
0.397872
0.395465
0.418217
0.430126
0.377649
0.443591
0.438724
0.439802
0.442455
0.398444
0.409925
0.463778
0.423145
0.398403
0.377004
0.34519
0.348364
0.390095
0.43488
0.38732
0.446753
0.418586
0.445218
0.425987
0.458301
0.411241
0.390441
0.398722
0.430101
0.457153
0.465567
0.510597
0.442034
0.412081
0.409851
0.420348
0.413806
0.420628
0.422339
0.444145
0.434624
0.432058
0.482507
0.446815
0.450206
0.406959
0.442581
0.463991
0.454647
0.481657
0.490018
0.534178
0.439509
0.4896
0.420128
0.424338
0.426896
0.435843
0.422027
0.436798
0.441883
0.433483
0.454717
0.404129
0.465984
0.454953
0.456194
0.429733
0.449401
0.416869
0.451205
0.459944
0.482646
0.453929
0.470452
0.465819
0.466896
0.490845
0.472995
0.494861
0.508858
0.559324
0.540745
0.562461
0.573815
0.573269
0.474697
0.497009
0.584606
0.586988
0.563319
0.57792
0.551975
0.54917
0.572364
0.542709
0.489895
0.564202
0.522107
0.467952
0.457066
0.441986
0.42262
0.401238
0.401581
0.372813
0.367189
0.395516
0.387106
0.385271
0.413047
0.460095
0.42866
0.372566
0.380987
0.427718
0.407205
0.437419
0.474607
0.394155
0.456879
0.439335
0.439233
0.427308
0.409296
0.374999
0.409491
0.441162
0.423392
0.41947
0.45405
0.457978
0.389897
0.452184
0.445835
0.419637
0.427235
0.415437
0.417736
0.392532
0.407959
0.410691
0.416027
0.388514
0.384779
0.422687
0.398884
0.417445
0.421034
0.354086
0.351071
0.384973
0.461502
0.417544
0.471853
0.48611
0.42042
0.415314
0.415946
0.460852
0.398022
0.417784
0.445616
0.449104
0.438257
0.414395
0.393709
0.416778
0.388858
0.380294
0.36454
0.363417
0.367292
0.364505
0.367265
0.358636
0.367133
0.362524
0.350996
0.356796
0.358116
0.356071
0.346663
0.356743
0.349158
0.348214
0.351128
0.360595
0.357938
0.366078
0.361851
0.371852
0.392109
0.392328
0.399395
0.39547
0.347776
0.377884
0.379477
0.356127
0.360684
0.362855
0.373821
0.378078
0.3812
0.393326
0.38069
0.36856
0.363119
0.35886
0.385847
0.430738
0.423462
0.429646
0.38063
0.39996
0.404291
0.424561
0.428795
0.435111
0.466444
0.42865
0.396612
0.402058
0.41625
0.422212
0.410235
0.440485
0.436056
0.39761
0.394657
0.367537
0.363058
0.348984
0.347273
0.351512
0.350168
0.351821
0.352422
0.352574
0.371674
0.362296
0.371851
0.375888
0.366314
0.366416
0.359148
0.367665
0.368312
0.374773
0.362093
0.360754
0.381124
0.377206
0.393503
0.404203
0.41006
0.382113
0.45252
0.445492
0.484561
0.485111
0.503913
0.460171
0.482119
0.476284
0.429684
0.484241
0.450086
0.449009
0.420088
0.507727
0.475881
0.438114
0.460532
0.395528
0.372965
0.380215
0.373312
0.35893
0.348556
0.381104
0.398983
0.382556
0.369631
0.376262
0.372984
0.367201
0.367726
0.359807
0.351418
0.358311
0.369674
0.375913
0.419474
0.490349
0.471832
0.423465
0.388262
0.369981
0.389018
0.390444
0.423864
0.392952
0.424938
0.388158
0.387337
0.393132
0.43144
0.496088
0.49522
0.513186
0.540646
0.497035
0.445501
0.48845
0.501552
0.459179
0.394028
0.429343
0.466168
0.565811
0.558879
0.5102
0.549584
0.512725
0.506627
0.542584
0.504047
0.481771
0.516066
0.501641
0.489191
0.491138
0.523637
0.519059
0.468569
0.492014
0.515368
0.445576
0.497909
0.527356
0.517092
0.505064
0.518973
0.513528
0.484904
0.527093
0.512598
0.490286
0.487813
0.437351
0.461238
0.461018
0.498949
0.469629
0.412111
0.509288
0.425933
0.438544
0.412777
0.409224
0.443105
0.412227
0.462845
0.508013
0.472913
0.41169
0.465917
0.438285
0.476349
0.415606
0.501538
0.406584
0.403378
0.42575
0.452256
0.397106
0.437338
0.442664
0.441911
0.429461
0.401671
0.385958
0.380627
0.379303
0.366979
0.359612
0.361859
0.357326
0.356815
0.355412
0.361279
0.372757
0.39441
0.40588
0.399856
0.391992
0.383641
0.364096
0.367171
0.366255
0.365542
0.359348
0.368332
0.381635
0.405104
0.396624
0.391717
0.425092
0.416443
0.385591
0.387551
0.384108
0.366755
0.379498
0.376877
0.369324
0.350683
0.349248
0.356267
0.370741
0.385601
0.366269
0.357122
0.349067
0.35048
0.349236
0.357644
0.366594
0.379523
0.390591
0.38945
0.405188
0.410411
0.377701
0.410397
0.411877
0.411661
0.411689
0.397321
0.414819
0.409989
0.395183
0.387367
0.375081
0.400303
0.383293
0.375924
0.36132
0.363029
0.361591
0.352947
0.352237
0.351322
0.357521
0.36137
0.351314
0.338688
0.345552
0.352079
0.35731
0.355862
0.378796
0.392031
0.369638
0.383715
0.373464
0.379458
0.384683
0.402768
0.400085
0.391087
0.383443
0.348218
0.37692
0.38382
0.373192
0.361214
0.355011
0.352141
0.373167
0.352006
0.351675
0.355592
0.366849
0.386533
0.361859
0.355836
0.371397
0.378637
0.386098
0.424989
0.406743
0.388164
0.405443
0.374454
0.396197
0.377681
0.380385
0.383477
0.395682
0.407202
0.383295
0.399107
0.395759
0.431196
0.407359
0.424217
0.409396
0.427839
0.434442
0.420079
0.427067
0.456552
0.430042
0.446127
0.470324
0.389082
0.392387
0.415517
0.423588
0.392664
0.456454
0.415925
0.450808
0.471463
0.468239
0.407921
0.47016
0.503471
0.49612
0.473599
0.455132
0.426431
0.471857
0.511622
0.477172
0.479968
0.522077
0.484311
0.474921
0.434426
0.471204
0.433179
0.415395
0.433254
0.404538
0.385039
0.39929
0.407973
0.442641
0.435554
0.438706
0.463168
0.391249
0.374634
0.370763
0.394722
0.455824
0.427751
0.489484
0.417324
0.41696
0.449384
0.488242
0.48444
0.445244
0.420888
0.393673
0.380353
0.377801
0.38501
0.401845
0.434334
0.465506
0.365086
0.417784
0.424138
0.435232
0.451864
0.449357
0.435483
0.413425
0.430156
0.435141
0.44081
0.420348
0.428818
0.419371
0.40485
0.417627
0.431988
0.420488
0.429027
0.499882
0.437381
0.502911
0.458399
0.451813
0.491662
0.4409
0.452153
0.410682
0.38087
0.426027
0.445844
0.457458
0.470425
0.477147
0.479886
0.488766
0.526793
0.462774
0.440101
0.428812
0.44339
0.410732
0.423263
0.445002
0.424193
0.443186
0.442022
0.462895
0.502849
0.485501
0.509742
0.490782
0.397473
0.390722
0.452604
0.429742
0.454665
0.413121
0.42922
0.384856
0.45252
0.381454
0.376036
0.396462
0.365212
0.374887
0.363657
0.367959
0.402107
0.422345
0.431135
0.411496
0.422872
0.427576
0.439586
0.434245
0.414891
0.404463
0.398529
0.415991
0.386176
0.389855
0.384609
0.368627
0.375628
0.371418
0.389362
0.376625
0.366572
0.357096
0.356204
0.353689
0.352401
0.357659
0.355072
0.355834
0.359394
0.369663
0.389345
0.390993
0.405343
0.38347
0.373269
0.364175
0.360787
0.365525
0.355532
0.363934
0.379496
0.365032
0.383634
0.378067
0.368057
0.380246
0.378611
0.367704
0.353731
0.342966
0.360567
0.376737
0.380435
0.401503
0.382538
0.395068
0.38494
0.396529
0.399981
0.389748
0.381928
0.391462
0.393172
0.396365
0.400816
0.400394
0.35882
0.351546
0.377078
0.375279
0.389318
0.377441
0.39413
0.385272
0.402849
0.391882
0.396993
0.479332
0.417138
0.415024
0.427167
0.434222
0.403916
0.409279
0.408444
0.393195
0.3734
0.357978
0.359696
0.382903
0.507808
0.382717
0.367486
0.412984
0.363255
0.359887
0.366535
0.378881
0.371468
0.362939
0.370094
0.362795
0.368592
0.366408
0.35201
0.364052
0.363554
0.380739
0.39483
0.39631
0.398997
0.401639
0.37669
0.367788
0.357263
0.379361
0.38085
0.361929
0.372186
0.364017
0.378037
0.397928
0.394277
0.370319
0.386006
0.395726
0.387952
0.38049
0.388113
0.410202
0.395263
0.507923
0.446264
0.393865
0.419191
0.495734
0.483311
0.457104
0.471692
0.493592
0.463449
0.423647
0.419405
0.417596
0.451293
0.449928
0.411934
0.495826
0.520618
0.479718
0.480206
0.489464
0.499534
0.485472
0.447924
0.466441
0.482751
0.46505
0.426542
0.39029
0.355553
0.375117
0.469145
0.472381
0.487613
0.459629
0.445814
0.47229
0.490001
0.488217
0.477871
0.39693
0.389511
0.386172
0.371984
0.368448
0.35847
0.367178
0.360018
0.34414
0.349805
0.349808
0.346065
0.349312
0.362286
0.369252
0.363945
0.374057
0.36434
0.405989
0.410058
0.380627
0.374549
0.374682
0.397996
0.401125
0.413814
0.428945
0.405588
0.370093
0.385539
0.401627
0.389301
0.402018
0.396498
0.378301
0.383367
0.379027
0.405133
0.403013
0.389845
0.397707
0.40544
0.40708
0.412265
0.39427
0.402507
0.391416
0.389832
0.369737
0.396813
0.374756
0.374528
0.368165
0.378695
0.379721
0.388364
0.365343
0.352787
0.363531
0.35157
0.355141
0.347769
0.343503
0.347423
0.361548
0.349161
0.352058
0.344069
0.363961
0.381112
0.408362
0.404146
0.373848
0.399415
0.384642
0.380354
0.372295
0.360834
0.354012
0.348992
0.361983
0.347985
0.342016
0.361595
0.394027
0.369587
0.377802
0.368257
0.352011
0.362406
0.359984
0.344788
0.346087
0.354472
0.359924
0.359337
0.361535
0.382702
0.366427
0.364572
0.362081
0.354561
0.351895
0.345241
0.337278
0.349636
0.341689
0.34284
0.350565
0.350462
0.350689
0.34447
0.34863
0.341055
0.342379
0.357427
0.356321
0.361755
0.355415
0.363689
0.366352
0.367803
0.378056
0.40907
0.375024
0.372245
0.363846
0.354607
0.34612
0.357505
0.350129
0.36445
0.366808
0.380495
0.391961
0.397931
0.38108
0.412874
0.416813
0.414886
0.404162
0.422291
0.421048
0.410268
0.421957
0.417003
0.402984
0.422533
0.403147
0.428999
0.412444
0.392247
0.382104
0.380266
0.396196
0.376139
0.384393
0.394014
0.406826
0.418697
0.405726
0.385114
0.36633
0.3655
0.370479
0.406683
0.403719
0.397812
0.389454
0.391073
0.405133
0.394161
0.417226
0.366218
0.392035
0.398875
0.408912
0.377955
0.386386
0.425896
0.420064
0.418324
0.438617
0.455435
0.382885
0.402923
0.425308
0.412566
0.420477
0.441999
0.407375
0.413726
0.392737
0.423015
0.458583
0.435395
0.423461
0.468543
0.460155
0.461375
0.454007
0.45385
0.492298
0.508219
0.440429
0.44003
0.443913
0.469813
0.475624
0.507588
0.439741
0.453074
0.438117
0.423728
0.43869
0.443508
0.497371
0.501167
0.473055
0.497118
0.448802
0.440861
0.445403
0.44182
0.419576
0.423803
0.434341
0.428091
0.370189
0.452348
0.460295
0.455774
0.478874
0.470822
0.445027
0.444957
0.441296
0.41497
0.430161
0.421277
0.443789
0.437336
0.432727
0.441627
0.494305
0.479176
0.481333
0.444194
0.473741
0.476136
0.506433
0.497672
0.47944
0.436501
0.447909
0.522038
0.45985
0.487223
0.447426
0.463745
0.496835
0.563989
0.513095
0.494724
0.478704
0.42913
0.41298
0.413203
0.40835
0.3978
0.409131
0.401645
0.416373
0.420549
0.414381
0.416789
0.441975
0.450681
0.463316
0.456182
0.423593
0.418819
0.43207
0.472365
0.439713
0.490773
0.470299
0.499849
0.510826
0.507192
0.520408
0.501587
0.583982
0.578118
0.506133
0.419609
0.405378
0.413993
0.431405
0.399102
0.42477
0.402806
0.444704
0.44354
0.405623
0.436481
0.433245
0.401722
0.41777
0.426898
0.395155
0.372874
0.387887
0.41808
0.396733
0.416827
0.409079
0.43328
0.449334
0.420198
0.421258
0.419292
0.414862
0.410594
0.413625
0.421346
0.389202
0.414898
0.446702
0.43282
0.443764
0.408776
0.436581
0.437412
0.396107
0.421765
0.408907
0.399316
0.410392
0.443193
0.409418
0.440362
0.420614
0.418983
0.447199
0.439287
0.402556
0.386843
0.397299
0.3878
0.399893
0.374374
0.409933
0.409979
0.392301
0.389137
0.379125
0.384282
0.391402
0.392098
0.376463
0.336511
0.354037
0.398085
0.404788
0.384002
0.392335
0.398299
0.392801
0.378307
0.366181
0.351047
0.358253
0.359495
0.358635
0.373927
0.383117
0.38628
0.394317
0.369259
0.400496
0.429424
0.425653
0.421103
0.39688
0.393448
0.421439
0.363181
0.39255
0.386691
0.406211
0.392653
0.405096
0.402881
0.377323
0.381659
0.412135
0.434098
0.404587
0.430419
0.40701
0.437373
0.422673
0.423614
0.382341
0.400593
0.403261
0.385511
0.376439
0.375227
0.392924
0.401721
0.403367
0.379355
0.407816
0.388475
0.394193
0.390945
0.426189
0.410352
0.396175
0.392971
0.400508
0.407242
0.433279
0.384701
0.419162
0.43337
0.405752
0.405121
0.423672
0.421631
0.395318
0.372563
0.350313
0.358736
0.357026
0.351329
0.363652
0.355592
0.333642
0.350318
0.33763
0.343403
0.338788
0.338389
0.339611
0.360978
0.335245
0.342679
0.345964
0.343135
0.346753
0.360382
0.355449
0.370155
0.39111
0.38794
0.353866
0.370274
0.381527
0.385554
0.367916
0.360969
0.350769
0.351478
0.339603
0.351977
0.341153
0.33354
0.337355
0.339219
0.345703
0.350544
0.345964
0.344207
0.334646
0.346114
0.3416
0.342133
0.343446
0.342269
0.349498
0.359816
0.348909
0.34628
0.34468
0.349773
0.348528
0.34801
0.34781
0.351957
0.338828
0.330583
0.33363
0.334056
0.349835
0.344978
0.339654
0.345844
0.343039
0.339519
0.345247
0.347688
0.335044
0.348528
0.362493
0.364721
0.371662
0.369954
0.397161
0.393325
0.394979
0.377607
0.376983
0.376436
0.370577
0.376892
0.372783
0.38651
0.391364
0.379981
0.360966
0.363752
0.378269
0.402889
0.369138
0.374814
0.381928
0.374809
0.364165
0.365162
0.389721
0.37438
0.377631
0.366751
0.375408
0.384829
0.389144
0.388465
0.361016
0.350908
0.349692
0.353207
0.342139
0.344159
0.346991
0.336843
0.340734
0.34271
0.340292
0.343869
0.352937
0.349451
0.343952
0.349472
0.343399
0.348648
0.352132
0.356188
0.341594
0.343216
0.34112
0.340462
0.353124
0.337228
0.343666
0.339639
0.343846
0.350997
0.347093
0.350717
0.333543
0.339544
0.345128
0.351608
0.343593
0.347942
0.361293
0.361571
0.363446
0.370499
0.372042
0.3638
0.354687
0.354143
0.357559
0.356763
0.360138
0.37123
0.36907
0.358735
0.364686
0.377522
0.408126
0.398894
0.401376
0.430659
0.429802
0.398251
0.375563
0.382636
0.380401
0.377058
0.390933
0.408801
0.39567
0.408295
0.426824
0.436751
0.463742
0.439824
0.421336
0.42605
0.436665
0.43187
0.445695
0.384788
0.43579
0.422792
0.402068
0.375173
0.363907
0.365708
0.375054
0.375519
0.386356
0.401095
0.392453
0.377559
0.360277
0.354566
0.355039
0.362816
0.361387
0.359171
0.353056
0.361677
0.3622
0.381591
0.38897
0.405945
0.403602
0.398217
0.381233
0.374777
0.370807
0.374953
0.373325
0.378297
0.380874
0.378555
0.3984
0.408754
0.426548
0.415192
0.442166
0.479721
0.464158
0.441964
0.443193
0.484317
0.48062
0.481671
0.467587
0.451372
0.506145
0.53581
0.500314
0.492676
0.556792
0.473006
0.401546
0.417949
0.415103
0.384549
0.360358
0.396484
0.435191
0.437457
0.451977
0.421344
0.429241
0.386837
0.372901
0.393582
0.441385
0.462013
0.479512
0.466257
0.471476
0.40754
0.489526
0.49979
0.409473
0.392933
0.391438
0.38133
0.374298
0.36941
0.367326
0.361237
0.348875
0.351929
0.347106
0.346106
0.338799
0.345376
0.357432
0.354181
0.363531
0.353057
0.356291
0.360535
0.366461
0.374168
0.37937
0.379297
0.373855
0.401921
0.407404
0.392974
0.383329
0.400897
0.396081
0.382724
0.37325
0.380376
0.373775
0.38368
0.402523
0.422097
0.410624
0.447512
0.409225
0.415211
0.43718
0.374809
0.381847
0.39283
0.382853
0.417833
0.38448
0.38603
0.356151
0.382075
0.375791
0.377666
0.370433
0.377932
0.384386
0.4034
0.384556
0.376131
0.368689
0.353189
0.347939
0.344029
0.33988
0.346741
0.352051
0.349931
0.336926
0.357566
0.34059
0.342141
0.344448
0.341011
0.347646
0.348413
0.348476
0.355004
0.374366
0.388647
0.379497
0.382387
0.37047
0.369919
0.347958
0.343728
0.354311
0.336556
0.34526
0.357808
0.365534
0.353826
0.348795
0.356059
0.355992
0.355389
0.385137
0.400896
0.419017
0.434227
0.407904
0.396676
0.391614
0.423178
0.392906
0.405624
0.404813
0.409426
0.406642
0.383503
0.384847
0.395679
0.402728
0.389623
0.37876
0.396436
0.410118
0.408772
0.435769
0.416812
0.407884
0.405204
0.405588
0.408114
0.397883
0.39535
0.421944
0.3921
0.37904
0.394589
0.39258
0.405257
0.392101
0.396611
0.401449
0.395701
0.394744
0.394148
0.386971
0.374871
0.370503
0.410264
0.36778
0.411395
0.423151
0.409506
0.397009
0.388227
0.370914
0.371705
0.36222
0.392616
0.404969
0.422547
0.404089
0.416677
0.422235
0.476793
0.447235
0.449965
0.396809
0.392713
0.428479
0.411813
0.378721
0.363007
0.355769
0.387903
0.465697
0.423859
0.372091
0.395348
0.439948
0.468719
0.465184
0.447089
0.449377
0.443986
0.44579
0.411544
0.402148
0.441504
0.385528
0.425275
0.386471
0.416646
0.404869
0.412642
0.45752
0.460437
0.442777
0.432358
0.448863
0.460341
0.421882
0.483662
0.484554
0.441261
0.437684
0.4652
0.441024
0.3992
0.438657
0.467631
0.46088
0.489257
0.488054
0.461027
0.430217
0.461251
0.44023
0.417375
0.404027
0.380891
0.380304
0.387414
0.385463
0.379091
0.373233
0.380469
0.361186
0.376565
0.396449
0.409727
0.400497
0.385863
0.362414
0.359032
0.357985
0.354916
0.355859
0.34186
0.346868
0.362024
0.360165
0.363547
0.355982
0.360856
0.367802
0.3848
0.376018
0.364232
0.358579
0.35091
0.363067
0.37103
0.375691
0.380175
0.407204
0.389854
0.424595
0.397721
0.376485
0.433426
0.444557
0.440878
0.416573
0.424971
0.439815
0.485057
0.4364
0.423876
0.50407
0.41073
0.406029
0.411125
0.469262
0.490084
0.461369
0.510041
0.402811
0.395806
0.50182
0.458814
0.420551
0.477496
0.470322
0.428599
0.479299
0.466825
0.450127
0.463625
0.422658
0.440725
0.41728
0.440365
0.420135
0.415298
0.422422
0.412831
0.407505
0.411441
0.448822
0.478375
0.460003
0.53918
0.446887
0.487214
0.48637
0.53727
0.455775
0.488932
0.450979
0.480273
0.45719
0.472832
0.481559
0.479167
0.484656
0.512682
0.463
0.499453
0.460661
0.560193
0.509551
0.580173
0.549368
0.576344
0.575464
0.563646
0.483055
0.406893
0.411842
0.417246
0.404152
0.460425
0.423993
0.396368
0.42856
0.396866
0.432557
0.468912
0.42156
0.448859
0.422885
0.406757
0.394656
0.38453
0.38844
0.40044
0.415737
0.435501
0.400913
0.460554
0.426307
0.409981
0.400044
0.415132
0.414905
0.404957
0.401841
0.434816
0.449502
0.436173
0.423505
0.431622
0.47335
0.429054
0.435396
0.4013
0.442877
0.417748
0.425178
0.42001
0.452597
0.493827
0.422649
0.419133
0.414202
0.445748
0.408549
0.394035
0.406667
0.406569
0.420901
0.407848
0.407841
0.432807
0.411129
0.393502
0.386775
0.356882
0.370235
0.370272
0.359153
0.369111
0.375497
0.380484
0.375647
0.368884
0.364998
0.389868
0.375695
0.400369
0.41416
0.383437
0.389187
0.413532
0.38936
0.441278
0.489261
0.466759
0.477233
0.464299
0.445375
0.479819
0.475762
0.48246
0.417139
0.420644
0.419898
0.405607
0.443841
0.448626
0.457067
0.396724
0.41521
0.412464
0.417271
0.471418
0.425376
0.42799
0.406491
0.376708
0.375582
0.363249
0.356633
0.362466
0.38753
0.394539
0.403414
0.382752
0.397086
0.384072
0.394254
0.378107
0.36497
0.372956
0.383258
0.403464
0.410157
0.404057
0.399227
0.437013
0.399035
0.404263
0.42234
0.444547
0.400985
0.407782
0.39684
0.390733
0.382477
0.370922
0.378734
0.354653
0.359119
0.374439
0.38996
0.404004
0.409519
0.401669
0.392592
0.367716
0.368985
0.385026
0.36781
0.425735
0.430398
0.414548
0.392362
0.423786
0.412141
0.402902
0.41297
0.431086
0.415361
0.407711
0.404396
0.409918
0.404649
0.427581
0.414497
0.398042
0.402564
0.379625
0.401876
0.442688
0.421554
0.448171
0.432057
0.4485
0.393826
0.444222
0.439322
0.416269
0.451018
0.478471
0.469394
0.471824
0.401532
0.453335
0.485946
0.436736
0.494611
0.470056
0.444589
0.397017
0.390083
0.452841
0.410451
0.466045
0.482422
0.423208
0.422804
0.452013
0.462535
0.476506
0.486922
0.473392
0.413468
0.387465
0.433927
0.415329
0.429416
0.376941
0.459181
0.404743
0.446757
0.406167
0.427794
0.407837
0.489626
0.502487
0.517734
0.498026
0.49367
0.480142
0.500685
0.46176
0.482604
0.412791
0.447409
0.376153
0.374537
0.446663
0.373864
0.498637
0.540412
0.485419
0.474809
0.439137
0.48724
0.474624
0.424948
0.411757
0.422272
0.426919
0.436399
0.444169
0.457885
0.430364
0.410923
0.385334
0.410706
0.418829
0.456453
0.469534
0.455212
0.449962
0.417411
0.42552
0.410418
0.391891
0.420734
0.453267
0.462139
0.430275
0.456734
0.395443
0.456358
0.420949
0.396528
0.387454
0.3935
0.37382
0.377637
0.40016
0.423828
0.456763
0.460697
0.460288
0.475677
0.449072
0.483628
0.452361
0.476351
0.498885
0.429965
0.44058
0.49425
0.426729
0.396811
0.411429
0.437454
0.433823
0.451163
0.44617
0.426983
0.46161
0.428371
0.395556
0.389668
0.386881
0.379132
0.40229
0.380288
0.383032
0.376616
0.373866
0.39112
0.407684
0.417866
0.389564
0.384622
0.370539
0.374659
0.384622
0.410825
0.425315
0.443411
0.438313
0.462898
0.39828
0.431641
0.391615
0.461158
0.454589
0.411225
0.462846
0.479202
0.467446
0.459895
0.414406
0.531092
0.554662
0.626814
0.587278
0.628449
0.589644
0.544593
0.548671
0.601221
0.513534
0.537539
0.5488
0.511869
0.464875
0.489325
0.468034
0.494746
0.534744
0.537045
0.50275
0.470361
0.453644
0.442144
0.436701
0.411131
0.414711
0.404476
0.41828
0.408953
0.42515
0.409875
0.395352
0.418095
0.43324
0.474575
0.476398
0.452222
0.424422
0.415648
0.422706
0.44937
0.443497
0.467008
0.480295
0.508904
0.50004
0.4528
0.467111
0.467046
0.474634
0.442916
0.431062
0.419012
0.416707
0.415387
0.409326
0.451892
0.429601
0.474864
0.476631
0.445273
0.458363
0.470472
0.487204
0.498676
0.438899
0.419137
0.432675
0.460082
0.43036
0.41621
0.423135
0.492574
0.443497
0.433522
0.456989
0.434598
0.448584
0.447142
0.433279
0.431347
0.412249
0.43473
0.43007
0.463179
0.44207
0.413214
0.480212
0.435057
0.42499
0.429288
0.449539
0.475588
0.44783
0.437115
0.43885
0.434764
0.43032
0.453745
0.437214
0.412404
0.410488
0.42665
0.404838
0.404913
0.432332
0.449119
0.477362
0.477496
0.488769
0.477781
0.48069
0.493293
0.501594
0.496835
0.501924
0.461699
0.508617
0.515559
0.48407
0.502909
0.506261
0.533965
0.480397
0.440987
0.402433
0.417566
0.413204
0.401461
0.441214
0.412525
0.432131
0.442321
0.404431
0.425878
0.403326
0.419063
0.375571
0.437114
0.457519
0.375453
0.383204
0.403197
0.441858
0.427169
0.442938
0.421629
0.434452
0.441386
0.497591
0.510079
0.437705
0.457418
0.496599
0.437231
0.45445
0.424271
0.407513
0.393873
0.394945
0.385953
0.39909
0.403458
0.418694
0.384685
0.407436
0.390718
0.428145
0.459609
0.423735
0.419593
0.456824
0.430483
0.419392
0.44648
0.412733
0.458718
0.463778
0.465466
0.477666
0.484142
0.514229
0.506019
0.473069
0.450779
0.451017
0.402556
0.38031
0.374578
0.367478
0.364744
0.376493
0.367642
0.3624
0.357659
0.359971
0.359218
0.358884
0.37773
0.367169
0.367624
0.367669
0.367274
0.360808
0.352547
0.369779
0.36089
0.369065
0.364619
0.376792
0.392012
0.392653
0.404873
0.43027
0.435149
0.473787
0.482103
0.448374
0.482157
0.513219
0.508327
0.512829
0.485195
0.485928
0.472641
0.462354
0.448022
0.444745
0.409656
0.444856
0.471627
0.480385
0.491179
0.48104
0.401506
0.437393
0.432144
0.434241
0.448252
0.378929
0.374611
0.444578
0.452034
0.433285
0.408276
0.406961
0.391454
0.464859
0.442745
0.445319
0.477076
0.457503
0.445228
0.380121
0.361709
0.367284
0.360446
0.373014
0.402424
0.403416
0.416451
0.441686
0.42554
0.417871
0.433642
0.428342
0.430603
0.441608
0.418843
0.412511
0.405842
0.414232
0.421393
0.417398
0.475604
0.472861
0.503718
0.44963
0.412646
0.420527
0.425584
0.410745
0.417582
0.423987
0.438099
0.502031
0.487783
0.490438
0.475422
0.504293
0.552854
0.564819
0.539258
0.494714
0.472114
0.500266
0.479895
0.490433
0.490523
0.498912
0.546844
0.518724
0.533039
0.588805
0.601904
0.583201
0.543726
0.529908
0.537734
0.494633
0.533278
0.465905
0.502296
0.546266
0.49637
0.535865
0.499988
0.497763
0.481004
0.466701
0.515018
0.430332
0.409665
0.525709
0.521801
0.448047
0.48119
0.51451
0.525057
0.46874
0.437667
0.459378
0.446818
0.47364
0.486708
0.455989
0.448055
0.51244
0.53032
0.500224
0.497158
0.516436
0.449509
0.445938
0.468959
0.491842
0.427139
0.447627
0.472882
0.463263
0.393356
0.455915
0.42015
0.431821
0.433303
0.421895
0.405027
0.404329
0.395379
0.415312
0.44247
0.385993
0.402544
0.395873
0.400499
0.427759
0.405494
0.39567
0.40849
0.419056
0.448143
0.437392
0.423211
0.446771
0.453432
0.446766
0.51044
0.492991
0.513931
0.542392
0.503005
0.519786
0.435925
0.436557
0.530293
0.495067
0.454709
0.452405
0.425886
0.42263
0.468294
0.406094
0.471052
0.532644
0.418912
0.430634
0.383204
0.392683
0.455564
0.491259
0.458906
0.396794
0.475139
0.501169
0.487457
0.510882
0.428017
0.456421
0.39827
0.405325
0.40495
0.471324
0.439517
0.395028
0.441324
0.471591
0.441211
0.445727
0.456324
0.401643
0.433247
0.457045
0.445641
0.438752
0.438179
0.427141
0.453512
0.489667
0.447502
0.444177
0.410969
0.434087
0.442123
0.461771
0.471784
0.497746
0.454671
0.403753
0.427485
0.444477
0.455808
0.497282
0.532775
0.476
0.505298
0.439545
0.519249
0.447416
0.497588
0.499948
0.426179
0.400908
0.399587
0.468806
0.520721
0.500781
0.504603
0.474228
0.499489
0.480474
0.452303
0.475197
0.49305
0.508625
0.534896
0.452877
0.471589
0.521876
0.506098
0.474855
0.501361
0.448117
0.433573
0.402376
0.468296
0.439866
0.418966
0.424387
0.503097
0.482556
0.383368
0.485028
0.465405
0.463322
0.465617
0.483114
0.489247
0.531249
0.486782
0.533378
0.4713
0.423915
0.423132
0.419437
0.404234
0.376669
0.375478
0.370265
0.362056
0.353
0.355742
0.353988
0.365213
0.364622
0.374851
0.371763
0.389748
0.37805
0.426041
0.397154
0.396556
0.403948
0.39152
0.451966
0.434905
0.450595
0.468564
0.475818
0.466834
0.45345
0.460716
0.434197
0.397208
0.417828
0.446782
0.393126
0.437864
0.429193
0.421276
0.411267
0.365243
0.408592
0.466137
0.362313
0.399268
0.427416
0.422437
0.474726
0.386107
0.375075
0.489765
0.457235
0.491943
0.454781
0.420367
0.462395
0.43676
0.450512
0.46696
0.387912
0.370628
0.420719
0.43279
0.465941
0.457693
0.432295
0.446981
0.42954
0.447557
0.459851
0.423986
0.394717
0.369425
0.379024
0.397366
0.383603
0.379681
0.371198
0.367427
0.369406
0.371448
0.380542
0.372771
0.397385
0.434706
0.463013
0.475772
0.453931
0.46125
0.518028
0.504079
0.482613
0.504213
0.521611
0.484869
0.548875
0.497419
0.490762
0.542923
0.523044
0.494807
0.516252
0.487635
0.508185
0.488339
0.53843
0.491631
0.472816
0.521466
0.52933
0.477977
0.520975
0.557493
0.543768
0.520959
0.511617
0.506985
0.495948
0.581198
0.588056
0.557851
0.588497
0.556144
0.531025
0.522863
0.540434
0.413649
0.434543
0.421181
0.414517
0.36661
0.369747
0.350987
0.370454
0.383728
0.377875
0.395757
0.432926
0.408496
0.431393
0.411044
0.391705
0.369747
0.365804
0.383817
0.391304
0.388174
0.400914
0.402699
0.404639
0.391877
0.402694
0.403316
0.435016
0.434474
0.406459
0.394321
0.39122
0.440986
0.43803
0.43768
0.390195
0.410375
0.423803
0.426935
0.442691
0.430787
0.419759
0.403066
0.404884
0.399655
0.443184
0.460671
0.450154
0.423583
0.429519
0.424036
0.457331
0.46223
0.42192
0.408467
0.431363
0.373902
0.414359
0.373462
0.401883
0.421596
0.398718
0.444955
0.420006
0.3967
0.380863
0.446241
0.448036
0.441242
0.424629
0.413612
0.410675
0.412276
0.413839
0.387566
0.391964
0.388602
0.398046
0.386083
0.401291
0.416632
0.396114
0.379574
0.370042
0.376271
0.368631
0.376321
0.365902
0.355003
0.349151
0.34819
0.340821
0.347933
0.349036
0.343511
0.348442
0.36319
0.361827
0.371142
0.387973
0.399495
0.419697
0.398871
0.388627
0.384416
0.351173
0.354794
0.354336
0.365984
0.346369
0.365254
0.368654
0.384713
0.391267
0.402382
0.402922
0.418431
0.409015
0.429888
0.423996
0.394849
0.37538
0.526169
0.463516
0.404888
0.372618
0.374009
0.372139
0.368637
0.358683
0.367606
0.372125
0.368058
0.365776
0.35297
0.355939
0.35568
0.353917
0.36767
0.381384
0.374401
0.381555
0.383122
0.362926
0.354753
0.358626
0.372009
0.354325
0.357261
0.363669
0.375865
0.418121
0.411581
0.402487
0.428134
0.444437
0.421858
0.449049
0.465122
0.436187
0.416831
0.432447
0.440238
0.41249
0.477395
0.455006
0.471287
0.509085
0.423792
0.386152
0.450824
0.449458
0.433765
0.423252
0.450583
0.413835
0.420604
0.406781
0.400348
0.387667
0.374876
0.379103
0.379733
0.364147
0.364995
0.363092
0.366385
0.385144
0.391118
0.374702
0.377166
0.387844
0.386411
0.380052
0.3845
0.381732
0.397874
0.395811
0.363112
0.403187
0.427632
0.432147
0.431413
0.43212
0.428742
0.44544
0.436214
0.432044
0.418898
0.427427
0.430241
0.383241
0.362916
0.355788
0.355007
0.3662
0.380662
0.407288
0.419329
0.369068
0.404965
0.429404
0.394544
0.434275
0.416873
0.386188
0.387819
0.384458
0.370099
0.365722
0.347324
0.347967
0.341077
0.349011
0.350574
0.348153
0.342116
0.345351
0.336675
0.347889
0.35954
0.354353
0.344401
0.342658
0.364897
0.364022
0.34438
0.347134
0.360616
0.363152
0.389173
0.384284
0.403716
0.382225
0.371723
0.356701
0.347483
0.353746
0.345837
0.357879
0.371651
0.375961
0.36693
0.362096
0.361973
0.400615
0.41835
0.430848
0.443377
0.36576
0.435343
0.442112
0.408477
0.412526
0.400889
0.44289
0.449347
0.442166
0.468281
0.414662
0.412005
0.400009
0.42316
0.428743
0.48763
0.483438
0.423168
0.50525
0.521459
0.514772
0.45819
0.47546
0.601457
0.591596
0.60173
0.596762
0.577797
0.587652
0.575936
0.569265
0.530742
0.51187
0.553829
0.545936
0.579423
0.541367
0.551527
0.550164
0.539506
0.523482
0.55294
0.514018
0.516908
0.534067
0.49143
0.518863
0.488577
0.439919
0.476266
0.519657
0.519808
0.543427
0.518586
0.518902
0.474023
0.468571
0.432003
0.431488
0.464892
0.512782
0.524972
0.525638
0.522631
0.522273
0.521516
0.510595
0.435533
0.451529
0.433096
0.464783
0.53551
0.545253
0.487347
0.45953
0.5284
0.540084
0.510113
0.493622
0.432194
0.491595
0.516073
0.459829
0.449294
0.510115
0.505206
0.505712
0.50329
0.526139
0.532281
0.519808
0.532967
0.538111
0.551208
0.55455
0.529429
0.531958
0.526999
0.481351
0.414531
0.411275
0.406884
0.391078
0.413413
0.399786
0.423091
0.41252
0.406065
0.400811
0.428509
0.408421
0.416378
0.416256
0.413148
0.409693
0.418099
0.369895
0.394511
0.418165
0.423383
0.4385
0.413282
0.453103
0.452607
0.486797
0.497596
0.437199
0.477338
0.466808
0.449552
0.423683
0.445284
0.444608
0.430723
0.42691
0.439608
0.41775
0.464091
0.472556
0.510269
0.509523
0.501505
0.436878
0.451235
0.4532
0.426138
0.503413
0.493709
0.503585
0.536639
0.517914
0.47924
0.418507
0.412007
0.414205
0.451937
0.411338
0.438837
0.50763
0.528817
0.518947
0.515867
0.503638
0.513538
0.43342
0.475745
0.444612
0.511081
0.523481
0.475385
0.48192
0.492513
0.451492
0.527656
0.531956
0.503538
0.434894
0.429817
0.426996
0.488648
0.498321
0.397538
0.398237
0.429677
0.511216
0.529999
0.537002
0.516979
0.530511
0.481008
0.47052
0.49373
0.51336
0.495123
0.506301
0.516756
0.505982
0.467974
0.492362
0.536817
0.52458
0.542166
0.487155
0.544334
0.540148
0.487498
0.526134
0.537014
0.503985
0.496469
0.48713
0.457448
0.428118
0.430324
0.433091
0.455889
0.448956
0.447659
0.441419
0.466678
0.505153
0.516418
0.501131
0.457874
0.475801
0.54131
0.557402
0.508031
0.437466
0.494899
0.417272
0.43755
0.447197
0.444714
0.439194
0.450314
0.476846
0.477082
0.525273
0.419288
0.463631
0.488795
0.477983
0.449752
0.430835
0.440071
0.464346
0.454933
0.436666
0.483382
0.456958
0.474886
0.412665
0.52539
0.43879
0.459767
0.411767
0.456209
0.44755
0.423893
0.438028
0.436478
0.420805
0.383902
0.386302
0.39693
0.369053
0.364588
0.365385
0.377351
0.374322
0.377404
0.377117
0.396196
0.394101
0.393056
0.402779
0.378706
0.399281
0.397833
0.419341
0.398333
0.380627
0.376777
0.382196
0.399871
0.386999
0.382724
0.388243
0.38927
0.412183
0.381347
0.394867
0.399469
0.367796
0.364177
0.37327
0.387684
0.376241
0.390873
0.38868
0.389716
0.413769
0.411447
0.403742
0.397719
0.399153
0.446647
0.481738
0.449647
0.415708
0.422274
0.426558
0.423571
0.420457
0.44499
0.440805
0.41388
0.438099
0.393648
0.434374
0.419439
0.400674
0.437418
0.404809
0.383035
0.410067
0.433669
0.422632
0.463467
0.449036
0.44385
0.446817
0.422981
0.441168
0.467764
0.479643
0.480653
0.470797
0.434234
0.423918
0.390406
0.425645
0.483951
0.482622
0.477575
0.467247
0.514869
0.482153
0.479372
0.480172
0.471414
0.465112
0.451186
0.43599
0.442066
0.467592
0.46001
0.459214
0.453334
0.44857
0.491884
0.507797
0.476035
0.456029
0.469434
0.493729
0.431112
0.464684
0.486367
0.440067
0.47322
0.459435
0.43049
0.398102
0.400797
0.385362
0.397386
0.431477
0.463366
0.439436
0.45375
0.413069
0.420311
0.437346
0.41519
0.409131
0.430089
0.432895
0.451818
0.469599
0.458921
0.465072
0.476086
0.465957
0.457875
0.405329
0.457818
0.411774
0.491334
0.495752
0.467928
0.45013
0.445235
0.460381
0.464039
0.449481
0.486955
0.471342
0.473474
0.501427
0.454414
0.44522
0.47522
0.457552
0.484386
0.510436
0.476218
0.485982
0.471837
0.453304
0.482078
0.466985
0.445199
0.42927
0.399876
0.400845
0.405153
0.42017
0.43422
0.442801
0.418296
0.403459
0.386514
0.395481
0.377517
0.371821
0.376597
0.387185
0.409035
0.433893
0.469008
0.473778
0.487551
0.496567
0.497264
0.484847
0.4727
0.431464
0.486016
0.462281
0.452443
0.471643
0.457553
0.424034
0.437685
0.437926
0.4169
0.433922
0.462968
0.492762
0.523749
0.542357
0.538582
0.592166
0.575486
0.546484
0.564113
0.603139
0.563155
0.55982
0.523217
0.39268
0.399977
0.36841
0.380947
0.426729
0.407651
0.364443
0.365539
0.374586
0.380077
0.378381
0.374634
0.360358
0.358856
0.347892
0.355675
0.354497
0.37201
0.411279
0.402536
0.384028
0.363443
0.348057
0.356568
0.352452
0.351962
0.350709
0.341541
0.350874
0.346806
0.354056
0.359479
0.355862
0.341222
0.338927
0.349276
0.356855
0.346482
0.350642
0.349627
0.346053
0.340848
0.342034
0.363802
0.366043
0.34258
0.349134
0.352375
0.362878
0.361903
0.383839
0.40066
0.396132
0.392948
0.377667
0.383451
0.372771
0.357412
0.360032
0.363378
0.363889
0.364143
0.378053
0.390351
0.400034
0.398833
0.391864
0.378233
0.366472
0.370183
0.362259
0.374189
0.414857
0.434616
0.443988
0.4411
0.439111
0.453609
0.425783
0.419644
0.458448
0.445725
0.411046
0.436979
0.427417
0.440649
0.448435
0.434015
0.412508
0.402533
0.409718
0.421024
0.462423
0.459608
0.469617
0.445069
0.414266
0.400835
0.443181
0.425115
0.408483
0.421293
0.43008
0.45316
0.414143
0.429886
0.435338
0.436123
0.418972
0.391265
0.411141
0.417421
0.452912
0.47228
0.501177
0.489875
0.501978
0.492055
0.502409
0.492741
0.541798
0.486649
0.523838
0.51654
0.559392
0.512276
0.516441
0.519111
0.520916
0.534558
0.477696
0.544268
0.511741
0.444645
0.415899
0.409356
0.409118
0.422966
0.490189
0.450161
0.478817
0.483335
0.456253
0.500805
0.480816
0.47547
0.532568
0.548217
0.564071
0.500128
0.511118
0.482154
0.504542
0.473396
0.528028
0.483039
0.47441
0.445037
0.456356
0.467821
0.493989
0.510835
0.500272
0.511559
0.491217
0.477241
0.506269
0.458012
0.48522
0.485144
0.429824
0.45313
0.438547
0.44512
0.477433
0.458026
0.450382
0.455045
0.498112
0.464777
0.426628
0.379762
0.395202
0.452522
0.46896
0.496012
0.488808
0.452529
0.423013
0.524604
0.49858
0.471339
0.483678
0.464804
0.469545
0.462102
0.443095
0.439185
0.464122
0.453443
0.42066
0.446045
0.44069
0.436281
0.409762
0.406535
0.408863
0.43819
0.451288
0.515849
0.443984
0.408729
0.482573
0.50429
0.485909
0.498352
0.534467
0.550687
0.542157
0.526845
0.524491
0.465451
0.504286
0.499006
0.522679
0.535105
0.466657
0.446545
0.429569
0.441495
0.443214
0.453166
0.507121
0.50807
0.475212
0.506274
0.508777
0.520218
0.50338
0.505267
0.538411
0.472093
0.46977
0.501837
0.518829
0.503551
0.526775
0.486937
0.485682
0.488977
0.470505
0.546453
0.523458
0.549279
0.48092
0.517764
0.478899
0.450179
0.441297
0.454867
0.494024
0.563243
0.497541
0.503508
0.490258
0.517917
0.544562
0.551361
0.570237
0.511917
0.547566
0.474344
0.446245
0.47509
0.520366
0.481677
0.456937
0.467293
0.463095
0.454595
0.413522
0.416842
0.436477
0.448268
0.384463
0.375189
0.375388
0.375416
0.366878
0.380295
0.378788
0.382239
0.393617
0.392931
0.399081
0.406767
0.422063
0.392204
0.391957
0.392537
0.384571
0.388396
0.401764
0.386767
0.415513
0.453483
0.458004
0.465964
0.440929
0.393961
0.394532
0.382329
0.396588
0.391772
0.394008
0.38653
0.390073
0.391338
0.409651
0.420333
0.402285
0.413071
0.412419
0.400208
0.37708
0.373573
0.380895
0.380533
0.401586
0.39416
0.407769
0.393897
0.392962
0.425808
0.429333
0.405471
0.412229
0.425218
0.426696
0.412057
0.416926
0.413094
0.442606
0.423389
0.435477
0.426158
0.431868
0.403085
0.399493
0.383349
0.377502
0.369967
0.355851
0.389038
0.411429
0.399306
0.379587
0.367924
0.369767
0.39255
0.39656
0.438533
0.428755
0.423056
0.419751
0.393812
0.414053
0.388156
0.372188
0.361977
0.362553
0.376894
0.361477
0.357692
0.363577
0.354603
0.368741
0.368955
0.364174
0.361234
0.376058
0.352545
0.358834
0.366783
0.361988
0.36271
0.385214
0.387332
0.396173
0.405261
0.395573
0.386027
0.366261
0.362068
0.361378
0.34302
0.360781
0.362788
0.360551
0.356867
0.352773
0.359613
0.358941
0.362844
0.36698
0.367327
0.369825
0.369869
0.368174
0.35511
0.352022
0.364772
0.387413
0.384156
0.391575
0.388381
0.382159
0.393948
0.395127
0.394123
0.409911
0.420492
0.454769
0.46984
0.491696
0.497976
0.459826
0.414161
0.421986
0.419961
0.43558
0.387793
0.390717
0.392137
0.384894
0.385933
0.368728
0.38031
0.395923
0.397016
0.398627
0.39524
0.427461
0.422651
0.389791
0.389081
0.385004
0.404799
0.380013
0.409972
0.423168
0.411843
0.446881
0.458453
0.454506
0.402526
0.443488
0.452547
0.477175
0.492804
0.51576
0.448511
0.410573
0.402494
0.409469
0.394953
0.397808
0.399097
0.400263
0.399964
0.385271
0.410911
0.416983
0.421184
0.436363
0.456359
0.464429
0.448458
0.408989
0.430541
0.411357
0.444177
0.407537
0.410952
0.389025
0.399854
0.395929
0.384208
0.389423
0.385028
0.41591
0.389221
0.376941
0.379833
0.391571
0.451011
0.37431
0.371136
0.385005
0.386457
0.387874
0.404775
0.404004
0.393171
0.384663
0.388633
0.373908
0.421826
0.428217
0.395911
0.378751
0.384446
0.37849
0.382373
0.368388
0.378733
0.390124
0.383238
0.40579
0.426793
0.484064
0.471852
0.454681
0.414806
0.3806
0.433075
0.435692
0.387768
0.40188
0.47512
0.439015
0.459074
0.435362
0.458544
0.40494
0.397837
0.423794
0.382592
0.380592
0.392527
0.402334
0.405124
0.425296
0.390316
0.377604
0.395238
0.388896
0.394615
0.388289
0.378291
0.385143
0.387591
0.395006
0.406054
0.379441
0.397466
0.394346
0.371246
0.369926
0.36766
0.365608
0.368342
0.365129
0.372067
0.371379
0.37676
0.369338
0.373454
0.366721
0.354139
0.367845
0.360756
0.357153
0.358744
0.366002
0.362294
0.36176
0.365006
0.354354
0.360169
0.354713
0.36338
0.373297
0.369561
0.360895
0.373569
0.370716
0.372623
0.360882
0.354722
0.358392
0.356301
0.360653
0.363779
0.357522
0.362893
0.357928
0.359691
0.349719
0.353549
0.357434
0.358593
0.359763
0.353021
0.363637
0.362464
0.35904
0.364751
0.362621
0.358646
0.358142
0.363485
0.360069
0.370267
0.355355
0.371898
0.358157
0.354255
0.364632
0.357229
0.355809
0.357581
0.364538
0.360916
0.369118
0.384464
0.370562
0.35538
0.384044
0.379029
0.383575
0.363883
0.373657
0.36683
0.35916
0.359791
0.357609
0.35533
0.364637
0.377847
0.40163
0.403266
0.411737
0.42604
0.420727
0.394229
0.390308
0.399691
0.41446
0.396803
0.401178
0.407732
0.396912
0.42152
0.420879
0.413826
0.394804
0.380497
0.377886
0.377568
0.360424
0.37009
0.379899
0.382969
0.368602
0.386407
0.380931
0.404975
0.454947
0.420905
0.413514
0.38519
0.359476
0.364446
0.374965
0.396408
0.393297
0.417023
0.399442
0.399757
0.393322
0.39938
0.388893
0.383294
0.380858
0.40274
0.385529
0.386067
0.40549
0.381442
0.372158
0.365052
0.370477
0.378114
0.356817
0.356725
0.35707
0.376711
0.391485
0.412576
0.439043
0.368833
0.35797
0.368514
0.366386
0.37742
0.377505
0.377382
0.379962
0.398935
0.405464
0.425066
0.433586
0.4276
0.456612
0.449595
0.428349
0.409442
0.402922
0.41596
0.385062
0.368446
0.360267
0.36356
0.367851
0.366429
0.36943
0.376101
0.39331
0.388561
0.42417
0.395674
0.395905
0.382293
0.362583
0.363648
0.3739
0.360034
0.364715
0.364115
0.357274
0.358343
0.361107
0.353139
0.358975
0.356353
0.350315
0.35193
0.361752
0.379901
0.384087
0.393987
0.382061
0.454182
0.469903
0.454036
0.406169
0.395702
0.393309
0.395611
0.38125
0.403289
0.38207
0.394413
0.373651
0.41173
0.407603
0.417741
0.426583
0.392419
0.403795
0.393217
0.41647
0.413043
0.430183
0.411767
0.412476
0.418307
0.422973
0.404745
0.402976
0.420099
0.403942
0.398283
0.406038
0.392458
0.384804
0.379118
0.370383
0.391924
0.397333
0.384239
0.379135
0.404705
0.393434
0.405542
0.390294
0.394493
0.393666
0.381351
0.374636
0.383381
0.391167
0.371602
0.366398
0.371267
0.368175
0.384143
0.374081
0.358823
0.362621
0.364241
0.3679
0.367475
0.374044
0.384525
0.379282
0.392197
0.376031
0.366367
0.362773
0.373167
0.368675
0.37491
0.387731
0.386886
0.391162
0.383994
0.39379
0.401121
0.425255
0.447001
0.41439
0.442785
0.440184
0.417851
0.450537
0.402718
0.403188
0.43617
0.414144
0.379902
0.390165
0.466876
0.476736
0.46462
0.561685
0.555715
0.508243
0.54481
0.499127
0.40831
0.392605
0.394972
0.371987
0.413871
0.395218
0.359478
0.35961
0.356763
0.356148
0.362645
0.359846
0.36158
0.356609
0.361103
0.361136
0.429113
0.360981
0.408513
0.43368
0.415779
0.405333
0.398989
0.38178
0.411076
0.441655
0.399094
0.422955
0.423164
0.416215
0.407725
0.43633
0.405227
0.390945
0.408445
0.422496
0.427046
0.377813
0.387382
0.375636
0.39098
0.399
0.388441
0.38767
0.395465
0.374534
0.378535
0.409162
0.392032
0.376919
0.381421
0.377116
0.367811
0.380146
0.383066
0.385082
0.406053
0.384682
0.388377
0.396558
0.387925
0.386076
0.400448
0.384367
0.378716
0.379315
0.417809
0.376455
0.398818
0.400462
0.37771
0.407738
0.407111
0.400634
0.40783
0.383773
0.408153
0.379195
0.386527
0.379866
0.372508
0.41666
0.408848
0.397709
0.391788
0.409013
0.416202
0.371062
0.382919
0.389774
0.395835
