0.452023
0.604202
0.543914
0.581653
0.576986
0.584342
0.539452
0.475203
0.472017
0.45616
0.512214
0.55099
0.467248
0.485824
0.458544
0.453102
0.451272
0.50948
0.48432
0.440972
0.526819
0.488826
0.519864
0.463965
0.453816
0.468979
0.435557
0.426239
0.485828
0.482912
0.492412
0.494563
0.496206
0.505329
0.499828
0.486702
0.507121
0.467494
0.464161
0.485735
0.423628
0.493941
0.491599
0.49421
0.479796
0.469479
0.472323
0.461558
0.481326
0.462459
0.485159
0.490667
0.491292
0.49689
0.445726
0.459716
0.451653
0.482882
0.480225
0.47404
0.477909
0.471335
0.476802
0.469683
0.483035
0.455417
0.45412
0.43539
0.447938
0.423205
0.447974
0.482581
0.482285
0.475126
0.481921
0.441019
0.448716
0.45362
0.448797
0.436054
0.447464
0.49573
0.433086
0.406669
0.456685
0.490455
0.464351
0.470878
0.440215
0.4392
0.431044
0.477026
0.426716
0.460651
0.460259
0.411883
0.393802
0.373474
0.389852
0.404367
0.395089
0.410495
0.418432
0.42822
0.450018
0.493464
0.458298
0.493601
0.441877
0.415477
0.392703
0.404136
0.415634
0.40171
0.413057
0.41292
0.419651
0.402661
0.378047
0.384091
0.399934
0.406734
0.4253
0.387016
0.40182
0.401531
0.407533
0.401078
0.420656
0.379941
0.374994
0.379666
0.389194
0.422103
0.403428
0.372761
0.372042
0.355707
0.367694
0.382237
0.372496
0.357057
0.342384
0.351705
0.349847
0.354402
0.351588
0.373092
0.374414
0.377624
0.390511
0.38253
0.380053
0.397441
0.382424
0.365229
0.353732
0.359107
0.35152
0.349236
0.365633
0.36826
0.370218
0.360288
0.367303
0.380202
0.376586
0.402193
0.395345
0.377729
0.377631
0.384893
0.404392
0.381001
0.373168
0.384257
0.389477
0.400517
0.384052
0.391615
0.396787
0.418228
0.393586
0.395982
0.383331
0.437783
0.401338
0.423187
0.388957
0.36982
0.374693
0.371861
0.356643
0.345776
0.359164
0.372011
0.370218
0.384033
0.387927
0.372945
0.388263
0.355428
0.344242
0.345284
0.350857
0.348651
0.356214
0.345803
0.339766
0.346922
0.355419
0.363406
0.379081
0.387925
0.397366
0.417568
0.461207
0.475418
0.464903
0.38727
0.412462
0.451027
0.418169
0.448905
0.387193
0.424104
0.406765
0.388564
0.425218
0.406529
0.436571
0.430706
0.409599
0.381163
0.373917
0.398417
0.424053
0.410044
0.401784
0.415328
0.414288
0.406917
0.438728
0.417644
0.408527
0.424644
0.420562
0.402104
0.42132
0.432498
0.449836
0.446897
0.451805
0.444621
0.410622
0.404148
0.467978
0.459096
0.462651
0.513388
0.451875
0.480232
0.506736
0.481635
0.413318
0.429072
0.373127
0.392356
0.378993
0.471034
0.423027
0.463056
0.453441
0.408497
0.415562
0.38786
0.376969
0.370671
0.398451
0.412824
0.423088
0.426025
0.383713
0.417887
0.427879
0.405346
0.406935
0.389383
0.383139
0.373432
0.379654
0.380167
0.409909
0.377127
0.386894
0.383443
0.397204
0.396676
0.375529
0.415186
0.43753
0.384408
0.393441
0.416099
0.399356
0.39649
0.404861
0.417447
0.408171
0.415823
0.382181
0.454868
0.429912
0.419702
0.421554
0.415537
0.403038
0.401262
0.398354
0.387868
0.378483
0.364644
0.367394
0.358333
0.361511
0.345231
0.341854
0.339045
0.339307
0.335715
0.337522
0.34075
0.345311
0.343355
0.373736
0.370617
0.363212
0.351275
0.340904
0.337975
0.342619
0.347285
0.351224
0.358482
0.364406
0.366156
0.355623
0.357832
0.376597
0.41368
0.415831
0.510791
0.471988
0.472989
0.44431
0.472685
0.453756
0.483424
0.463872
0.47913
0.464329
0.446577
0.450125
0.386153
0.430596
0.435118
0.400106
0.419196
0.414571
0.415533
0.413075
0.424581
0.415599
0.436158
0.427581
0.406508
0.411706
0.414306
0.381373
0.36667
0.367488
0.360933
0.382683
0.377853
0.370996
0.39027
0.37316
0.377967
0.395506
0.393117
0.407938
0.382752
0.403481
0.412086
0.405835
0.451247
0.430869
0.428134
0.393725
0.405561
0.472256
0.462576
0.418961
0.41894
0.510724
0.501985
0.447891
0.43202
0.44441
0.445092
0.440916
0.410636
0.417156
0.419474
0.412456
0.402413
0.413987
0.434479
0.438623
0.421461
0.432569
0.426378
0.41255
0.374335
0.390074
0.361686
0.365229
0.382799
0.401875
0.402083
0.390858
0.390735
0.418802
0.399622
0.401738
0.381717
0.434635
0.415168
0.440114
0.438575
0.399805
0.426991
0.435229
0.397346
0.371978
0.409075
0.432019
0.448997
0.445326
0.488529
0.415862
0.46919
0.478622
0.449284
0.384163
0.380442
0.397051
0.410629
0.391942
0.427207
0.399491
0.416299
0.459143
0.419487
0.447886
0.472896
0.491066
0.475577
0.432616
0.438675
0.39773
0.386111
0.353976
0.352024
0.381545
0.406512
0.400897
0.461766
0.41711
0.380897
0.381925
0.404351
0.385388
0.392124
0.419324
0.440861
0.454907
0.405773
0.385546
0.365083
0.375093
0.420006
0.465418
0.421954
0.406498
0.488086
0.418931
0.444517
0.486791
0.48574
0.438774
0.404156
0.453638
0.446647
0.423882
0.440071
0.414421
0.45535
0.390744
0.409762
0.391551
0.405135
0.40457
0.376009
0.369318
0.350389
0.363164
0.383595
0.401382
0.396048
0.408993
0.415374
0.427391
0.385828
0.39927
0.383429
0.349048
0.358145
0.404726
0.425614
0.456784
0.45982
0.394755
0.399457
0.426218
0.41895
0.430539
0.44247
0.440494
0.455403
0.428394
0.401722
0.409174
0.375204
0.366295
0.357923
0.356093
0.356312
0.352171
0.353924
0.365006
0.378105
0.397908
0.403676
0.407029
0.396857
0.39243
0.381311
0.359719
0.355317
0.353495
0.368044
0.377536
0.374382
0.39579
0.43144
0.414901
0.409597
0.416838
0.430699
0.374987
0.374129
0.384907
0.425176
0.438884
0.434542
0.405142
0.394163
0.37462
0.383987
0.402473
0.389593
0.414465
0.41746
0.439181
0.435414
0.454565
0.450247
0.451497
0.366031
0.46441
0.416216
0.448362
0.459977
0.420794
0.395178
0.366607
0.365446
0.350812
0.349348
0.349753
0.350507
0.387349
0.373717
0.396592
0.381681
0.358399
0.357184
0.355117
0.347613
0.359007
0.353064
0.383134
0.39274
0.453308
0.482992
0.449145
0.411116
0.411296
0.435112
0.422132
0.41488
0.407867
0.415251
0.420594
0.446958
0.447793
0.4666
0.470687
0.421033
0.40932
0.435352
0.415263
0.416987
0.417016
0.435315
0.4505
0.433823
0.419766
0.397072
0.382386
0.357836
0.357988
0.39968
0.425355
0.433836
0.439762
0.416188
0.394296
0.379399
0.386872
0.409502
0.451899
0.463895
0.438451
0.419963
0.429504
0.449852
0.419097
0.425249
0.443752
0.427623
0.399906
0.379816
0.369097
0.35399
0.365689
0.362227
0.36835
0.395176
0.41492
0.421807
0.452881
0.437168
0.414473
0.507791
0.495158
0.421643
0.4297
0.37816
0.351221
0.364067
0.380831
0.391133
0.365336
0.370802
0.374268
0.427152
0.460178
0.465365
0.461252
0.464666
0.408951
0.435484
0.4516
0.462525
0.437241
0.4286
0.393295
0.413511
0.389119
0.404557
0.428844
0.422295
0.394422
0.39615
0.425357
0.392796
0.375935
0.374733
0.374232
0.382651
0.358313
0.358729
0.351598
0.344655
0.352002
0.349955
0.353925
0.365263
0.359992
0.38
0.373357
0.372486
0.359924
0.354335
0.350388
0.360473
0.37797
0.379086
0.364583
0.411978
0.398923
0.372731
0.381492
0.38483
0.394117
0.398598
0.403606
0.384238
0.37586
0.359547
0.35304
0.350831
0.341434
0.351262
0.381104
0.362858
0.376013
0.396451
0.380396
0.423282
0.388041
0.387994
0.394366
0.384734
0.37079
0.364769
0.359675
0.35269
0.359456
0.362459
0.36476
0.364397
0.360207
0.368171
0.3524
0.360283
0.366062
0.392892
0.396209
0.393096
0.390003
0.391529
0.402736
0.409321
0.403663
0.407427
0.421338
0.401595
0.409909
0.401435
0.40925
0.389902
0.388982
0.418829
0.38534
0.396444
0.392287
0.390621
0.386578
0.376943
0.372847
0.368448
0.363618
0.358703
0.369401
0.368947
0.368204
0.377084
0.367964
0.354581
0.338176
0.340808
0.345129
0.352905
0.368351
0.369183
0.34877
0.361376
0.351032
0.352735
0.376502
0.375671
0.397687
0.388316
0.395179
0.366194
0.347261
0.340124
0.338644
0.343647
0.337915
0.353693
0.384672
0.380654
0.388134
0.394454
0.404928
0.380062
0.356797
0.371283
0.396913
0.395842
0.409841
0.417437
0.389994
0.440681
0.406792
0.394365
0.407935
0.403463
0.378386
0.37223
0.418875
0.421492
0.392243
0.404505
0.419495
0.410537
0.37273
0.363356
0.365862
0.374044
0.365755
0.356967
0.35197
0.340019
0.366559
0.358954
0.36165
0.354501
0.379033
0.389794
0.395333
0.427238
0.455241
0.412909
0.458366
0.489367
0.449902
0.495536
0.476079
0.40032
0.382707
0.38575
0.388161
0.399201
0.407409
0.390849
0.411123
0.416646
0.395603
0.373349
0.37159
0.37305
0.396941
0.408375
0.407301
0.376463
0.376813
0.396885
0.409679
0.412036
0.451333
0.450462
0.477919
0.465716
0.457944
0.468796
0.424675
0.435595
0.454322
0.450633
0.469722
0.453645
0.458689
0.451147
0.466058
0.494433
0.477661
0.504113
0.4792
0.528082
0.546236
0.487819
0.508533
0.373965
0.364111
0.363399
0.368523
0.371702
0.386394
0.393224
0.395399
0.399347
0.430369
0.414304
0.385395
0.371893
0.372489
0.375519
0.390225
0.412625
0.442534
0.438976
0.478144
0.492943
0.470598
0.446751
0.425502
0.420915
0.507907
0.518547
0.459338
0.496178
0.453595
0.43045
0.401455
0.422486
0.402389
0.366065
0.391953
0.368383
0.370964
0.366283
0.393903
0.376732
0.362617
0.369591
0.362103
0.364245
0.386227
0.391872
0.4138
0.378372
0.375475
0.395805
0.383035
0.382763
0.380824
0.403049
0.379783
0.371543
0.371426
0.364641
0.367802
0.381261
0.393804
0.39851
0.425806
0.430097
0.432125
0.386854
0.402442
0.374173
0.361051
0.361357
0.368429
0.405167
0.408313
0.437478
0.451443
0.448146
0.430784
0.406065
0.403186
0.419939
0.416064
0.385732
0.436483
0.456261
0.432976
0.41431
0.41345
0.433327
0.452814
0.436846
0.430568
0.472918
0.462365
0.449558
0.457299
0.494982
0.491291
0.502857
0.52656
0.454119
0.416031
0.4613
0.531446
0.459742
0.457344
0.440437
0.42356
0.427396
0.410822
0.414952
0.397807
0.419128
0.413652
0.42318
0.455177
0.410291
0.397023
0.405494
0.383797
0.384834
0.402519
0.403558
0.406247
0.394411
0.387671
0.404405
0.411901
0.396714
0.3969
0.412093
0.418724
0.392296
0.389813
0.380818
0.385858
0.400369
0.40707
0.38056
0.369533
0.401402
0.417585
0.443892
0.444986
0.417032
0.409657
0.37723
0.368739
0.372879
0.447029
0.356543
0.356432
0.360432
0.359897
0.362453
0.362923
0.353259
0.347442
0.349172
0.344566
0.357916
0.360573
0.360652
0.353386
0.33483
0.341034
0.342077
0.34939
0.342494
0.342571
0.347059
0.353815
0.362784
0.359349
0.368884
0.351112
0.348187
0.356866
0.37293
0.361788
0.345976
0.344689
0.34433
0.355581
0.353229
0.354298
0.374373
0.380126
0.375303
0.380619
0.388711
0.389023
0.375853
0.40389
0.380465
0.366307
0.349103
0.343858
0.347034
0.352246
0.358284
0.358717
0.368622
0.363737
0.381404
0.379097
0.396633
0.374127
0.399195
0.375174
0.352184
0.36558
0.371453
0.389855
0.388173
0.384922
0.407955
0.397926
0.397132
0.360342
0.365293
0.385581
0.373887
0.367575
0.370194
0.369666
0.360227
0.389955
0.407948
0.400477
0.413263
0.384841
0.370731
0.396017
0.40056
0.428031
0.461683
0.430448
0.42485
0.446317
0.413667
0.450492
0.482803
0.478203
0.47995
0.464528
0.487438
0.479851
0.490926
0.441891
0.405497
0.382747
0.393965
0.387127
0.387916
0.388901
0.417818
0.447151
0.427635
0.448401
0.413517
0.402928
0.399378
0.413473
0.389962
0.411716
0.423647
0.429565
0.427547
0.420677
0.419015
0.418749
0.419126
0.412086
0.384076
0.401474
0.394845
0.38024
0.354049
0.349691
0.349317
0.357304
0.366636
0.35012
0.36801
0.354925
0.362345
0.386846
0.40509
0.388086
0.394028
0.406717
0.374616
0.364936
0.365759
0.391768
0.36993
0.377516
0.364395
0.378479
0.397828
0.403243
0.399248
0.386237
0.38749
0.372426
0.381359
0.388287
0.394025
0.408499
0.384438
0.386044
0.3697
0.353079
0.351724
0.342385
0.342589
0.355534
0.345438
0.338958
0.350438
0.345498
0.349501
0.363395
0.365262
0.370927
0.35989
0.36363
0.397654
0.405726
0.410815
0.392172
0.396088
0.398073
0.394111
0.366499
0.352251
0.359539
0.355049
0.348901
0.35726
0.353013
0.383461
0.409419
0.39238
0.363909
0.381474
0.393638
0.401787
0.372206
0.378972
0.371172
0.396341
0.379913
0.387229
0.429973
0.440705
0.486657
0.444511
0.412221
0.428348
0.436993
0.437418
0.414601
0.417497
0.401886
0.389102
0.382509
0.375423
0.379275
0.365581
0.369348
0.36784
0.372456
0.397132
0.392001
0.436224
0.4622
0.471965
0.433129
0.494821
0.457736
0.426667
0.45115
0.426861
0.410648
0.5553
0.545532
0.541671
0.489906
0.48198
0.513052
0.514475
0.455157
0.457202
0.431075
0.481163
0.514589
0.484073
0.531213
0.510119
0.532779
0.467034
0.464944
0.421832
0.394529
0.397699
0.368775
0.371596
0.390178
0.394525
0.397646
0.383641
0.392553
0.400021
0.419096
0.40193
0.402913
0.431063
0.374625
0.378289
0.3639
0.361443
0.367975
0.370062
0.379488
0.373532
0.380416
0.38866
0.372962
0.373635
0.399054
0.41696
0.424995
0.435093
0.437849
0.391744
0.39568
0.362411
0.353939
0.355746
0.346786
0.343454
0.348895
0.356973
0.355005
0.347864
0.354444
0.344194
0.348058
0.347973
0.345207
0.343122
0.346309
0.350001
0.361144
0.365998
0.37959
0.416463
0.425001
0.418809
0.395135
0.418059
0.433594
0.432322
0.411987
0.405244
0.4079
0.379408
0.362487
0.355137
0.356471
0.36284
0.354509
0.3533
0.350657
0.3637
0.368319
0.379571
0.398255
0.386519
0.413947
0.408215
0.403727
0.40112
0.416093
0.411829
0.397155
0.392517
0.398962
0.416571
0.424829
0.381716
0.360879
0.35161
0.344981
0.34826
0.346071
0.351314
0.356474
0.355837
0.354935
0.348671
0.347886
0.340131
0.345924
0.346497
0.345216
0.344089
0.347628
0.353067
0.377649
0.36866
0.370481
0.373971
0.353349
0.354847
0.349284
0.377263
0.401197
0.374297
0.36482
0.365228
0.377875
0.37561
0.37197
0.37259
0.389951
0.398706
0.404949
0.407833
0.415898
0.408537
0.388056
0.400852
0.365891
0.359054
0.366735
0.360248
0.367899
0.389686
0.393262
0.426906
0.405858
0.399414
0.377825
0.385306
0.37232
0.370608
0.366928
0.375029
0.406082
0.391034
0.406209
0.392252
0.384748
0.369334
0.35414
0.353947
0.350496
0.352895
0.356342
0.342063
0.345312
0.363314
0.37513
0.374214
0.375188
0.361913
0.353208
0.354613
0.360017
0.352862
0.366758
0.406328
0.38779
0.383141
0.380022
0.362048
0.365232
0.364043
0.376088
0.385863
0.369863
0.362404
0.346554
0.364956
0.37249
0.367357
0.3652
0.362427
0.365726
0.387759
0.404427
0.391056
0.379092
0.396738
0.401032
0.37232
0.357609
0.357979
0.393392
0.392134
0.368006
0.365278
0.361843
0.354491
0.341707
0.3428
0.344033
0.341589
0.343964
0.360954
0.378072
0.392886
0.380569
0.367758
0.360844
0.375457
0.378844
0.384874
0.366933
0.385141
0.390206
0.366657
0.361904
0.354598
0.354087
0.352653
0.349768
0.360637
0.375669
0.386733
0.405456
0.386447
0.366195
0.356147
0.347011
0.343867
0.346716
0.367054
0.3434
0.344499
0.347464
0.346549
0.342494
0.34735
0.342771
0.335956
0.351075
0.34894
0.3575
0.359313
0.38266
0.415918
0.418167
0.412463
0.396638
0.38746
0.37154
0.365504
0.366192
0.375857
0.386644
0.374488
0.37367
0.381461
0.395974
0.402421
0.37676
0.373531
0.398005
0.400145
0.37369
0.373856
0.356662
0.388207
0.355566
0.403721
0.40636
0.422572
0.390603
0.423149
0.411695
0.389742
0.380484
0.37336
0.373903
0.362255
0.359265
0.356665
0.357145
0.367808
0.39062
0.385782
0.386416
0.362202
0.348888
0.345568
0.340962
0.33917
0.357773
0.375976
0.362992
0.352584
0.38549
0.406732
0.376494
0.350893
0.351885
0.351576
0.358376
0.367828
0.397182
0.400919
0.392635
0.389053
0.354208
0.344593
0.35859
0.354898
0.375656
0.392198
0.384534
0.365383
0.360237
0.361884
0.357795
0.368646
0.3658
0.379646
0.362125
0.350098
0.352349
0.354842
0.357676
0.356414
0.370717
0.375416
0.385986
0.39273
0.417738
0.424525
0.425592
0.437385
0.440627
0.409798
0.408765
0.42196
0.40984
0.388091
0.395436
0.415832
0.380398
0.3986
0.435005
0.509908
0.528545
0.565187
0.504808
0.455946
0.444444
0.445537
0.433899
0.400888
0.39691
0.423215
0.417361
0.444885
0.433161
0.40498
0.406636
0.38789
0.384559
0.401574
0.409289
0.442917
0.437334
0.399069
0.373218
0.357172
0.351764
0.37683
0.401793
0.435261
0.42419
0.388935
0.395788
0.407162
0.441492
0.429557
0.368668
0.361545
0.347651
0.349592
0.349159
0.352583
0.353572
0.361463
0.354661
0.351688
0.354271
0.355108
0.349888
0.35365
0.350134
0.345074
0.349153
0.356119
0.343427
0.344402
0.346132
0.345487
0.352034
0.344996
0.351105
0.352461
0.375163
0.42032
0.445368
0.424804
0.38395
0.400435
0.390217
0.412156
0.402872
0.380947
0.389851
0.405542
0.377591
0.399988
0.412724
0.415991
0.37729
0.378945
0.365768
0.389197
0.383465
0.375554
0.371615
0.381711
0.429124
0.38949
0.366617
0.363189
0.359431
0.355834
0.370636
0.368444
0.356085
0.351195
0.350676
0.376478
0.385165
0.387333
0.404182
0.407417
0.396382
0.406941
0.41855
0.403943
0.404516
0.377244
0.381161
0.386126
0.370675
0.371615
0.381513
0.379118
0.406699
0.407318
0.394938
0.38744
0.3584
0.372622
0.376542
0.375998
0.363889
0.38717
0.404406
0.392216
0.384019
0.392866
0.399604
0.412684
0.419085
0.37914
0.37926
0.395744
0.388713
0.411737
0.408224
0.395225
0.416682
0.401913
0.415063
0.392036
0.388159
0.394453
0.415212
0.424393
0.393959
0.390081
0.409989
0.414329
0.388869
0.430031
0.398795
0.40758
0.373103
0.390844
0.391431
0.367589
0.371261
0.357774
0.351047
0.341692
0.343894
0.348679
0.355227
0.370331
0.356612
0.369901
0.373494
0.36238
0.355714
0.36657
0.370233
0.383502
0.366693
0.348042
0.348862
0.368861
0.379852
0.362792
0.369345
0.374706
0.388255
0.381748
0.393537
0.383048
0.368508
0.365061
0.373921
0.37689
0.350457
0.360728
0.354412
0.347298
0.353568
0.359751
0.367417
0.366436
0.367661
0.350017
0.348625
0.340538
0.342623
0.345201
0.348784
0.369055
0.383626
0.361835
0.378994
0.380103
0.379479
0.374806
0.364046
0.371509
0.386866
0.389523
0.401361
0.413205
0.382515
0.377706
0.381105
0.392946
0.384491
0.383429
0.397476
0.361175
0.356723
0.361681
0.381721
0.39124
0.370999
0.359186
0.354213
0.346834
0.359468
0.385578
0.393556
0.385855
0.367802
0.388365
0.401323
0.37094
0.364465
0.390039
0.42442
0.38818
0.385881
0.371695
0.370491
0.360844
0.361574
0.361185
0.376719
0.389845
0.41525
0.445649
0.433619
0.461368
0.466946
0.457105
0.447049
0.464416
0.436561
0.406934
0.403392
0.431249
0.408459
0.45326
0.443327
0.458707
0.482923
0.433911
0.403011
0.431652
0.473325
0.450414
0.426347
0.396781
0.388277
0.377539
0.362404
0.378469
0.402002
0.407194
0.389628
0.395738
0.374473
0.377272
0.412222
0.459527
0.470051
0.507162
0.427734
0.446959
0.409847
0.385701
0.377168
0.400118
0.417458
0.451859
0.42685
0.395183
0.382769
0.386308
0.412109
0.4366
0.418395
0.399343
0.39907
0.411313
0.444082
0.423368
0.387807
0.359667
0.354024
0.366509
0.366179
0.387528
0.363096
0.356472
0.356503
0.362068
0.366479
0.376753
0.385229
0.382108
0.432183
0.450529
0.443606
0.40451
0.441944
0.463025
0.382032
0.463923
0.442819
0.486093
0.467554
0.459787
0.432188
0.440479
0.420412
0.451879
0.451246
0.507053
0.4691
0.49303
0.492767
0.46987
0.486193
0.497195
0.474374
0.470194
0.447503
0.43628
0.427045
0.449877
0.41444
0.417959
0.44386
0.465975
0.43669
0.425538
0.432574
0.409785
0.4349
0.413104
0.454035
0.437221
0.425034
0.386724
0.37473
0.369334
0.376935
0.421199
0.420929
0.418906
0.408843
0.394416
0.399218
0.432209
0.414827
0.431155
0.438481
0.447171
0.413399
0.43286
0.405429
0.418235
0.417639
0.41098
0.375337
0.382733
0.396661
0.420065
0.37557
0.412886
0.421984
0.378976
0.370526
0.369685
0.373337
0.406563
0.413282
0.394753
0.397149
0.430055
0.390376
0.415368
0.4077
0.405409
0.410351
0.400835
0.450294
0.443261
0.484094
0.463287
0.52233
0.422903
0.41604
0.501288
0.532455
0.473421
0.438237
0.476159
0.436218
0.450551
0.48752
0.46599
0.426166
0.408279
0.411982
0.437797
0.433513
0.46316
0.44678
0.481304
0.48006
0.432246
0.481521
0.48107
0.50522
0.463592
0.382773
0.392429
0.41225
0.38811
0.40249
0.391223
0.368882
0.355583
0.354669
0.368807
0.353321
0.364975
0.379813
0.371654
0.406063
0.422785
0.420258
0.402561
0.372457
0.358631
0.357442
0.351659
0.360316
0.379459
0.391343
0.373422
0.380986
0.369396
0.348759
0.351545
0.366342
0.38663
0.367452
0.353669
0.3399
0.342757
0.349785
0.345247
0.340421
0.339626
0.352366
0.349928
0.353316
0.365114
0.367622
0.384247
0.385878
0.371752
0.35622
0.36863
0.392893
0.42267
0.376841
0.362174
0.373372
0.382855
0.374513
0.366481
0.356232
0.368506
0.360936
0.374135
0.367439
0.382664
0.372108
0.362588
0.352928
0.366444
0.378825
0.381467
0.374379
0.376749
0.382698
0.379342
0.393911
0.397551
0.383633
0.385763
0.38883
0.403925
0.385837
0.385287
0.42486
0.42747
0.405489
0.377645
0.367956
0.354542
0.347891
0.354932
0.34438
0.348677
0.343201
0.348183
0.352157
0.360187
0.37608
0.370578
0.350807
0.356994
0.378097
0.400019
0.386885
0.377958
0.350307
0.363381
0.337945
0.3427
0.34385
0.343073
0.351249
0.371322
0.378512
0.402361
0.401087
0.39852
0.434752
0.406638
0.429295
0.411349
0.405231
0.41152
0.404812
0.410866
0.418323
0.404481
0.405776
0.377988
0.355711
0.382579
0.38594
0.366955
0.355096
0.360541
0.371514
0.378375
0.374739
0.384649
0.383356
0.393365
0.388517
0.370493
0.347992
0.353194
0.358642
0.38081
0.35956
0.377353
0.355467
0.362268
0.356336
0.368327
0.386381
0.39152
0.373513
0.360223
0.370884
0.360365
0.353932
0.364626
0.35892
0.378106
0.387969
0.384545
0.39494
0.385092
0.371394
0.384602
0.370206
0.383417
0.413523
0.40301
0.38143
0.375438
0.393302
0.402941
0.398499
0.403736
0.409891
0.407288
0.40856
0.381378
0.357998
0.348919
0.351481
0.358512
0.369307
0.389215
0.396834
0.398921
0.39837
0.377513
0.378062
0.368601
0.373173
0.372754
0.371623
0.389157
0.425511
0.408846
0.412171
0.449924
0.43494
0.43035
0.426153
0.396612
0.383158
0.375002
0.365176
0.370108
0.412973
0.420617
0.395785
0.381557
0.405694
0.408755
0.450248
0.440464
0.445126
0.440016
0.424139
0.443091
0.418592
0.409597
0.424248
0.400455
0.387394
0.396563
0.422531
0.412683
0.372591
0.386998
0.400341
0.43206
0.465324
0.451027
0.451797
0.494317
0.453031
0.435045
0.469984
0.454806
0.526559
0.557298
0.573235
0.54743
0.538189
0.472911
0.396429
0.469309
0.467959
0.494225
0.518132
0.4622
0.494253
0.422121
0.379732
0.387391
0.372228
0.346825
0.351923
0.349003
0.37018
0.36823
0.354867
0.35573
0.376567
0.358123
0.35651
0.359385
0.349873
0.353167
0.353961
0.365884
0.38422
0.36881
0.373314
0.369127
0.357597
0.365832
0.36085
0.369054
0.381668
0.389195
0.3923
0.409107
0.406824
0.41387
0.39967
0.40411
0.399683
0.409187
0.413893
0.428428
0.38827
0.446638
0.392909
0.406436
0.40738
0.418833
0.410092
0.416761
0.489592
0.395873
0.394033
0.414807
0.4114
0.374115
0.412953
0.390115
0.390406
0.407893
0.413944
0.424996
0.409475
0.406457
0.379726
0.39973
0.381756
0.407307
0.412763
0.381473
0.392225
0.396263
0.413579
0.392202
0.403332
0.414507
0.500557
0.471417
0.4765
0.428855
0.417779
0.38711
0.403665
0.474602
0.419951
0.383748
0.367761
0.380493
0.387056
0.445535
0.43516
0.405381
0.38143
0.364485
0.367799
0.35991
0.366574
0.392535
0.438253
0.440811
0.451245
0.442332
0.449365
0.37999
0.383457
0.415299
0.447619
0.406154
0.422486
0.402807
0.434954
0.445802
0.455041
0.440642
0.442467
0.427237
0.434453
0.440625
0.397228
0.410895
0.440224
0.443738
0.438517
0.434914
0.451751
0.492798
0.50875
0.510113
0.480068
0.482969
0.492046
0.498085
0.408656
0.399055
0.397906
0.380095
0.360273
0.356917
0.352397
0.367207
0.367618
0.35935
0.347718
0.360316
0.349157
0.34925
0.351145
0.343778
0.346401
0.34237
0.34681
0.353393
0.370285
0.387018
0.366339
0.372133
0.35023
0.354593
0.364055
0.383982
0.37518
0.392371
0.381929
0.388307
0.38395
0.360819
0.363696
0.370279
0.368894
0.381193
0.384323
0.386571
0.394694
0.391028
0.434374
0.480544
0.463894
0.467442
0.465897
0.516156
0.518279
0.502688
0.487415
0.492174
0.394291
0.384053
0.37963
0.395577
0.406521
0.445898
0.425768
0.399003
0.395259
0.380761
0.402601
0.387791
0.360485
0.349914
0.356593
0.370462
0.35499
0.38701
0.38623
0.386612
0.366163
0.357854
0.361179
0.35338
0.357134
0.352467
0.364677
0.390024
0.391392
0.374337
0.369522
0.34579
0.345273
0.343151
0.351302
0.362546
0.370503
0.366765
0.373164
0.365746
0.367023
0.373259
0.365474
0.362802
0.357165
0.348375
0.349081
0.369233
0.387885
0.41415
0.477181
0.470125
0.425981
0.448158
0.432632
0.407973
0.416499
0.44764
0.470996
0.411628
0.387949
0.390903
0.418137
0.392322
0.415271
0.417448
0.372531
0.364691
0.378345
0.410073
0.413419
0.441314
0.435886
0.436897
0.467271
0.406106
0.427964
0.395374
0.420145
0.430065
0.424372
0.388256
0.398442
0.373511
0.361455
0.35722
0.358231
0.360849
0.372119
0.396921
0.426961
0.454919
0.453447
0.458813
0.437233
0.521811
0.474252
0.435558
0.438504
0.43385
0.409247
0.431328
0.430461
0.464915
0.482331
0.471327
0.423865
0.459089
0.517407
0.500258
0.480023
0.459051
0.442779
0.482313
0.481779
0.480265
0.417336
0.394236
0.394239
0.378997
0.377498
0.377507
0.379534
0.400853
0.426715
0.461438
0.454708
0.444719
0.427014
0.428785
0.405903
0.432234
0.467988
0.441967
0.480137
0.433794
0.424481
0.391182
0.362535
0.349401
0.353295
0.375903
0.369002
0.354542
0.371455
0.396347
0.395409
0.394042
0.401001
0.417818
0.410707
0.444662
0.429586
0.437952
0.501765
0.473998
0.47953
0.453201
0.397031
0.371406
0.404254
0.413557
0.41992
0.429409
0.396326
0.465388
0.433833
0.434962
0.406791
0.431055
0.427241
0.425465
0.386494
0.377449
0.379371
0.381376
0.383791
0.432357
0.383268
0.36949
0.375101
0.38822
0.386839
0.382343
0.414189
0.466766
0.440856
0.453617
0.386018
0.356942
0.399205
0.412292
0.440069
0.469487
0.438837
0.436551
0.407631
0.431206
0.406057
0.407597
0.417088
0.436269
0.426196
0.376172
0.36533
0.36208
0.352929
0.37104
0.385739
0.395735
0.399034
0.393789
0.411772
0.421596
0.385757
0.400526
0.409457
0.41026
0.387473
0.405246
0.380969
0.392299
0.383575
0.371858
0.357107
0.395922
0.411019
0.403974
0.382447
0.369618
0.37688
0.393304
0.364921
0.368287
0.375017
0.385973
0.40206
0.412617
0.404978
0.39099
0.396092
0.372018
0.366287
0.382157
0.414547
0.399483
0.383501
0.378121
0.385634
0.380078
0.390223
0.414512
0.398748
0.393791
0.369341
0.36027
0.349807
0.347594
0.364359
0.34262
0.346339
0.35282
0.356045
0.369891
0.398654
0.417798
0.408312
0.382147
0.374254
0.348113
0.340801
0.350638
0.354841
0.349208
0.364778
0.397783
0.385121
0.377666
0.360337
0.354846
0.359956
0.355631
0.351832
0.376699
0.374407
0.380543
0.365177
0.37025
0.380473
0.370536
0.36942
0.399317
0.418535
0.401723
0.422231
0.392814
0.409679
0.396995
0.401429
0.427592
0.425634
0.390811
0.373418
0.372335
0.391917
0.43691
0.432485
0.411834
0.398243
0.450882
0.411934
0.364007
0.370504
0.387296
0.362148
0.363664
0.369339
0.373039
0.367988
0.377879
0.376681
0.367818
0.37098
0.369461
0.350061
0.343709
0.339692
0.349448
0.347863
0.341448
0.333791
0.349025
0.345284
0.343645
0.364018
0.358449
0.379964
0.395614
0.38193
0.397902
0.402131
0.38634
0.38319
0.403258
0.38689
0.390973
0.37454
0.381989
0.372833
0.440236
0.42559
0.42363
0.414244
0.437851
0.419658
0.415752
0.391081
0.400345
0.396467
0.450891
0.41192
0.382798
0.381486
0.413259
0.428382
0.40945
0.381939
0.387341
0.433583
0.411446
0.473158
0.433484
0.418535
0.431255
0.412756
0.414483
0.378232
0.368467
0.374138
0.387936
0.422313
0.451818
0.429321
0.496675
0.466161
0.431725
0.548307
0.529699
0.574871
0.514756
0.576634
0.564241
0.578251
0.484167
0.418955
0.430226
0.397758
0.395663
0.40141
0.399714
0.361702
0.395518
0.406063
0.406013
0.388861
0.390489
0.400498
0.417747
0.40429
0.384762
0.374889
0.370709
0.350176
0.350478
0.34398
0.36003
0.352923
0.342846
0.352269
0.365355
0.371325
0.382997
0.389897
0.382736
0.407402
0.377485
0.419008
0.397815
0.373345
0.386791
0.378842
0.412607
0.415948
0.387606
0.384531
0.370711
0.376862
0.390318
0.36828
0.355102
0.373139
0.375472
0.359887
0.348785
0.349087
0.365461
0.375332
0.386273
0.403888
0.379943
0.356619
0.351556
0.354768
0.34828
0.345471
0.350569
0.352731
0.368558
0.398572
0.427861
0.444378
0.436989
0.47723
0.440781
0.43915
0.447914
0.430484
0.456654
0.427503
0.45933
0.442137
0.399934
0.39648
0.397501
0.395411
0.404558
0.390781
0.38114
0.391831
0.396622
0.394635
0.414719
0.424561
0.367037
0.410352
0.403267
0.396495
0.391675
0.411753
0.38005
0.39568
0.383355
0.387434
0.40542
0.419674
0.413105
0.395673
0.405406
0.377379
0.377554
0.405416
0.401797
0.369761
0.349406
0.357199
0.369178
0.40066
0.390163
0.391618
0.418407
0.408005
0.396137
0.396416
0.404207
0.379643
0.390622
0.384529
0.366767
0.368059
0.409545
0.403021
0.38407
0.390113
0.408844
0.405141
0.413659
0.408787
0.398023
0.41383
0.407649
0.406166
0.4357
0.44826
0.433969
0.423606
0.481009
0.41558
0.414473
0.42717
0.435049
0.425629
0.436224
0.497482
0.4556
0.432521
0.430753
0.427298
0.437304
0.442313
0.425766
0.423916
0.4292
0.465739
0.457205
0.434773
0.392674
0.390797
0.391879
0.38567
0.378577
0.356497
0.346361
0.349591
0.353391
0.371273
0.395858
0.409369
0.391232
0.384074
0.393106
0.427292
0.437265
0.400606
0.415301
0.437732
0.417294
0.411955
0.372814
0.391887
0.411139
0.410249
0.414551
0.45522
0.45446
0.499967
0.42722
0.398857
0.376361
0.411776
0.416947
0.41516
0.383919
0.369483
0.375565
0.395989
0.413234
0.437851
0.42024
0.431556
0.48569
0.443594
0.397315
0.449967
0.425494
0.48924
0.431805
0.44409
0.418806
0.465815
0.471573
0.483789
0.519694
0.514674
0.510329
0.529827
0.494401
0.516711
0.505953
0.492692
0.463485
0.484593
0.480078
0.539186
0.551232
0.560097
0.533878
0.525026
0.555981
0.595555
0.589889
0.555162
0.491192
0.440915
0.472336
0.473673
0.432809
0.397688
0.417377
0.45815
0.423112
0.386493
0.39212
0.4275
0.450113
0.449778
0.412458
0.437612
0.424199
0.406854
0.36205
0.363831
0.366584
0.386234
0.406693
0.431346
0.454047
0.454171
0.443266
0.442563
0.44307
0.427097
0.431704
0.423183
0.379664
0.409022
0.396399
0.405049
0.401018
0.402768
0.384766
0.354963
0.376057
0.377366
0.387473
0.431957
0.383967
0.406245
0.40076
0.413502
0.389175
0.418029
0.409975
0.374694
0.387136
0.411966
0.39961
0.398325
0.385067
0.409118
0.424358
0.429361
0.44074
0.427826
0.422452
0.38808
0.413623
0.387536
0.399164
0.409876
0.417257
0.393465
0.429581
0.432201
0.392629
0.387418
0.376396
0.407157
0.401007
0.392109
0.421148
0.499799
0.438184
0.438485
0.423869
0.420368
0.411059
0.417004
0.425393
0.438285
0.47115
0.401567
0.439533
0.452355
0.450154
0.412142
0.419584
0.402299
0.36997
0.366111
0.364422
0.366325
0.375319
0.356215
0.35596
0.3432
0.345634
0.34246
0.345142
0.350859
0.351663
0.350653
0.37683
0.381312
0.380025
0.393544
0.392738
0.376702
0.38551
0.363949
0.394438
0.398739
0.406746
0.391675
0.393779
0.360093
0.350057
0.351276
0.357152
0.359237
0.36081
0.37996
0.40534
0.427078
0.439512
0.484878
0.465517
0.490687
0.493032
0.519363
0.476617
0.405744
0.399198
0.440822
0.42046
0.388766
0.438614
0.428597
0.417977
0.383042
0.42401
0.466054
0.471267
0.465266
0.527062
0.440899
0.412335
0.460855
0.402815
0.354326
0.374736
0.372753
0.374638
0.366437
0.397843
0.421105
0.39357
0.393111
0.423982
0.468817
0.447834
0.404067
0.387298
0.375457
0.377452
0.403154
0.381844
0.373327
0.400147
0.397608
0.393009
0.416875
0.411123
0.435202
0.408684
0.400154
0.382671
0.435685
0.392414
0.433012
0.449313
0.474443
0.46571
0.432052
0.375451
0.425751
0.427167
0.460068
0.495899
0.440864
0.461652
0.481699
0.434991
0.4926
0.428178
0.428872
0.406591
0.38221
0.371057
0.386035
0.395123
0.369144
0.371659
0.373731
0.379787
0.393452
0.411928
0.443869
0.404863
0.394488
0.416513
0.404128
0.443659
0.433739
0.420937
0.426873
0.376389
0.349109
0.417237
0.43009
0.415679
0.452293
0.392767
0.427596
0.467921
0.458836
0.412901
0.416151
0.425935
0.433259
0.464708
0.444223
0.430746
0.459862
0.488217
0.486856
0.446454
0.426237
0.431002
0.437997
0.443781
0.44013
0.452748
0.437758
0.435158
0.469916
0.463297
0.470513
0.476372
0.506845
0.549647
0.570314
0.518995
0.533459
0.572897
0.567824
0.559232
0.51759
0.541296
0.471953
0.430938
0.406437
0.367359
0.397456
0.38685
0.451993
0.374809
0.420959
0.429451
0.439211
0.437724
0.430207
0.381781
0.438812
0.424221
0.448496
0.43623
0.420056
0.421815
0.396268
0.416964
0.390989
0.410567
0.408228
0.375737
0.388211
0.428905
0.4854
0.413482
0.438161
0.411966
0.447306
0.424582
0.404062
0.379713
0.365086
0.365237
0.363038
0.364494
0.354595
0.356628
0.351236
0.348821
0.356269
0.360473
0.366598
0.391841
0.400662
0.358902
0.372619
0.360015
0.371714
0.388629
0.378923
0.359975
0.397484
0.431967
0.391341
0.40782
0.432627
0.447302
0.397813
0.421238
0.421453
0.428793
0.384007
0.36033
0.347116
0.353054
0.351738
0.362642
0.371267
0.370258
0.362278
0.369935
0.366688
0.374819
0.389937
0.402684
0.419686
0.477711
0.493051
0.474796
0.442886
0.476144
0.438313
0.482802
0.444362
0.379516
0.377083
0.353755
0.392755
0.373973
0.372256
0.365105
0.353747
0.371781
0.439944
0.458833
0.383987
0.387823
0.40534
0.412929
0.387557
0.442292
0.487758
0.54218
0.456376
0.497747
0.406501
0.472774
0.553523
0.533223
0.508746
0.528055
0.495955
0.493875
0.514246
0.487119
0.498239
0.475771
0.523618
0.511026
0.499373
0.518831
0.489833
0.446497
0.47522
0.445611
0.472749
0.429238
0.411762
0.436737
0.497058
0.426187
0.463107
0.468922
0.413691
0.429047
0.415196
0.442845
0.428481
0.386805
0.375457
0.362137
0.35544
0.360169
0.374097
0.401044
0.393493
0.369407
0.367187
0.362372
0.377908
0.40304
0.40822
0.397228
0.387415
0.37256
0.373092
0.349859
0.363695
0.37634
0.353269
0.348985
0.361273
0.384053
0.393867
0.399129
0.405258
0.412102
0.405018
0.407975
0.384204
0.393458
0.372255
0.361916
0.353853
0.350799
0.359088
0.344333
0.350154
0.359415
0.387879
0.375406
0.37877
0.395474
0.397468
0.360958
0.3824
0.364058
0.355096
0.360424
0.353192
0.37838
0.358276
0.375897
0.40657
0.39702
0.389147
0.389596
0.379261
0.400551
0.392968
0.414927
0.410918
0.419057
0.432195
0.43492
0.433646
0.442349
0.401363
0.402543
0.43913
0.449958
0.453329
0.465914
0.492357
0.44562
0.479807
0.483271
0.501008
0.451895
0.477822
0.415703
0.408068
0.389409
0.434552
0.444035
0.409849
0.375332
0.425318
0.46845
0.411051
0.487392
0.451881
0.398161
0.380774
0.39837
0.442616
0.395465
0.433833
0.451771
0.422711
0.433192
0.430254
0.4234
0.41317
0.423871
0.465428
0.471005
0.454609
0.464378
0.435439
0.400882
0.450574
0.473823
0.484432
0.494871
0.440406
0.424336
0.432884
0.43313
0.44759
0.492033
0.500668
0.404432
0.445199
0.430051
0.421427
0.415848
0.378344
0.377154
0.370655
0.392653
0.432082
0.414167
0.434508
0.422411
0.398297
0.401411
0.386731
0.373469
0.379484
0.37202
0.356297
0.352558
0.35708
0.355919
0.380018
0.396231
0.381375
0.36116
0.363235
0.365642
0.378193
0.373211
0.377719
0.366419
0.347903
0.375175
0.392943
0.389285
0.394399
0.389086
0.390524
0.39551
0.39418
0.356904
0.380432
0.383452
0.391267
0.390861
0.439806
0.423162
0.428009
0.409959
0.394953
0.364845
0.372746
0.410412
0.388697
0.363423
0.374553
0.366366
0.362717
0.363245
0.362662
0.382885
0.397372
0.396206
0.361912
0.378716
0.370441
0.365917
0.392922
0.380703
0.392011
0.382561
0.402673
0.469243
0.404724
0.475223
0.461978
0.482264
0.438545
0.420892
0.448747
0.464343
0.496099
0.488121
0.482899
0.461034
0.475587
0.400958
0.363731
0.469892
0.47376
0.456855
0.49141
0.442804
0.388475
0.373147
0.362963
0.354985
0.346509
0.348438
0.36312
0.366891
0.372671
0.408975
0.37246
0.392456
0.416733
0.404839
0.381071
0.397475
0.394312
0.38244
0.394872
0.395066
0.40156
0.412931
0.396953
0.387835
0.381707
0.374708
0.375757
0.381507
0.359169
0.356973
0.351235
0.345741
0.355735
0.347612
0.370762
0.405445
0.388846
0.382574
0.367012
0.353753
0.354495
0.34818
0.384409
0.374425
0.354664
0.356535
0.347527
0.359855
0.368081
0.369125
0.36119
0.346122
0.345217
0.342511
0.350143
0.34904
0.344267
0.344654
0.358141
0.359262
0.365964
0.380653
0.384778
0.366793
0.350931
0.355024
0.365005
0.390159
0.388609
0.41706
0.410222
0.417255
0.419947
0.409877
0.411331
0.421282
0.385949
0.388597
0.380391
0.399853
0.412341
0.376852
0.367048
0.40493
0.393455
0.396858
0.408908
0.376967
0.405011
0.38109
0.421821
0.423783
0.425934
0.40999
0.415432
0.425349
0.411329
0.428535
0.431741
0.455357
0.461128
0.461699
0.490785
0.436552
0.467056
0.478363
0.445086
0.440342
0.446723
0.501341
0.47906
0.437097
0.443857
0.424493
0.417782
0.430308
0.463667
0.466961
0.447546
0.421917
0.426015
0.438553
0.445078
0.486754
0.461142
0.480353
0.504311
0.446296
0.493685
0.469002
0.456576
0.536017
0.503386
0.443375
0.414632
0.402423
0.406088
0.419639
0.415528
0.447558
0.458447
0.42044
0.453828
0.466585
0.482908
0.51205
0.510863
0.58013
0.462555
0.409069
0.417304
0.419337
0.433613
0.417286
0.430553
0.417114
0.393364
0.396968
0.401659
0.41366
0.439587
0.421031
0.41982
0.412318
0.406214
0.437567
0.430837
0.42852
0.406906
0.414789
0.41507
0.420428
0.429623
0.434826
0.414538
0.392791
0.392106
0.3942
0.398294
0.386709
0.388307
0.380422
0.34579
0.402747
0.388335
0.395518
0.37262
0.353804
0.359546
0.377703
0.388929
0.384074
0.429113
0.408321
0.410601
0.378767
0.393061
0.395769
0.396753
0.388951
0.418751
0.427641
0.422991
0.408824
0.402472
0.383708
0.379412
0.402571
0.392523
0.389264
0.408166
0.407623
0.394917
0.408949
0.403137
0.427439
0.403645
0.424137
0.378583
0.356252
0.356019
0.356474
0.343205
0.340091
0.337914
0.350881
0.338553
0.344955
0.353912
0.362254
0.390407
0.361263
0.382805
0.367426
0.351092
0.345179
0.339512
0.336249
0.34773
0.346043
0.33893
0.343823
0.341602
0.352671
0.349908
0.346022
0.350044
0.348398
0.337165
0.334984
0.345266
0.340949
0.342675
0.34545
0.340548
0.362156
0.371146
0.39015
0.390121
0.376354
0.374388
0.376998
0.385075
0.368703
0.37531
0.378623
0.382966
0.365334
0.379149
0.377937
0.372595
0.387948
0.370095
0.35162
0.345424
0.346929
0.33796
0.341515
0.348257
0.347068
0.346121
0.350369
0.349033
0.342449
0.346724
0.340893
0.341467
0.348907
0.342407
0.341766
0.348014
0.352883
0.362041
0.371408
0.360209
0.355417
0.357066
0.370637
0.362412
0.383655
0.402365
0.430383
0.389984
0.3828
0.3838
0.396485
0.410373
0.446535
0.437629
0.431854
0.440623
0.401883
0.426226
0.382223
0.365068
0.377384
0.395076
0.37879
0.356856
0.358465
0.360053
0.359566
0.374685
0.399893
0.398185
0.376652
0.372745
0.376702
0.379881
0.404564
0.422974
0.463408
0.451143
0.465201
0.481161
0.45931
0.520257
0.496911
0.514926
0.40626
0.411951
0.364352
0.433679
0.435982
0.421254
0.379553
0.4249
0.469494
0.469586
0.461952
0.438865
0.39118
0.375418
0.36866
0.354101
0.349023
0.341617
0.351757
0.358705
0.355268
0.362984
0.376837
0.376349
0.405051
0.388357
0.397185
0.378526
0.377441
0.392296
0.414428
0.427748
0.419262
0.389894
0.385021
0.406214
0.375368
0.373798
0.376012
0.37667
0.394986
0.377948
0.356292
0.343092
0.346013
0.348299
0.347653
0.341077
0.342211
0.349813
0.35337
0.381622
0.381214
0.369108
0.346442
0.345903
0.350946
0.36066
0.352104
0.354997
0.388229
0.421374
0.409444
0.406952
0.399762
0.402159
0.40232
0.390897
0.394782
0.389083
0.405854
0.420907
0.414741
0.402969
0.401638
0.403889
0.388173
0.395479
0.39153
0.403345
0.396284
0.383619
0.380962
0.382376
0.429287
0.396383
0.375844
0.368579
0.404902
0.408345
0.422304
0.464613
0.416164
0.416263
0.391311
0.359478
0.428778
0.396365
0.418484
0.466514
0.448447
0.444974
0.4056
0.412756
0.409108
0.408475
0.433911
0.452532
0.442942
0.440753
0.483319
0.436307
0.459321
0.420493
0.457484
0.482587
0.455758
0.445566
0.418286
0.383549
0.38574
0.377685
0.373743
0.375752
0.411356
0.379141
0.355978
0.359004
0.346138
0.359249
0.358123
0.361441
0.379736
0.366165
0.355137
0.369045
0.385036
0.403062
0.399571
0.417739
0.441056
0.423475
0.459552
0.441063
0.439529
0.419543
0.481445
0.480961
0.410918
0.458797
0.464003
0.448911
0.470569
0.460911
0.428129
0.424706
0.417812
0.418419
0.408066
0.471961
0.499328
0.465855
0.514007
0.464353
0.469582
0.464469
0.481433
0.499668
0.479138
0.516367
0.545516
0.561281
0.565949
0.44541
0.414446
0.428477
0.41847
0.409401
0.439599
0.437718
0.427327
0.392047
0.391239
0.430875
0.413095
0.431738
0.406632
0.412861
0.407477
0.440311
0.42923
0.450463
0.426291
0.42725
0.424831
0.444613
0.450979
0.414944
0.42433
0.403099
0.413441
0.405556
0.422824
0.388171
0.363717
0.365433
0.371858
0.378269
0.36631
0.384115
0.404543
0.388154
0.401164
0.454908
0.472159
0.458758
0.465019
0.462967
0.42848
0.420901
0.447645
0.41342
0.416197
0.443713
0.42503
0.381275
0.365137
0.365134
0.395658
0.39099
0.386322
0.387145
0.370663
0.395858
0.406408
0.423979
0.395292
0.43285
0.407537
0.390481
0.376204
0.363478
0.370107
0.398059
0.403571
0.381416
0.376599
0.395416
0.422991
0.404744
0.410196
0.420656
0.41496
0.408895
0.410527
0.409737
0.396204
0.409826
0.435013
0.439714
0.418552
0.43209
0.466337
0.471357
0.41541
0.471078
0.47814
0.428176
0.418582
0.436075
0.452553
0.433056
0.463064
0.4825
0.42412
0.41646
0.408617
0.43012
0.426614
0.41979
0.463944
0.511659
0.489014
0.485652
0.462279
0.429466
0.379196
0.407229
0.532402
0.469362
0.469585
0.446249
0.418508
0.431662
0.450262
0.419926
0.39723
0.43723
0.462761
0.436281
0.416391
0.403961
0.45412
0.451624
0.421556
0.414757
0.389555
0.379808
0.399009
0.460703
0.462989
0.457454
0.473471
0.476685
0.448119
0.4356
0.409579
0.441792
0.44481
0.447169
0.400762
0.387039
0.391653
0.379378
0.376334
0.412983
0.392836
0.375231
0.382718
0.424242
0.439202
0.43292
0.408665
0.454931
0.440785
0.472857
0.433491
0.54247
0.607024
0.609015
0.547288
0.555391
0.544226
0.486767
0.476992
0.515873
0.520972
0.460837
0.438541
0.412193
0.410721
0.417078
0.404777
0.427794
0.47502
0.435057
0.42022
0.449309
0.475925
0.506456
0.455406
0.467943
0.435705
0.415048
0.410919
0.45002
0.471439
0.458724
0.47667
0.46287
0.429322
0.441051
0.422734
0.460207
0.451541
0.444517
0.439366
0.416303
0.441331
0.443779
0.447414
0.431277
0.447235
0.452533
0.441437
0.434711
0.436737
0.416305
0.406314
0.427725
0.472458
0.480735
0.484751
0.501657
0.487961
0.496333
0.496333
0.513271
0.499072
0.412832
0.401223
0.42294
0.42463
0.427374
0.414273
0.400956
0.418338
0.391175
0.432562
0.432238
0.437333
0.499938
0.451858
0.465622
0.442905
0.403882
0.391314
0.400959
0.399387
0.398901
0.438122
0.421055
0.444332
0.4387
0.435827
0.453979
0.481175
0.505624
0.463226
0.442832
0.382306
0.365775
0.374578
0.358489
0.359858
0.362449
0.369731
0.367854
0.361778
0.362471
0.367789
0.373376
0.396512
0.425476
0.467487
0.472431
0.499324
0.512393
0.472623
0.455328
0.447724
0.440971
0.476707
0.473291
0.420175
0.435991
0.398586
0.425164
0.437246
0.402167
0.429961
0.448558
0.472561
0.398926
0.364545
0.368418
0.406064
0.430833
0.421198
0.431001
0.435474
0.415606
0.41158
0.418677
0.480113
0.470003
0.41648
0.417096
0.423065
0.470657
0.493128
0.492788
0.561182
0.510897
0.48496
0.48413
0.499574
0.531921
0.565428
0.59
0.537709
0.509823
0.499889
0.523542
0.514906
0.502655
0.469152
0.479966
0.456625
0.493924
0.491964
0.500009
0.448695
0.458929
0.477029
0.46659
0.521835
0.502213
0.45782
0.479733
0.435208
0.470334
0.422025
0.432163
0.43024
0.410133
0.401831
0.417934
0.397055
0.405127
0.412138
0.407651
0.439972
0.424949
0.44263
0.501269
0.523069
0.515483
0.45597
0.494847
0.472735
0.427839
0.442264
0.464037
0.45092
0.403979
0.434803
0.468804
0.448334
0.493076
0.45571
0.424471
0.408699
0.454698
0.428515
0.44938
0.451286
0.417756
0.45083
0.437567
0.441742
0.467499
0.427778
0.43794
0.466452
0.476841
0.415732
0.450275
0.511509
0.493017
0.476612
0.477201
0.466584
0.399305
0.486108
0.508101
0.482437
0.471203
0.48027
0.516931
0.470489
0.512272
0.487535
0.449569
0.42359
0.446296
0.447105
0.448477
0.464081
0.463847
0.475698
0.520277
0.499405
0.430684
0.42061
0.377128
0.369311
0.354395
0.360578
0.366819
0.376091
0.39582
0.401988
0.398381
0.433714
0.449202
0.47752
0.459885
0.426032
0.423651
0.414714
0.429745
0.404596
0.416436
0.390985
0.416635
0.449838
0.384746
0.482997
0.464986
0.437916
0.44439
0.419492
0.403758
0.456091
0.439119
0.434814
0.455915
0.404494
0.376246
0.386671
0.375079
0.370091
0.3758
0.386625
0.452018
0.464815
0.492708
0.491855
0.511427
0.517995
0.496395
0.533676
0.505659
0.496552
0.512543
0.481697
0.526152
0.499449
0.539293
0.50501
0.558835
0.571476
0.558603
0.528562
0.423526
0.420145
0.367999
0.361018
0.381359
0.411111
0.41696
0.406168
0.37038
0.384403
0.393754
0.403252
0.397843
0.415191
0.425244
0.392005
0.434013
0.421301
0.410561
0.433207
0.431952
0.405141
0.414689
0.452243
0.432755
0.436437
0.443474
0.423213
0.391338
0.389879
0.408993
0.434611
0.389472
0.444853
0.431315
0.41526
0.412735
0.390599
0.392794
0.390106
0.411903
0.378379
0.37217
0.372191
0.356087
0.345335
0.345647
0.34748
0.357687
0.368337
0.403913
0.404269
0.382749
0.349984
0.360373
0.357034
0.378757
0.403845
0.407911
0.422679
0.404322
0.458279
0.428428
0.372511
0.370133
0.363463
0.369991
0.359841
0.355946
0.359681
0.379148
0.380672
0.36044
0.363922
0.357752
0.366733
0.41235
0.409284
0.434428
0.456859
0.433531
0.430731
0.434465
0.459297
0.495293
0.398428
0.446132
0.42693
0.428806
0.412684
0.388116
0.377087
0.37035
0.364621
0.380279
0.379583
0.38605
0.380289
0.384702
0.397629
0.38531
0.429202
0.431204
0.437042
0.434172
0.422704
0.409094
0.359148
0.359637
0.391994
0.397705
0.411295
0.415838
0.40343
0.386793
0.372362
0.348056
0.344757
0.35047
0.342428
0.342266
0.357032
0.344737
0.361005
0.347907
0.359205
0.37726
0.39766
0.373451
0.351365
0.349375
0.369774
0.366005
0.36577
0.417788
0.427903
0.409492
0.420879
0.406686
0.450864
0.450804
0.411901
0.414797
0.458957
0.45169
0.516431
0.485312
0.52295
0.598844
0.589275
0.575841
0.553086
0.534066
0.563111
0.548511
0.546759
0.535699
0.517587
0.513249
0.504613
0.45999
0.520713
0.523279
0.50866
0.455141
0.433124
0.510681
0.527401
0.52522
0.489895
0.444465
0.477918
0.530915
0.473071
0.531852
0.491528
0.473611
0.477754
0.490384
0.500812
0.527175
0.522266
0.535018
0.55293
0.529548
0.48755
0.412122
0.403118
0.401421
0.421731
0.39966
0.422673
0.415443
0.408882
0.387593
0.422666
0.427046
0.448376
0.489938
0.459372
0.460577
0.432442
0.439219
0.431769
0.440831
0.493881
0.504323
0.439133
0.446023
0.492728
0.513071
0.513589
0.420315
0.431562
0.414466
0.506876
0.521646
0.503925
0.46484
0.469219
0.513175
0.482427
0.473159
0.539336
0.439958
0.437209
0.473293
0.401893
0.496356
0.532436
0.52274
0.471969
0.494589
0.516873
0.494737
0.4964
0.528014
0.518824
0.536431
0.512688
0.514453
0.485847
0.437561
0.437202
0.452164
0.442786
0.487954
0.508908
0.469615
0.550015
0.469823
0.454492
0.444063
0.442115
0.464554
0.500614
0.441257
0.483378
0.44036
0.45188
0.446586
0.466617
0.448085
0.481183
0.437573
0.450489
0.428563
0.43325
0.386483
0.386039
0.365879
0.374904
0.376255
0.392859
0.399863
0.385109
0.409253
0.391417
0.381627
0.392294
0.383892
0.392346
0.396857
0.388633
0.367847
0.381348
0.388325
0.393002
0.414127
0.39472
0.442725
0.453475
0.420848
0.419409
0.440543
0.422795
0.416268
0.426546
0.416643
0.395339
0.423597
0.446269
0.442773
0.434197
0.462699
0.479432
0.446653
0.405939
0.481089
0.472908
0.496809
0.485946
0.468172
0.439794
0.461056
0.452228
0.453363
0.494582
0.476943
0.476594
0.453787
0.460685
0.46009
0.427849
0.392367
0.407702
0.449611
0.437803
0.423258
0.417445
0.426641
0.454285
0.463746
0.462483
0.452969
0.437811
0.464978
0.473808
0.447885
0.455666
0.475635
0.481527
0.465282
0.469631
0.472506
0.496933
0.469246
0.470805
0.450792
0.409783
0.403688
0.431266
0.42658
0.395779
0.381307
0.375453
0.400723
0.455295
0.48195
0.497371
0.475717
0.456501
0.457894
0.468166
0.427849
0.426364
0.452387
0.506767
0.54138
0.586021
0.555904
0.581325
0.540716
0.397594
0.374997
0.411858
0.375803
0.370122
0.380916
0.365336
0.352914
0.356298
0.395134
0.39157
0.355268
0.354053
0.351325
0.346222
0.350562
0.35721
0.340143
0.35286
0.348504
0.349355
0.340627
0.36515
0.345355
0.357379
0.369324
0.398816
0.388243
0.378654
0.359881
0.362524
0.366531
0.39246
0.398411
0.376032
0.36554
0.383955
0.440496
0.43906
0.447293
0.425401
0.438408
0.425936
0.439053
0.4365
0.404257
0.423923
0.462969
0.448565
0.413491
0.427891
0.417858
0.44731
0.417152
0.434176
0.403365
0.418264
0.467089
0.49823
0.492671
0.497155
0.515069
0.524192
0.532572
0.516905
0.527514
0.514278
0.476958
0.41537
0.40404
0.466653
0.473094
0.471286
0.48578
0.517512
0.556669
0.494669
0.489667
0.513092
0.46436
0.456864
0.482236
0.504371
0.503891
0.490548
0.470335
0.45783
0.445422
0.460093
0.456175
0.473964
0.450639
0.382832
0.45498
0.487861
0.445603
0.512854
0.478608
0.468443
0.453341
0.449793
0.444851
0.436897
0.432494
0.404364
0.438515
0.488207
0.42458
0.494654
0.508239
0.543529
0.528594
0.485324
0.507486
0.541678
0.428953
0.446403
0.442735
0.511418
0.489436
0.52218
0.508616
0.486907
0.496036
0.519731
0.504392
0.473236
0.516045
0.539899
0.49425
0.464361
0.450424
0.532414
0.49712
0.505198
0.55233
0.53709
0.511202
0.460635
0.503215
0.46009
0.460319
0.417015
0.442863
0.381699
0.376166
0.373926
0.379544
0.393498
0.400192
0.410902
0.389592
0.38781
0.396963
0.421421
0.461077
0.428758
0.390236
0.391826
0.393059
0.387301
0.411503
0.407565
0.414172
0.377226
0.379311
0.392744
0.399702
0.39815
0.427488
0.413683
0.421336
0.411755
0.432056
0.431347
0.429117
0.395905
0.380368
0.362333
0.401506
0.388717
0.369284
0.394548
0.433698
0.421655
0.403561
0.382281
0.361877
0.370607
0.357928
0.363935
0.366778
0.367724
0.35594
0.365478
0.36926
0.392237
0.400189
0.381081
0.362881
0.351528
0.363713
0.355338
0.358171
0.361813
0.36767
0.369526
0.357419
0.361049
0.38884
0.39287
0.389992
0.395897
0.418935
0.472219
0.488787
0.431131
0.428431
0.400274
0.393183
0.382955
0.374945
0.396969
0.399347
0.423333
0.389993
0.394216
0.396263
0.417162
0.45304
0.428958
0.444947
0.485416
0.485682
0.406151
0.404875
0.400413
0.398502
0.399658
0.410458
0.442982
0.460022
0.417995
0.433476
0.414127
0.400573
0.389863
0.38604
0.400652
0.382842
0.386128
0.392911
0.38531
0.395657
0.40042
0.386745
0.382669
0.426709
0.384723
0.380746
0.369309
0.3873
0.401411
0.459146
0.465842
0.393613
0.43402
0.392748
0.457573
0.44823
0.431254
0.411369
0.383134
0.393841
0.417626
0.386191
0.388792
0.392448
0.384293
0.388635
0.39231
0.397852
0.374821
0.369495
0.366229
0.369318
0.374795
0.371537
0.359776
0.365016
0.357035
0.365663
0.363246
0.356032
0.356928
0.374442
0.365605
0.372594
0.360128
0.355681
0.362276
0.361203
0.356972
0.354654
0.355485
0.359745
0.356779
0.362943
0.359721
0.361491
0.362784
0.363027
0.36498
0.358209
0.358594
0.3576
0.363896
0.3704
0.368021
0.378061
0.379653
0.368008
0.359497
0.357903
0.365945
0.393627
0.418579
0.416827
0.387735
0.407647
0.40639
0.397409
0.42248
0.402155
0.378965
0.368849
0.375028
0.376352
0.382606
0.42597
0.420323
0.3741
0.370114
0.392579
0.412935
0.393018
0.393122
0.384957
0.394085
0.387267
0.389492
0.365019
0.373516
0.356566
0.371407
0.428507
0.375439
0.364743
0.371312
0.376387
0.39444
0.418032
0.429809
0.45197
0.418037
0.409676
0.377208
0.361659
0.36744
0.370822
0.392581
0.407968
0.391467
0.363544
0.366302
0.364235
0.360184
0.35813
0.358003
0.350644
0.363239
0.388466
0.393748
0.478335
0.40829
0.392066
0.388869
0.393497
0.385956
0.408904
0.422332
0.397464
0.406976
0.419981
0.412482
0.419574
0.404743
0.412032
0.402175
0.387429
0.375448
0.396193
0.380265
0.400413
0.397986
0.393448
0.382013
0.38343
0.372445
0.368747
0.381368
0.359491
0.363287
0.372152
0.381487
0.383967
0.36794
0.368883
0.375216
0.38929
0.385975
0.39876
0.441616
0.428335
0.436345
0.417915
0.42489
0.385891
0.442618
0.472189
0.564361
0.523074
0.443411
0.391486
0.394178
0.376874
0.359423
0.354704
0.364049
0.358569
0.358798
0.397809
0.400493
0.415378
0.399121
0.414588
0.406142
0.432441
0.410342
0.409842
0.404689
0.421834
0.381574
0.387727
0.389569
0.389837
0.382039
0.39669
0.380076
0.370368
0.383362
0.3952
0.395766
0.38117
0.392654
0.383857
0.396964
0.390714
0.39119
0.404145
0.40339
0.398195
0.38239
0.374727
0.417467
0.394605
0.411158
0.377471
0.393507
