0.51852
0.581543
0.560248
0.472117
0.488638
0.505517
0.471002
0.456425
0.490291
0.483159
0.511801
0.454521
0.440461
0.487694
0.497399
0.503998
0.491563
0.471214
0.451104
0.500696
0.476384
0.473941
0.468026
0.48484
0.485334
0.461717
0.469019
0.476644
0.471661
0.478689
0.468058
0.444442
0.436303
0.465149
0.479786
0.459898
0.454361
0.444629
0.468088
0.418245
0.471902
0.472146
0.426455
0.451507
0.463807
0.40764
0.379136
0.401144
0.414443
0.443291
0.474538
0.464518
0.401446
0.410052
0.409419
0.413009
0.385846
0.397736
0.413476
0.390784
0.410819
0.403544
0.378856
0.399536
0.390536
0.366315
0.373404
0.365097
0.346863
0.352165
0.364324
0.376902
0.388647
0.386536
0.367686
0.356385
0.351945
0.370881
0.364219
0.377956
0.398867
0.377729
0.394796
0.37701
0.387729
0.392319
0.400304
0.398186
0.406052
0.414338
0.388575
0.371393
0.353992
0.363507
0.377316
0.380725
0.371292
0.34502
0.351765
0.344423
0.349339
0.371364
0.393238
0.453211
0.453097
0.413649
0.437223
0.401365
0.404225
0.416408
0.432958
0.398905
0.385637
0.414083
0.417155
0.421232
0.453247
0.43331
0.42505
0.468483
0.478557
0.489851
0.448972
0.400168
0.392691
0.445368
0.446241
0.408508
0.374246
0.400147
0.427166
0.400808
0.415214
0.397521
0.378411
0.383445
0.389508
0.390459
0.388019
0.410976
0.401695
0.403029
0.405223
0.402616
0.409538
0.438402
0.420075
0.40844
0.400219
0.381859
0.366607
0.357311
0.342695
0.339662
0.336585
0.344132
0.364982
0.361766
0.342929
0.344315
0.350205
0.366155
0.356497
0.393199
0.460989
0.4692
0.464415
0.464721
0.478569
0.44798
0.409602
0.424749
0.419456
0.411141
0.41954
0.42975
0.41091
0.394051
0.367078
0.374659
0.372145
0.380028
0.391456
0.398777
0.397242
0.420452
0.435016
0.401845
0.467402
0.424453
0.496809
0.438637
0.444898
0.424235
0.419342
0.40091
0.441521
0.423939
0.423536
0.383029
0.365064
0.391667
0.39492
0.404252
0.401065
0.404943
0.438689
0.415292
0.423849
0.390571
0.439671
0.465258
0.445348
0.45797
0.378144
0.406773
0.411495
0.410703
0.445406
0.470108
0.458231
0.436551
0.382829
0.358398
0.395653
0.439369
0.389665
0.396733
0.395997
0.455573
0.395097
0.36957
0.44225
0.411169
0.454648
0.465103
0.461336
0.429513
0.435289
0.43024
0.416312
0.404693
0.400311
0.367816
0.361398
0.396203
0.405305
0.417696
0.391121
0.357096
0.404144
0.461582
0.402429
0.421796
0.424112
0.44767
0.418747
0.397978
0.361983
0.35747
0.352441
0.370012
0.400118
0.403303
0.386163
0.355921
0.36173
0.377232
0.420909
0.410574
0.416416
0.376626
0.412639
0.433029
0.392711
0.387678
0.397102
0.421525
0.448232
0.447469
0.414039
0.435258
0.443161
0.380696
0.357358
0.348898
0.372854
0.386639
0.365021
0.354712
0.352921
0.376748
0.44124
0.448694
0.42385
0.422009
0.457078
0.429622
0.415363
0.424729
0.442252
0.409713
0.371259
0.377711
0.429563
0.426222
0.38391
0.411986
0.444293
0.43172
0.437607
0.400289
0.366845
0.361545
0.377608
0.414302
0.447871
0.458817
0.458898
0.403772
0.357454
0.386893
0.366235
0.409354
0.460722
0.458516
0.429236
0.45012
0.403943
0.398726
0.424963
0.39534
0.403898
0.375835
0.372822
0.360536
0.345805
0.350495
0.363631
0.370427
0.371269
0.353496
0.363818
0.374001
0.400392
0.37911
0.389576
0.400285
0.380856
0.356552
0.346268
0.366558
0.369806
0.393323
0.40044
0.391236
0.371147
0.360752
0.359721
0.364558
0.365116
0.356687
0.372731
0.394552
0.390672
0.40798
0.402282
0.41403
0.405646
0.398533
0.403557
0.3912
0.391592
0.381159
0.368208
0.36027
0.370258
0.374313
0.352585
0.343028
0.354561
0.362081
0.357031
0.358913
0.38474
0.392698
0.36214
0.340552
0.339162
0.368304
0.383787
0.399405
0.366957
0.386227
0.404863
0.410506
0.41443
0.402914
0.383984
0.408614
0.400797
0.41641
0.375827
0.368438
0.363202
0.349902
0.358708
0.359378
0.381904
0.409778
0.434288
0.473229
0.473717
0.435496
0.384522
0.394518
0.397827
0.41172
0.386279
0.372158
0.403128
0.389226
0.393836
0.416501
0.467194
0.458412
0.454276
0.435816
0.46233
0.458716
0.456372
0.47701
0.501519
0.530308
0.498064
0.36858
0.366688
0.382639
0.392431
0.419412
0.390178
0.372174
0.389575
0.439573
0.469087
0.467476
0.426466
0.498335
0.48214
0.453529
0.413602
0.385062
0.379256
0.369257
0.384244
0.367251
0.363804
0.396169
0.387697
0.387469
0.381713
0.392733
0.371916
0.366456
0.382868
0.409622
0.43395
0.393724
0.371113
0.364408
0.405774
0.446849
0.439458
0.403716
0.411168
0.425059
0.430833
0.424079
0.444479
0.441151
0.458402
0.478025
0.487792
0.505717
0.426808
0.502868
0.447159
0.42534
0.411878
0.412369
0.419451
0.423491
0.402646
0.384963
0.406169
0.395333
0.40232
0.401788
0.410175
0.395695
0.382997
0.402587
0.378525
0.404547
0.443244
0.415735
0.375252
0.404014
0.355918
0.359779
0.362495
0.349331
0.349098
0.361041
0.347867
0.340545
0.347882
0.342696
0.355987
0.364548
0.350259
0.365032
0.345286
0.350667
0.35611
0.379268
0.378161
0.386494
0.392488
0.363572
0.346372
0.353092
0.362147
0.36847
0.385993
0.382042
0.373928
0.367073
0.386825
0.396636
0.397903
0.362698
0.379272
0.368998
0.365839
0.40042
0.405992
0.381669
0.397229
0.451881
0.423422
0.43226
0.464652
0.492182
0.473402
0.468651
0.40586
0.390675
0.387782
0.431196
0.440556
0.409703
0.401911
0.404354
0.429184
0.421453
0.422795
0.402453
0.397051
0.375685
0.348816
0.36168
0.357369
0.357625
0.392548
0.388304
0.396939
0.365303
0.379037
0.371562
0.388102
0.399529
0.389004
0.377765
0.392128
0.393136
0.3744
0.348953
0.346088
0.343587
0.349427
0.351709
0.367455
0.360747
0.39405
0.404698
0.39739
0.382609
0.356526
0.354236
0.353569
0.394902
0.378456
0.388605
0.386373
0.37345
0.388343
0.414774
0.471501
0.420329
0.431477
0.423232
0.40458
0.383856
0.375834
0.369587
0.373504
0.401057
0.461371
0.466404
0.454199
0.431103
0.488162
0.533546
0.484364
0.509848
0.445764
0.481427
0.503711
0.52514
0.474505
0.409092
0.382567
0.383104
0.393031
0.390938
0.410629
0.403325
0.397874
0.365949
0.364078
0.379358
0.38075
0.374416
0.399388
0.427788
0.423455
0.382649
0.355355
0.345646
0.351808
0.353458
0.348404
0.348542
0.344315
0.346814
0.363782
0.397315
0.421831
0.408397
0.431059
0.406075
0.392336
0.35761
0.360145
0.351043
0.360796
0.381647
0.405984
0.40139
0.410948
0.39119
0.419344
0.38382
0.35167
0.346077
0.35422
0.354532
0.349442
0.343064
0.345773
0.345534
0.367588
0.369657
0.354371
0.376524
0.374881
0.372306
0.373842
0.379629
0.402474
0.413165
0.39615
0.378252
0.364921
0.368341
0.398132
0.413904
0.3834
0.372213
0.370111
0.397665
0.39909
0.376907
0.35469
0.351077
0.349031
0.356338
0.374811
0.367211
0.353483
0.359488
0.393937
0.38271
0.361862
0.370365
0.378875
0.354884
0.368564
0.367187
0.364205
0.399175
0.387751
0.395033
0.35603
0.390478
0.367234
0.361754
0.341768
0.344218
0.350245
0.383394
0.372247
0.371649
0.375866
0.384475
0.371233
0.354043
0.352261
0.365957
0.392993
0.37913
0.351657
0.355346
0.343277
0.345728
0.346193
0.342189
0.348871
0.353338
0.391316
0.414558
0.396558
0.370006
0.369766
0.380077
0.380392
0.393638
0.380301
0.395608
0.367612
0.372067
0.396633
0.408456
0.415289
0.389398
0.373887
0.361106
0.356664
0.379873
0.38449
0.351647
0.343236
0.353805
0.366809
0.385462
0.371497
0.350676
0.359806
0.398986
0.391031
0.350768
0.356153
0.383935
0.374511
0.360608
0.36388
0.373114
0.354294
0.354851
0.358705
0.376552
0.386918
0.430229
0.432745
0.41815
0.415831
0.391412
0.402584
0.414361
0.529243
0.51147
0.447556
0.432051
0.399733
0.423658
0.431027
0.400745
0.38976
0.418602
0.427427
0.367305
0.362934
0.416295
0.407311
0.402135
0.429977
0.360756
0.349018
0.350112
0.357537
0.353915
0.351628
0.35143
0.349789
0.346605
0.345811
0.347775
0.35052
0.376303
0.440603
0.396837
0.400749
0.39128
0.393924
0.396846
0.407156
0.374398
0.385059
0.373838
0.396569
0.386253
0.361953
0.364882
0.351027
0.372813
0.38625
0.405785
0.408826
0.409614
0.380928
0.380064
0.37505
0.391185
0.402529
0.371795
0.374351
0.374474
0.39499
0.385943
0.401211
0.395151
0.407504
0.4076
0.405836
0.391147
0.415373
0.404319
0.398084
0.40631
0.407298
0.387867
0.382078
0.363599
0.347513
0.345866
0.362067
0.3647
0.365248
0.364626
0.378677
0.350078
0.369593
0.366137
0.37323
0.391207
0.380364
0.369435
0.363162
0.357104
0.350239
0.364093
0.367724
0.344795
0.341954
0.352972
0.372879
0.379717
0.379661
0.366444
0.387939
0.406078
0.379694
0.387109
0.38868
0.370831
0.364148
0.38661
0.357032
0.354488
0.382536
0.379586
0.392979
0.369295
0.406004
0.387443
0.371019
0.360171
0.373525
0.410115
0.444816
0.458218
0.457087
0.439998
0.408072
0.426196
0.451632
0.459493
0.419651
0.461316
0.413523
0.38369
0.371239
0.404812
0.391572
0.376596
0.446778
0.477024
0.440094
0.389044
0.397054
0.442457
0.394945
0.393231
0.427016
0.40276
0.418617
0.412965
0.358576
0.366587
0.37335
0.357421
0.365566
0.38116
0.416532
0.438713
0.432984
0.427407
0.45219
0.470896
0.443489
0.429111
0.479217
0.47898
0.476013
0.495629
0.459049
0.432068
0.428775
0.439251
0.443405
0.429709
0.420439
0.440657
0.42049
0.370796
0.400668
0.417368
0.401425
0.417512
0.425337
0.437355
0.424421
0.413101
0.408146
0.379166
0.404804
0.410715
0.382493
0.369387
0.405979
0.395983
0.412552
0.407766
0.402082
0.436502
0.46747
0.481455
0.446804
0.511111
0.457048
0.440757
0.476539
0.417381
0.423626
0.451649
0.469349
0.451294
0.484956
0.473247
0.388989
0.395635
0.39196
0.356494
0.362102
0.367667
0.38285
0.422777
0.390048
0.35829
0.357607
0.383574
0.367741
0.362322
0.373838
0.342938
0.348092
0.340998
0.348613
0.358347
0.371807
0.379518
0.363269
0.406576
0.369344
0.378048
0.369099
0.362727
0.364787
0.380843
0.359352
0.370059
0.377778
0.380026
0.386805
0.389769
0.386853
0.399533
0.408682
0.404523
0.368699
0.34914
0.349439
0.344896
0.35407
0.374492
0.353268
0.388
0.382149
0.356172
0.340101
0.344725
0.36433
0.392505
0.403468
0.422914
0.420801
0.406711
0.409613
0.409937
0.369658
0.382843
0.361361
0.365894
0.376604
0.385298
0.389992
0.355445
0.36274
0.366678
0.363895
0.36037
0.384677
0.372203
0.36675
0.358437
0.367487
0.385398
0.389048
0.37865
0.376971
0.406644
0.379976
0.399144
0.401178
0.409012
0.388707
0.354128
0.354783
0.386314
0.400684
0.381023
0.371382
0.368362
0.402289
0.411519
0.440918
0.430213
0.392166
0.371051
0.389833
0.408345
0.393914
0.430612
0.444492
0.431337
0.422854
0.419771
0.388705
0.416282
0.385049
0.406985
0.449629
0.474237
0.45042
0.45679
0.543494
0.554184
0.496098
0.43679
0.494864
0.481436
0.424401
0.382315
0.348837
0.358425
0.362631
0.364924
0.358133
0.354986
0.353531
0.375301
0.37071
0.363539
0.362282
0.376939
0.393149
0.408048
0.4061
0.404864
0.413591
0.419234
0.404349
0.408704
0.415167
0.447423
0.399888
0.397881
0.401462
0.397102
0.418563
0.407721
0.389525
0.400647
0.390385
0.396202
0.401928
0.41742
0.488499
0.444573
0.389374
0.451477
0.382472
0.377216
0.432354
0.402288
0.368817
0.364773
0.410219
0.445535
0.407319
0.425775
0.423051
0.44371
0.442974
0.432965
0.405875
0.4403
0.438381
0.47477
0.492639
0.461106
0.406341
0.368146
0.356013
0.366125
0.35119
0.355369
0.349717
0.344535
0.345235
0.373259
0.372575
0.354054
0.369859
0.384241
0.385479
0.372167
0.367194
0.374563
0.386866
0.392738
0.471233
0.454506
0.511098
0.49803
0.444088
0.380137
0.41401
0.424943
0.388868
0.396744
0.357879
0.363635
0.368769
0.386983
0.362571
0.357903
0.352698
0.382899
0.381043
0.35238
0.34624
0.359159
0.367524
0.36997
0.372046
0.360225
0.348528
0.374058
0.432666
0.451603
0.440956
0.410941
0.460593
0.399749
0.403988
0.404901
0.392028
0.374836
0.417598
0.437533
0.44502
0.417008
0.412774
0.413366
0.376688
0.357959
0.361256
0.401772
0.444026
0.450537
0.502499
0.435179
0.419643
0.438444
0.486041
0.434657
0.508674
0.470489
0.462045
0.474297
0.395578
0.38353
0.376991
0.40073
0.447802
0.424472
0.433952
0.458398
0.436744
0.366881
0.354221
0.370019
0.366311
0.398673
0.402637
0.422381
0.432703
0.478385
0.476151
0.402199
0.398208
0.417608
0.425678
0.444252
0.417981
0.426085
0.393508
0.380102
0.399184
0.386733
0.3772
0.386241
0.424015
0.456268
0.378616
0.398059
0.454056
0.44174
0.418736
0.414985
0.422743
0.366486
0.356519
0.387533
0.397676
0.411803
0.394818
0.410485
0.397182
0.386356
0.37673
0.37984
0.405735
0.373463
0.384656
0.367405
0.388518
0.407927
0.395893
0.371908
0.391142
0.395829
0.382044
0.386487
0.406335
0.376594
0.35374
0.357214
0.345287
0.356559
0.399917
0.401485
0.366829
0.344555
0.352668
0.37976
0.378796
0.358138
0.356003
0.368392
0.375022
0.372966
0.36726
0.404565
0.412961
0.398562
0.402646
0.425111
0.383127
0.386659
0.433761
0.406998
0.421645
0.368234
0.37139
0.368774
0.371886
0.374171
0.371199
0.348243
0.344828
0.346266
0.340557
0.344897
0.361358
0.388319
0.392593
0.389553
0.399193
0.382587
0.375759
0.421634
0.423541
0.415839
0.413181
0.399346
0.433074
0.383365
0.417237
0.397325
0.410932
0.444083
0.424956
0.417359
0.393872
0.371009
0.422408
0.451928
0.462752
0.517126
0.548285
0.558228
0.535348
0.4214
0.397276
0.395699
0.383325
0.400986
0.394309
0.412656
0.384371
0.363755
0.346461
0.356705
0.346797
0.366966
0.38628
0.395001
0.397125
0.385882
0.383819
0.413345
0.383973
0.376932
0.371301
0.370832
0.358276
0.35505
0.375395
0.394391
0.356666
0.352073
0.347418
0.361584
0.418116
0.438116
0.454548
0.445764
0.439296
0.455841
0.397315
0.414119
0.399406
0.380794
0.400293
0.352157
0.375677
0.392894
0.413219
0.394267
0.394385
0.38882
0.367641
0.404505
0.386768
0.408033
0.410118
0.404427
0.410555
0.444911
0.439607
0.42682
0.424301
0.436519
0.471912
0.435026
0.433462
0.432524
0.430514
0.463399
0.399572
0.391551
0.37587
0.349275
0.357405
0.400676
0.387468
0.401995
0.426369
0.42026
0.420034
0.37925
0.412271
0.435561
0.475147
0.409566
0.397306
0.412785
0.37594
0.389748
0.423848
0.445759
0.44107
0.427582
0.457021
0.437475
0.463247
0.481294
0.516959
0.524331
0.493117
0.498527
0.467269
0.54187
0.547326
0.535243
0.589746
0.529515
0.455792
0.448753
0.417724
0.429978
0.387582
0.456578
0.421323
0.426796
0.374706
0.367271
0.417405
0.442517
0.448099
0.433922
0.433485
0.392465
0.402644
0.400002
0.364638
0.378945
0.411332
0.398832
0.402558
0.411271
0.384484
0.404322
0.391896
0.417344
0.435059
0.422198
0.402459
0.394441
0.408393
0.420712
0.402666
0.385813
0.410517
0.455413
0.428325
0.42671
0.433453
0.438012
0.396499
0.365161
0.370317
0.355263
0.345627
0.342712
0.35176
0.368792
0.38129
0.392101
0.37788
0.383805
0.401685
0.386349
0.351372
0.356613
0.366012
0.414893
0.45862
0.480622
0.504469
0.441746
0.425315
0.398606
0.434976
0.400021
0.452808
0.47347
0.454274
0.393835
0.374216
0.36893
0.405851
0.395944
0.449227
0.410709
0.381137
0.391268
0.384935
0.396425
0.413463
0.421678
0.393291
0.414783
0.443963
0.47014
0.39961
0.431259
0.475438
0.462985
0.454573
0.450589
0.401704
0.376283
0.387554
0.370258
0.385201
0.425263
0.401535
0.411301
0.43671
0.423395
0.363961
0.423614
0.435657
0.413984
0.458754
0.416505
0.432623
0.446831
0.462116
0.486024
0.425894
0.435706
0.442518
0.438904
0.46556
0.474286
0.518966
0.541783
0.556875
0.553756
0.519468
0.429711
0.382958
0.417759
0.396837
0.439027
0.427883
0.414174
0.431341
0.43392
0.408328
0.400986
0.404165
0.398904
0.448066
0.42329
0.435956
0.392331
0.365443
0.362508
0.353834
0.350927
0.360657
0.387769
0.375643
0.363539
0.383852
0.373196
0.412677
0.41941
0.423306
0.421257
0.403862
0.353481
0.351994
0.370718
0.365298
0.36696
0.388559
0.432308
0.484095
0.465041
0.459283
0.420832
0.36914
0.372943
0.37261
0.447439
0.39172
0.397621
0.457136
0.498114
0.45231
0.51563
0.526878
0.507344
0.505494
0.479601
0.516236
0.510693
0.471922
0.461204
0.444118
0.436178
0.466804
0.447621
0.422434
0.433524
0.390898
0.363875
0.360982
0.396982
0.370289
0.369479
0.404194
0.392351
0.370636
0.364158
0.351262
0.377709
0.397816
0.407473
0.404265
0.383509
0.359766
0.355508
0.347235
0.371937
0.376872
0.397041
0.371079
0.359337
0.3563
0.370023
0.397484
0.39105
0.383932
0.39828
0.418752
0.426404
0.448499
0.401241
0.440424
0.459111
0.468688
0.483025
0.478187
0.440619
0.39958
0.445155
0.383205
0.446676
0.46226
0.403385
0.40786
0.415689
0.442656
0.428738
0.415699
0.442182
0.464683
0.446676
0.431875
0.48093
0.459164
0.430497
0.449973
0.485816
0.426949
0.414575
0.377966
0.388682
0.423087
0.422779
0.397803
0.375417
0.370278
0.355263
0.363232
0.390114
0.364369
0.370162
0.37603
0.357498
0.384355
0.393083
0.389908
0.387794
0.372672
0.392048
0.421423
0.42029
0.386216
0.392457
0.368816
0.368473
0.361342
0.397529
0.3695
0.372207
0.384566
0.387312
0.425702
0.440783
0.47382
0.431302
0.45796
0.489793
0.476336
0.417145
0.442781
0.466905
0.436805
0.370994
0.353943
0.354884
0.366676
0.391524
0.409163
0.390811
0.391786
0.393108
0.400605
0.399383
0.380479
0.377942
0.363525
0.347805
0.351744
0.384231
0.387025
0.360728
0.352503
0.37715
0.353988
0.355159
0.36914
0.35163
0.344029
0.349661
0.348365
0.360847
0.381214
0.360837
0.359491
0.387574
0.411957
0.419259
0.411229
0.400336
0.38588
0.406594
0.371812
0.399959
0.398166
0.392391
0.409213
0.420931
0.424722
0.409845
0.446588
0.458001
0.468866
0.472752
0.439734
0.473827
0.457974
0.43446
0.424883
0.463396
0.434238
0.434247
0.470398
0.47274
0.46882
0.478725
0.509778
0.451448
0.406746
0.412584
0.447142
0.432298
0.474262
0.506092
0.524112
0.414331
0.423915
0.422476
0.395204
0.410956
0.430918
0.416702
0.420624
0.430372
0.407746
0.424776
0.430408
0.394732
0.398375
0.386072
0.373988
0.386349
0.388645
0.358234
0.378412
0.401959
0.410462
0.38732
0.397273
0.404215
0.424536
0.403957
0.38271
0.397967
0.401767
0.397699
0.414807
0.415928
0.36901
0.356207
0.341447
0.343986
0.343113
0.362142
0.376957
0.369749
0.34553
0.338066
0.344158
0.343659
0.349327
0.347874
0.345974
0.338735
0.341825
0.342288
0.365608
0.389581
0.375314
0.381061
0.373801
0.377833
0.374167
0.375902
0.373069
0.347171
0.341967
0.346313
0.347197
0.34636
0.343474
0.345995
0.342144
0.34908
0.364911
0.359634
0.362663
0.373275
0.416502
0.386056
0.391443
0.432108
0.431398
0.424547
0.390435
0.377265
0.381196
0.358015
0.359599
0.397023
0.379001
0.377178
0.407607
0.453368
0.46681
0.491996
0.503718
0.4011
0.435837
0.398642
0.468697
0.447898
0.382833
0.360407
0.344398
0.356735
0.362388
0.381287
0.398212
0.382739
0.395454
0.419551
0.39605
0.390799
0.37349
0.385399
0.366186
0.34429
0.3471
0.343819
0.356835
0.379425
0.353066
0.352023
0.353862
0.397397
0.40927
0.403089
0.396386
0.39081
0.414951
0.408596
0.401831
0.39263
0.39658
0.385716
0.394724
0.398811
0.378227
0.416262
0.446573
0.401181
0.389307
0.408347
0.458003
0.425924
0.409167
0.425872
0.449007
0.454859
0.442449
0.450789
0.465701
0.420339
0.383475
0.372021
0.398332
0.359917
0.352177
0.359487
0.373333
0.360659
0.390932
0.408425
0.432518
0.450769
0.429977
0.477002
0.436597
0.460484
0.455173
0.431168
0.415778
0.447992
0.488196
0.480623
0.474526
0.486771
0.508849
0.570272
0.443285
0.422234
0.425439
0.405978
0.423718
0.409554
0.42624
0.435507
0.437996
0.42146
0.409442
0.412056
0.367972
0.373222
0.373798
0.394255
0.410156
0.476717
0.466169
0.423106
0.42863
0.430656
0.392333
0.369916
0.393903
0.377825
0.395332
0.410307
0.41647
0.391791
0.365484
0.401497
0.377799
0.409397
0.407793
0.416805
0.411438
0.398257
0.429218
0.430181
0.446458
0.449904
0.47101
0.416314
0.450289
0.455451
0.435679
0.415864
0.421018
0.477464
0.494576
0.449764
0.39221
0.496967
0.456887
0.42726
0.427818
0.437584
0.413729
0.444343
0.41698
0.382793
0.43753
0.465549
0.464377
0.437177
0.43655
0.436102
0.389399
0.383158
0.397062
0.379439
0.424647
0.426097
0.438364
0.454636
0.576387
0.57789
0.541313
0.477085
0.513535
0.4368
0.411329
0.412369
0.458381
0.428154
0.476401
0.470749
0.439685
0.423457
0.461234
0.454774
0.440428
0.444796
0.428909
0.442461
0.449758
0.434022
0.431531
0.416009
0.470181
0.491773
0.494453
0.48899
0.418164
0.408015
0.420167
0.440844
0.473339
0.441972
0.394674
0.40508
0.42297
0.430932
0.44402
0.490017
0.464135
0.378043
0.365737
0.361455
0.369728
0.361283
0.372803
0.413462
0.470462
0.505395
0.466204
0.446846
0.455109
0.42728
0.424605
0.416744
0.46091
0.377085
0.392084
0.428282
0.431519
0.415386
0.462354
0.429094
0.422106
0.48935
0.539053
0.486699
0.508754
0.568662
0.525844
0.51151
0.50303
0.467446
0.479094
0.493348
0.46321
0.487619
0.496155
0.457256
0.444928
0.433986
0.407694
0.412286
0.406534
0.421042
0.445173
0.513435
0.486134
0.439892
0.455696
0.430188
0.461872
0.465053
0.421412
0.440814
0.431782
0.446525
0.453908
0.432683
0.457696
0.472173
0.484248
0.467009
0.452332
0.491194
0.478231
0.49281
0.492013
0.429917
0.463216
0.469667
0.507863
0.436556
0.382439
0.356142
0.369125
0.398386
0.411174
0.457038
0.45218
0.415844
0.415615
0.40485
0.426479
0.453457
0.445806
0.412595
0.444432
0.444867
0.397046
0.386743
0.371946
0.409817
0.47359
0.503486
0.502877
0.519789
0.507981
0.503995
0.519865
0.567297
0.543404
0.418075
0.365388
0.398931
0.40737
0.379765
0.398018
0.416763
0.406865
0.420854
0.431305
0.407562
0.44317
0.440524
0.401744
0.408227
0.441774
0.41193
0.386688
0.400943
0.373968
0.356545
0.34636
0.359586
0.400298
0.369876
0.358216
0.38945
0.416227
0.436201
0.390465
0.367099
0.362595
0.361824
0.377009
0.360079
0.376487
0.422225
0.441913
0.42792
0.482032
0.421892
0.42885
0.397887
0.372894
0.375589
0.382017
0.384908
0.397419
0.431931
0.432662
0.396269
0.368172
0.401125
0.415691
0.378879
0.347448
0.346832
0.349737
0.354101
0.353831
0.389472
0.356325
0.364241
0.377509
0.410776
0.423836
0.445119
0.416827
0.454124
0.496445
0.563114
0.580089
0.535863
0.555866
0.535847
0.515828
0.483088
0.524928
0.447331
0.515708
0.507875
0.463534
0.505509
0.497084
0.478796
0.505678
0.527448
0.543751
0.483472
0.404401
0.4094
0.417207
0.403161
0.440379
0.475568
0.443649
0.429223
0.486795
0.460446
0.482738
0.478651
0.425492
0.515539
0.473834
0.492764
0.498054
0.458402
0.436107
0.520776
0.49514
0.508555
0.502807
0.527738
0.514318
0.458243
0.447208
0.479161
0.498961
0.481768
0.441047
0.480004
0.461429
0.448059
0.458424
0.465406
0.437132
0.423999
0.381114
0.371911
0.388808
0.394472
0.394309
0.387729
0.391953
0.381763
0.383445
0.402133
0.417267
0.437555
0.42999
0.421354
0.418921
0.410029
0.449152
0.454067
0.44243
0.487369
0.46867
0.447834
0.463766
0.476659
0.470329
0.454861
0.395153
0.446325
0.421011
0.431709
0.467555
0.445695
0.466852
0.450739
0.482801
0.460124
0.488267
0.469541
0.41987
0.42542
0.399641
0.38055
0.450647
0.49154
0.46073
0.450987
0.434609
0.515258
0.568073
0.562656
0.396095
0.370148
0.367094
0.361553
0.385154
0.351143
0.349744
0.348511
0.351084
0.3452
0.355556
0.36774
0.390491
0.366264
0.372636
0.391682
0.369367
0.435256
0.435857
0.434461
0.43645
0.41771
0.449473
0.420928
0.429202
0.428408
0.423238
0.492236
0.512313
0.520408
0.523654
0.491393
0.427198
0.482948
0.523416
0.501681
0.456848
0.504189
0.482781
0.459454
0.454681
0.465668
0.416642
0.466533
0.495699
0.460045
0.44418
0.433254
0.427837
0.463055
0.507852
0.528718
0.503212
0.466657
0.463306
0.501399
0.51487
0.488179
0.504461
0.513671
0.489423
0.482795
0.504562
0.542359
0.490483
0.471562
0.431224
0.392791
0.3763
0.39591
0.400262
0.390679
0.447891
0.403021
0.391318
0.403451
0.404329
0.38194
0.39662
0.41641
0.420933
0.426429
0.416626
0.372112
0.394635
0.383728
0.427264
0.388913
0.363938
0.362733
0.365179
0.361791
0.390642
0.379206
0.357628
0.357146
0.364078
0.365038
0.372582
0.39084
0.409332
0.480212
0.430424
0.391407
0.380634
0.403654
0.397481
0.40469
0.442423
0.450598
0.445328
0.399694
0.415027
0.43909
0.419406
0.392078
0.392546
0.387768
0.397852
0.403672
0.383559
0.379714
0.434709
0.427058
0.422745
0.445296
0.394449
0.406592
0.38909
0.386137
0.395459
0.370699
0.369605
0.371803
0.359341
0.362104
0.358575
0.367889
0.367685
0.358836
0.358867
0.356593
0.360905
0.362298
0.362105
0.35903
0.36951
0.377532
0.363494
0.363447
0.40739
0.405229
0.400737
0.409081
0.373967
0.375219
0.41691
0.380779
0.395495
0.397885
0.387941
0.388594
0.369807
0.366209
0.394386
0.372195
0.392968
0.439928
0.417294
0.369167
0.370366
0.402433
0.374048
0.364108
0.357282
0.353343
0.384876
0.443034
0.392761
0.389539
0.415222
0.402432
0.417123
0.413116
0.397662
0.382594
0.3928
0.393529
0.380685
0.372159
0.36551
0.374322
0.37695
0.372021
0.389129
0.420641
0.43475
0.410635
0.456343
0.521653
0.393714
0.362913
0.385482
0.398522
0.42071
0.411849
0.390231
0.392622
0.388329
0.378581
0.389721
0.393408
0.394822
