0.543381
0.502602
0.49459
0.474528
0.48328
0.462521
0.498179
0.47484
0.479335
0.474331
0.476124
0.473558
0.470465
0.441704
0.472459
0.449023
0.454791
0.453331
0.43666
0.39414
0.443458
0.434093
0.412035
0.394105
0.404885
0.390022
0.391253
0.3652
0.352691
0.380389
0.372833
0.360799
0.375573
0.388461
0.385959
0.396364
0.408693
0.369968
0.368536
0.367409
0.348024
0.360983
0.439143
0.42559
0.405941
0.414636
0.40812
0.415694
0.441739
0.437472
0.486177
0.407021
0.438791
0.391097
0.412826
0.403448
0.385723
0.386865
0.408892
0.405372
0.420937
0.407015
0.36997
0.344276
0.34287
0.357522
0.347881
0.372113
0.460073
0.469487
0.435521
0.419028
0.423682
0.395988
0.371598
0.387512
0.404278
0.425069
0.460896
0.445949
0.416604
0.427654
0.396311
0.386634
0.398694
0.424896
0.407887
0.446748
0.428431
0.40712
0.452066
0.436019
0.373577
0.412657
0.417612
0.390706
0.440411
0.453479
0.435907
0.405473
0.370074
0.408746
0.377202
0.426383
0.4239
0.42505
0.360667
0.372815
0.392976
0.364195
0.411144
0.397029
0.410756
0.402168
0.443396
0.434363
0.372559
0.366368
0.364893
0.381251
0.442143
0.431795
0.41986
0.430885
0.380995
0.418934
0.419577
0.430101
0.413401
0.365069
0.423196
0.453281
0.371961
0.413895
0.443337
0.430093
0.407658
0.393003
0.365889
0.353046
0.368846
0.36421
0.386716
0.392476
0.354791
0.375821
0.394401
0.364495
0.364549
0.369927
0.39781
0.407417
0.396354
0.39775
0.3684
0.370539
0.346054
0.360166
0.377479
0.35782
0.360553
0.384113
0.398738
0.408491
0.398885
0.397065
0.365073
0.355457
0.398976
0.456465
0.416885
0.402769
0.383997
0.392692
0.438276
0.450038
0.457646
0.477623
0.509909
0.368615
0.402752
0.382286
0.439547
0.452521
0.480076
0.39882
0.375927
0.368896
0.391286
0.38407
0.373382
0.416473
0.37381
0.426146
0.415576
0.424429
0.433749
0.468922
0.47569
0.46832
0.41254
0.421819
0.396746
0.400968
0.403078
0.39272
0.405419
0.398545
0.377613
0.356178
0.35566
0.34257
0.352301
0.356695
0.364552
0.381018
0.36768
0.357821
0.379923
0.373231
0.394783
0.374107
0.374416
0.395678
0.426234
0.445121
0.483332
0.409348
0.41169
0.417027
0.415327
0.418763
0.383132
0.354449
0.375718
0.385017
0.374273
0.393811
0.38523
0.376869
0.34615
0.352766
0.373884
0.402321
0.359163
0.376242
0.383376
0.380624
0.440883
0.427595
0.386686
0.374982
0.437207
0.45146
0.507524
0.482839
0.493927
0.468191
0.383665
0.398574
0.400441
0.368288
0.377737
0.422111
0.371296
0.350158
0.347878
0.350898
0.402948
0.41967
0.375023
0.357308
0.398516
0.403391
0.372752
0.351594
0.347518
0.347296
0.368837
0.371426
0.371096
0.394764
0.395832
0.368699
0.400593
0.374025
0.396047
0.356155
0.356458
0.363825
0.374777
0.370911
0.36817
0.366474
0.385581
0.377078
0.376142
0.344925
0.371447
0.373544
0.374165
0.354363
0.384105
0.352188
0.34488
0.345237
0.386708
0.386723
0.37537
0.386018
0.380475
0.395265
0.399133
0.365085
0.377549
0.347364
0.366946
0.367424
0.383386
0.360302
0.375596
0.366747
0.355427
0.376247
0.429169
0.407708
0.405194
0.511551
0.423157
0.42379
0.401005
0.393568
0.400811
0.410082
0.352255
0.355334
0.350847
0.347554
0.350496
0.411333
0.398594
0.398789
0.381335
0.3895
0.361316
0.392143
0.405859
0.377035
0.39517
0.372602
0.387125
0.400648
0.396471
0.405559
0.402878
0.407224
0.390514
0.355831
0.356141
0.366148
0.362609
0.3716
0.38237
0.364825
0.357579
0.35249
0.359433
0.374523
0.389243
0.385674
0.373262
0.372708
0.373316
0.379089
0.391559
0.364693
0.424732
0.455255
0.418979
0.448971
0.434868
0.3812
0.389895
0.450832
0.40646
0.416638
0.409224
0.41376
0.366854
0.361343
0.403043
0.427278
0.464235
0.439596
0.485833
0.473815
0.429375
0.440669
0.429737
0.384878
0.41213
0.42911
0.419583
0.397689
0.394361
0.390909
0.407289
0.422479
0.463674
0.48144
0.451914
0.43276
0.466546
0.439025
0.384609
0.362979
0.403393
0.361037
0.3718
0.350697
0.345518
0.371241
0.382424
0.373951
0.365257
0.367519
0.375572
0.387405
0.389911
0.400686
0.350079
0.355926
0.371291
0.363343
0.35048
0.403039
0.412815
0.408843
0.373809
0.368058
0.384078
0.360034
0.363956
0.376518
0.363179
0.38479
0.390884
0.390315
0.402173
0.357254
0.392168
0.372838
0.417114
0.414232
0.38875
0.408354
0.438556
0.408059
0.398235
0.440099
0.461267
0.544849
0.466679
0.439989
0.361214
0.363538
0.354741
0.371444
0.369431
0.403132
0.409481
0.40918
0.425115
0.401843
0.406131
0.395831
0.399002
0.436793
0.424476
0.397781
0.409282
0.381952
0.42008
0.431284
0.436432
0.427731
0.48105
0.465133
0.374201
0.359388
0.350001
0.35854
0.361429
0.384215
0.369674
0.387501
0.465356
0.49823
0.394797
0.407718
0.36786
0.376903
0.357238
0.377385
0.349105
0.36866
0.361821
0.399952
0.436554
0.424629
0.406671
0.392578
0.43628
0.415397
0.372311
0.394044
0.467855
0.433423
0.454674
0.481547
0.459316
0.38417
0.425955
0.428471
0.448613
0.36253
0.37984
0.416569
0.468442
0.401604
0.431905
0.417986
0.390458
0.381852
0.429602
0.399618
0.428325
0.375291
0.391024
0.406565
0.392752
0.386593
0.381935
0.382003
0.391221
0.391234
0.389478
0.369499
0.352374
0.393742
0.35483
0.374651
0.356603
0.373211
0.387247
0.404538
0.403158
0.409601
0.398703
0.370614
0.371492
0.350021
0.342807
0.371788
0.39159
0.384238
0.423408
0.406865
0.405815
0.408538
0.433636
0.392034
0.435094
0.508354
0.544082
0.40848
0.393113
0.400741
0.363049
0.351209
0.385402
0.391687
0.395598
0.372429
0.361763
0.381002
0.350759
0.389051
0.447634
0.443705
0.399944
0.391635
0.400262
0.398985
0.3937
0.374269
0.397246
0.394934
0.387072
0.39892
0.406451
0.439291
0.428892
0.448131
0.431676
0.435994
0.380387
0.364282
0.402323
0.42088
0.397696
0.450968
0.402007
0.392487
0.43985
0.44309
0.468276
0.514505
0.483424
0.543352
0.555246
0.441973
0.414305
0.437486
0.38089
0.434727
0.434763
0.39819
0.379236
0.403686
0.399724
0.396714
0.428318
0.400302
0.414282
0.414761
0.422432
0.439069
0.40482
0.363498
0.34646
0.367539
0.381876
0.396234
0.355711
0.407033
0.490297
0.419314
0.416179
0.474119
0.403413
0.384626
0.425826
0.389652
0.389895
0.412889
0.4252
0.43092
0.462316
0.443639
0.381982
0.385428
0.413713
0.416068
0.415118
0.433599
0.436452
0.462635
0.437933
0.455134
0.523801
0.549597
0.441589
0.405882
0.425189
0.433586
0.405186
0.418528
0.424815
0.373858
0.353566
0.374654
0.37412
0.394336
0.422955
0.379552
0.363116
0.380176
0.460014
0.444477
0.378904
0.405538
0.47097
0.493162
0.506669
0.498326
0.477238
0.449597
0.440629
0.405895
0.3735
0.374913
0.390479
0.359057
0.386887
0.400361
0.359314
0.364717
0.382152
0.361328
0.38895
0.397909
0.432927
0.428274
0.475334
0.444525
0.413817
0.446151
0.406895
0.433405
0.444456
0.448025
0.449822
0.457352
0.403916
0.411867
0.390381
0.359932
0.374845
0.369603
0.386855
0.382872
0.411112
0.386697
0.373802
0.374615
0.390178
0.458611
0.453712
0.461552
0.450792
0.384559
0.359534
0.399095
0.390031
0.398818
0.374554
0.351461
0.382919
0.363058
0.357328
0.352833
0.349257
0.371483
0.369955
0.414876
0.397532
0.392207
0.396241
0.412513
0.422469
0.461105
0.455498
0.457159
0.445253
0.443659
0.477168
0.481665
0.41164
0.449379
0.509687
0.419176
0.40793
0.421285
0.422014
0.422943
0.398409
0.380824
0.373945
0.397644
0.394985
0.413389
0.392142
0.401767
0.407405
0.350408
0.345251
0.37282
0.343953
0.344618
0.346314
0.341865
0.370828
0.376305
0.376274
0.372041
0.34402
0.347008
0.344082
0.355222
0.361141
0.397813
0.414944
0.416562
0.374633
0.370537
0.380825
0.44146
0.494512
0.410296
0.432942
0.407278
0.351042
0.375296
0.386765
0.407249
0.381597
0.363648
0.345803
0.366381
0.352922
0.405142
0.395856
0.409202
0.39648
0.394467
0.390791
0.422157
0.413869
0.42411
0.435692
0.451381
0.437128
0.384831
0.359903
0.36412
0.394885
0.440925
0.450333
0.454502
0.428198
0.48261
0.488212
0.506496
0.426919
0.411611
0.419932
0.430503
0.426372
0.396471
0.374549
0.43222
0.444044
0.422063
0.380822
0.392654
0.403944
0.383416
0.401289
0.412583
0.420217
0.451109
0.442462
0.442295
0.434763
0.466972
0.459233
0.424849
0.430438
0.427823
0.426916
0.451042
0.425727
0.390288
0.409123
0.442925
0.569788
0.502529
0.419248
0.441901
0.463821
0.448918
0.443902
0.440129
0.443012
0.425785
0.484869
0.474904
0.415884
0.457334
0.398993
0.438511
0.461619
0.365334
0.3661
0.424118
0.477285
0.449946
0.418539
0.40848
0.425619
0.43818
0.454302
0.507622
0.545816
0.502672
0.481461
0.477663
0.463138
0.420753
0.40847
0.476511
0.464091
0.443742
0.446123
0.440257
0.442439
0.453021
0.479071
0.475576
0.49065
0.44481
0.47845
0.378226
0.387602
0.448621
0.419496
0.42841
0.43037
0.429817
0.378678
0.477135
0.510245
0.52968
0.390973
0.397779
0.407057
0.418161
0.427375
0.415137
0.40627
0.383232
0.352058
0.380452
0.39023
0.408448
0.361905
0.368125
0.420186
0.443719
0.423693
0.374967
0.383676
0.43151
0.383626
0.396579
0.345987
0.356101
0.367975
0.392856
0.431457
0.463203
0.564682
0.542275
0.505335
0.489684
0.487296
0.493262
0.527859
0.438114
0.422326
0.441209
0.469235
0.465341
0.488032
0.490411
0.469882
0.498257
0.52176
0.456482
0.495166
0.461012
0.453316
0.454608
0.394337
0.389647
0.390211
0.384293
0.420437
0.42589
0.424161
0.456494
0.455715
0.47194
0.427105
0.434269
0.459825
0.465616
0.47207
0.429099
0.398458
0.475276
0.455108
0.56041
0.386003
0.372236
0.354559
0.350105
0.35649
0.375813
0.380068
0.436946
0.4257
0.433517
0.427516
0.501139
0.514757
0.447121
0.50862
0.484379
0.46616
0.448007
0.472678
0.433581
0.479479
0.50572
0.480195
0.500519
0.49265
0.521357
0.479081
0.39834
0.394733
0.419195
0.394777
0.394187
0.412058
0.420042
0.380422
0.407129
0.364235
0.370127
0.371902
0.362505
0.378016
0.441364
0.3959
0.400761
0.42807
0.436388
0.422255
0.411235
0.390982
0.388802
0.423721
0.429164
0.397866
0.390261
0.372204
0.364305
0.363536
0.362162
0.357297
0.362016
0.360693
0.372406
0.386315
0.40351
0.382911
0.393799
0.394747
0.381277
0.379088
0.404938
0.395454
0.385201
0.361491
0.390775
0.396236
0.411138
0.409504
0.387546
0.384075
0.36991
0.376999
0.415054
0.427487
0.464171
0.36228
0.400887
0.414896
0.388001
0.385271
0.390524
0.394318
0.396169
