0.4727
0.591395
0.54327
0.592139
0.573217
0.585603
0.502489
0.488602
0.441349
0.479694
0.540391
0.505381
0.464929
0.492922
0.46169
0.428249
0.506309
0.492869
0.443904
0.520373
0.487276
0.519977
0.462423
0.452892
0.465465
0.430871
0.43422
0.495648
0.481399
0.507442
0.476229
0.503823
0.511835
0.493262
0.498326
0.481484
0.46747
0.473003
0.44682
0.461419
0.505893
0.485395
0.491001
0.465132
0.47404
0.456352
0.483337
0.466543
0.486696
0.481484
0.495253
0.486597
0.445571
0.46447
0.468974
0.475395
0.48016
0.476818
0.464042
0.48581
0.4686
0.478891
0.455994
0.455047
0.437897
0.440479
0.429261
0.455181
0.488688
0.47348
0.475825
0.467415
0.445778
0.432855
0.482006
0.423647
0.468316
0.465763
0.445764
0.408997
0.452699
0.48783
0.461394
0.471901
0.440913
0.440095
0.436695
0.464409
0.430137
0.482907
0.414498
0.423667
0.380482
0.372204
0.41601
0.385712
0.417577
0.414253
0.420722
0.444669
0.498478
0.45086
0.495129
0.442872
0.413046
0.393396
0.406483
0.413842
0.400757
0.415521
0.415369
0.412858
0.396892
0.376747
0.398045
0.395473
0.403655
0.420747
0.392844
0.391803
0.415711
0.405272
0.417491
0.389705
0.370034
0.384115
0.383505
0.421555
0.403462
0.373806
0.372985
0.355525
0.371491
0.37907
0.367929
0.354367
0.344852
0.350546
0.348966
0.356516
0.359706
0.372358
0.373652
0.390105
0.381614
0.382539
0.388838
0.392537
0.367676
0.35575
0.354971
0.357048
0.346633
0.363928
0.372596
0.367858
0.358564
0.369757
0.380645
0.374808
0.405355
0.399509
0.367068
0.381743
0.394533
0.397528
0.375569
0.373102
0.387807
0.399948
0.394333
0.388657
0.388871
0.417845
0.392975
0.396206
0.383784
0.436433
0.403362
0.421959
0.386445
0.370279
0.374647
0.369773
0.351039
0.350553
0.362081
0.37227
0.375428
0.384318
0.384838
0.383143
0.366093
0.347409
0.350423
0.34424
0.351611
0.354113
0.346909
0.341591
0.345811
0.351088
0.363131
0.380805
0.381978
0.398283
0.42011
0.461343
0.480489
0.453374
0.392048
0.411911
0.448492
0.434767
0.425871
0.381553
0.431119
0.387667
0.416543
0.413625
0.422207
0.437845
0.401474
0.40193
0.376915
0.390844
0.420668
0.412083
0.403019
0.418573
0.410713
0.419792
0.433308
0.401626
0.420587
0.424648
0.405445
0.423861
0.425489
0.449682
0.441655
0.454186
0.442294
0.409596
0.407701
0.478073
0.455083
0.471664
0.506793
0.442218
0.504964
0.503861
0.437604
0.411829
0.394918
0.378324
0.387514
0.461063
0.428059
0.460363
0.450805
0.409489
0.412051
0.383745
0.377897
0.369786
0.410139
0.420372
0.421178
0.413619
0.39123
0.416757
0.415716
0.415672
0.396568
0.378055
0.377776
0.382578
0.376199
0.407151
0.383351
0.385005
0.383565
0.397663
0.393418
0.379243
0.424205
0.434595
0.378087
0.402894
0.407049
0.409708
0.392494
0.410591
0.401402
0.40714
0.41292
0.433191
0.434645
0.415021
0.426942
0.410649
0.408376
0.40084
0.399585
0.386944
0.376733
0.363708
0.369079
0.358046
0.357394
0.342154
0.342171
0.339217
0.340035
0.333667
0.339529
0.343119
0.34634
0.354308
0.374714
0.368335
0.355333
0.342865
0.341612
0.339749
0.349731
0.344558
0.356324
0.359625
0.372684
0.357172
0.355957
0.372364
0.414577
0.420038
0.508593
0.472331
0.455448
0.462853
0.476672
0.454254
0.476601
0.468112
0.485165
0.438163
0.457015
0.412722
0.404346
0.45187
0.403387
0.406649
0.437371
0.398649
0.41862
0.414214
0.424669
0.43225
0.426711
0.407568
0.411514
0.411365
0.377789
0.372226
0.362531
0.362226
0.386251
0.372694
0.372002
0.395512
0.364588
0.389237
0.394091
0.406555
0.391112
0.391845
0.401656
0.399865
0.445762
0.438854
0.428628
0.4009
0.403675
0.468038
0.465144
0.410934
0.438018
0.515454
0.48226
0.45137
0.424358
0.456964
0.43387
0.429764
0.417213
0.418365
0.419557
0.399544
0.404033
0.429503
0.456757
0.425928
0.422102
0.423297
0.416871
0.37169
0.39108
0.362398
0.365904
0.382542
0.401078
0.401914
0.393363
0.393662
0.414525
0.410683
0.386445
0.398349
0.418763
0.435728
0.448362
0.410598
0.415843
0.427638
0.405393
0.378617
0.407624
0.432415
0.447934
0.451696
0.478791
0.422476
0.468826
0.483155
0.43228
0.376829
0.379659
0.412499
0.40134
0.399478
0.421882
0.401036
0.424175
0.45159
0.442341
0.446058
0.504952
0.471819
0.42974
0.45707
0.401429
0.399531
0.356416
0.351941
0.377538
0.402483
0.394443
0.46442
0.417203
0.382878
0.383235
0.402783
0.385784
0.398588
0.423867
0.433564
0.450797
0.405177
0.375766
0.365206
0.384564
0.447639
0.447898
0.411784
0.43618
0.462279
0.438601
0.468606
0.483216
0.456363
0.391691
0.465176
0.442005
0.426651
0.439413
0.414765
0.454047
0.387939
0.40672
0.402201
0.402412
0.396399
0.375285
0.358829
0.354088
0.371294
0.395578
0.400739
0.397436
0.414021
0.431936
0.391065
0.398624
0.38452
0.354918
0.354332
0.400011
0.427268
0.456829
0.451673
0.403902
0.391485
0.436523
0.40401
0.442945
0.437137
0.455834
0.454496
0.407153
0.403311
0.396685
0.367848
0.355436
0.364447
0.354105
0.350003
0.353073
0.36536
0.367703
0.395691
0.402587
0.412667
0.397944
0.390378
0.381924
0.357458
0.355061
0.35497
0.368511
0.383458
0.371785
0.405887
0.436321
0.40141
0.422463
0.426635
0.394288
0.373161
0.380266
0.417982
0.431179
0.436732
0.412789
0.394661
0.375719
0.382344
0.402653
0.391683
0.414568
0.418924
0.438466
0.439078
0.440365
0.469473
0.41861
0.389256
0.461929
0.423773
0.470248
0.434728
0.398004
0.378398
0.362545
0.354846
0.348339
0.35256
0.345641
0.385744
0.375673
0.394144
0.383493
0.358174
0.358161
0.353026
0.349618
0.356321
0.356903
0.38808
0.40963
0.461663
0.476447
0.42485
0.41176
0.440511
0.410903
0.427292
0.401112
0.408708
0.423982
0.448893
0.452622
0.474149
0.438356
0.421325
0.422212
0.442382
0.396381
0.417802
0.429455
0.450803
0.43626
0.424829
0.401618
0.386929
0.36269
0.357963
0.390098
0.420636
0.435226
0.44033
0.418897
0.394631
0.379346
0.389781
0.404608
0.462916
0.450337
0.444761
0.423595
0.431371
0.435238
0.413802
0.438609
0.440513
0.415648
0.383354
0.374143
0.358335
0.363312
0.361542
0.367113
0.389833
0.415341
0.418986
0.452864
0.433936
0.429523
0.506418
0.478755
0.430813
0.415122
0.372029
0.352591
0.364791
0.389504
0.386563
0.359602
0.371272
0.384739
0.474361
0.456319
0.438311
0.490181
0.418064
0.420847
0.455364
0.452612
0.450071
0.42789
0.399147
0.406204
0.392214
0.413311
0.432845
0.405444
0.386599
0.419247
0.411036
0.381012
0.373264
0.376772
0.379345
0.36316
0.360159
0.352627
0.345637
0.350242
0.352994
0.350698
0.366109
0.358639
0.379293
0.373617
0.372301
0.35916
0.354147
0.352335
0.361803
0.379835
0.372087
0.381547
0.403789
0.391019
0.376641
0.382302
0.38603
0.394926
0.4047
0.396001
0.377186
0.368338
0.352806
0.355843
0.343558
0.344069
0.377527
0.364655
0.37426
0.392464
0.383183
0.419752
0.387783
0.388748
0.394225
0.382247
0.366047
0.368319
0.354818
0.354165
0.363318
0.361111
0.36493
0.364637
0.366698
0.355863
0.357464
0.36268
0.379428
0.399264
0.391872
0.392311
0.38878
0.400384
0.412922
0.400477
0.404802
0.422566
0.401144
0.410433
0.398587
0.416435
0.380243
0.395204
0.409735
0.394002
0.397662
0.38769
0.389894
0.381509
0.378256
0.369079
0.363717
0.361654
0.360847
0.373928
0.365189
0.376894
0.374601
0.356997
0.337814
0.341168
0.344518
0.350916
0.367865
0.369022
0.34869
0.36237
0.349729
0.355277
0.374998
0.381609
0.39425
0.390423
0.393892
0.352929
0.348386
0.337307
0.339948
0.340892
0.344097
0.376867
0.375245
0.391725
0.385002
0.411632
0.380073
0.362078
0.367216
0.394427
0.396235
0.40913
0.414437
0.396224
0.437275
0.401215
0.393868
0.411407
0.401052
0.367247
0.381877
0.435962
0.40206
0.399725
0.409341
0.424951
0.377023
0.36725
0.364435
0.372098
0.367472
0.35778
0.352144
0.3403
0.367557
0.358508
0.359237
0.357922
0.37739
0.393707
0.40401
0.432763
0.450551
0.408767
0.483667
0.465055
0.475941
0.51402
0.417895
0.384181
0.381737
0.389803
0.389871
0.409821
0.401777
0.398482
0.416487
0.401209
0.375865
0.373325
0.371684
0.392987
0.409694
0.406036
0.375776
0.37899
0.400552
0.411231
0.41236
0.447162
0.484168
0.433815
0.495636
0.461413
0.436751
0.429581
0.445383
0.45481
0.469787
0.465602
0.45201
0.43632
0.476321
0.488417
0.467413
0.510397
0.489148
0.511812
0.553189
0.487752
0.508221
0.373716
0.363672
0.363359
0.369905
0.372708
0.393666
0.387492
0.396333
0.406976
0.434198
0.399995
0.376855
0.369911
0.372753
0.386272
0.395077
0.441422
0.438088
0.473078
0.479054
0.476559
0.445491
0.440624
0.413951
0.500146
0.516601
0.463469
0.493965
0.45041
0.426033
0.411528
0.413897
0.398063
0.368786
0.384655
0.371063
0.365637
0.376906
0.392427
0.366717
0.365241
0.365399
0.362012
0.379491
0.382155
0.420501
0.382136
0.376975
0.3949
0.381991
0.382522
0.38082
0.403959
0.37397
0.375877
0.36774
0.363699
0.370538
0.386205
0.395865
0.406998
0.432569
0.43348
0.409192
0.391236
0.387796
0.363009
0.359467
0.367418
0.389196
0.418944
0.426578
0.449089
0.450383
0.432296
0.405265
0.404496
0.419972
0.410998
0.394004
0.446703
0.44954
0.417801
0.428556
0.418223
0.441051
0.445694
0.430584
0.451608
0.4627
0.4546
0.454575
0.498538
0.487074
0.4998
0.532263
0.436761
0.428558
0.486377
0.509163
0.459075
0.443402
0.441288
0.419768
0.413627
0.427543
0.393821
0.408486
0.42547
0.404351
0.458344
0.421961
0.393985
0.406577
0.383957
0.385405
0.402837
0.404846
0.404305
0.39286
0.390108
0.407316
0.408227
0.396011
0.398302
0.410674
0.420007
0.387494
0.386302
0.38157
0.3933
0.407177
0.391314
0.371913
0.385712
0.413847
0.432792
0.448866
0.424093
0.414613
0.38291
0.370649
0.367934
0.438587
0.354677
0.357267
0.362297
0.35848
0.363826
0.359983
0.351641
0.349682
0.346239
0.349956
0.360143
0.361011
0.356152
0.342286
0.341225
0.339407
0.343172
0.351827
0.338041
0.347897
0.351333
0.360153
0.359953
0.36831
0.352506
0.348245
0.355566
0.372435
0.358968
0.345936
0.344623
0.346005
0.354398
0.35284
0.364192
0.370967
0.385245
0.370769
0.387063
0.396611
0.373883
0.392101
0.393574
0.365898
0.354509
0.347699
0.343491
0.352617
0.355169
0.359317
0.367507
0.364174
0.380262
0.379522
0.39674
0.374336
0.397843
0.369521
0.355121
0.368377
0.373437
0.395046
0.380749
0.395733
0.404595
0.397472
0.38242
0.353289
0.38284
0.378506
0.370807
0.368838
0.370732
0.359652
0.385328
0.401812
0.405828
0.404893
0.392096
0.370039
0.395554
0.402875
0.437052
0.452845
0.431585
0.426854
0.449329
0.408456
0.457267
0.474061
0.495406
0.491781
0.441428
0.496141
0.485907
0.453209
0.429122
0.384415
0.39243
0.388952
0.388228
0.388111
0.416763
0.443882
0.436842
0.444007
0.409595
0.409151
0.398247
0.402778
0.395277
0.428503
0.427778
0.419921
0.422211
0.424719
0.406986
0.423527
0.420411
0.385784
0.3995
0.394003
0.381277
0.353824
0.351629
0.347446
0.359079
0.362549
0.351332
0.368619
0.356037
0.366414
0.392991
0.395391
0.391941
0.408013
0.391256
0.37041
0.36015
0.376809
0.384756
0.373597
0.369559
0.372664
0.392044
0.405888
0.398509
0.389559
0.386462
0.372703
0.382742
0.386906
0.39659
0.404141
0.384295
0.384082
0.366017
0.348276
0.35093
0.341594
0.350412
0.348984
0.338276
0.351529
0.34714
0.345206
0.358543
0.365626
0.371195
0.359711
0.361904
0.386211
0.407352
0.411719
0.39311
0.395968
0.39856
0.393179
0.364417
0.353614
0.358894
0.355414
0.349792
0.355376
0.358345
0.382913
0.418217
0.372693
0.375553
0.381562
0.411206
0.379133
0.370344
0.3802
0.383966
0.385267
0.381983
0.420857
0.441827
0.482558
0.446299
0.41363
0.427413
0.437878
0.433591
0.412686
0.423492
0.390462
0.394283
0.372696
0.382153
0.369981
0.366888
0.371497
0.365172
0.384627
0.396704
0.409477
0.46255
0.457023
0.449328
0.488604
0.457606
0.443023
0.431921
0.434889
0.416011
0.561941
0.546127
0.519878
0.489786
0.480785
0.542375
0.482172
0.457567
0.432062
0.463114
0.506913
0.491032
0.521643
0.507816
0.535409
0.475624
0.467672
0.421548
0.395491
0.393723
0.368815
0.37333
0.395884
0.394597
0.390636
0.393801
0.39009
0.409382
0.409983
0.403835
0.410336
0.400659
0.382695
0.368883
0.358369
0.367904
0.366898
0.381135
0.373337
0.378938
0.388151
0.375239
0.372798
0.400279
0.417256
0.421182
0.440618
0.427324
0.390394
0.393777
0.354416
0.356403
0.353564
0.341588
0.345766
0.350565
0.357845
0.355445
0.351205
0.345282
0.348675
0.34873
0.344506
0.345407
0.343336
0.346307
0.35841
0.366411
0.37525
0.41085
0.42578
0.416875
0.39722
0.42086
0.429574
0.430666
0.409687
0.397664
0.407551
0.375224
0.357193
0.356972
0.357672
0.360704
0.353275
0.346777
0.364255
0.361708
0.38117
0.393081
0.384621
0.412768
0.414805
0.393701
0.410086
0.414744
0.407051
0.395679
0.388006
0.404635
0.433873
0.397452
0.3623
0.358239
0.342279
0.346779
0.346493
0.352768
0.355982
0.356563
0.353835
0.347906
0.347647
0.341433
0.342916
0.351293
0.338969
0.349313
0.346094
0.362183
0.378715
0.365771
0.378192
0.359111
0.35324
0.353418
0.362902
0.402523
0.375362
0.366763
0.36541
0.379206
0.373873
0.370666
0.374686
0.393783
0.401195
0.402494
0.413698
0.42152
0.387751
0.398742
0.376277
0.365235
0.355981
0.370643
0.361689
0.387686
0.391133
0.422044
0.409479
0.398993
0.378286
0.383187
0.37334
0.369778
0.370316
0.389203
0.397077
0.391197
0.408293
0.384502
0.376576
0.359314
0.354053
0.351223
0.350342
0.358698
0.341993
0.345221
0.361313
0.37449
0.374414
0.374046
0.362223
0.353352
0.353814
0.358233
0.357378
0.385157
0.397799
0.38086
0.387163
0.363991
0.363912
0.369284
0.367332
0.384676
0.374244
0.361988
0.350017
0.362764
0.372923
0.369516
0.36391
0.36038
0.36845
0.396044
0.401554
0.38146
0.393916
0.395177
0.393866
0.357939
0.35399
0.378527
0.402027
0.36908
0.364203
0.364257
0.357135
0.344057
0.341476
0.342334
0.342576
0.343852
0.360646
0.386048
0.382361
0.380569
0.363889
0.364917
0.379133
0.38153
0.369041
0.388403
0.381604
0.377827
0.361766
0.357999
0.351397
0.35352
0.348769
0.360872
0.375063
0.386364
0.407944
0.379146
0.36448
0.353044
0.351215
0.338035
0.366388
0.345602
0.344083
0.344605
0.34879
0.344326
0.345034
0.344291
0.336048
0.347831
0.352274
0.354818
0.359244
0.377643
0.413937
0.418038
0.412775
0.39641
0.384362
0.370021
0.365364
0.36735
0.38508
0.379106
0.370893
0.376197
0.387718
0.40286
0.388097
0.375198
0.384476
0.409463
0.373625
0.376917
0.356048
0.386436
0.355718
0.403825
0.40922
0.411448
0.393314
0.427575
0.409959
0.386716
0.382517
0.371067
0.371346
0.357107
0.362782
0.352898
0.357982
0.377347
0.399632
0.386654
0.366328
0.351389
0.34364
0.342487
0.339007
0.355578
0.375611
0.363459
0.352797
0.389301
0.403091
0.369505
0.35189
0.349782
0.354275
0.35875
0.380563
0.40545
0.38221
0.408051
0.366831
0.344325
0.354137
0.352807
0.366725
0.392356
0.389453
0.364258
0.361057
0.361381
0.358921
0.369005
0.365431
0.379996
0.360929
0.350998
0.350467
0.357232
0.356917
0.358971
0.370552
0.382381
0.386916
0.386882
0.424403
0.433566
0.430895
0.435269
0.430632
0.4033
0.417668
0.414652
0.394713
0.387878
0.422669
0.380827
0.395366
0.434051
0.513896
0.528998
0.558513
0.494582
0.458424
0.446505
0.448448
0.421354
0.398869
0.399346
0.42754
0.419157
0.451989
0.413192
0.409479
0.396834
0.382156
0.394805
0.405695
0.423518
0.454445
0.407347
0.377008
0.358932
0.352441
0.373173
0.399463
0.434677
0.422847
0.389116
0.394096
0.415418
0.439461
0.417465
0.363079
0.357241
0.349075
0.349019
0.348862
0.351673
0.357191
0.355186
0.355256
0.352816
0.358385
0.350358
0.351246
0.351358
0.348274
0.345696
0.356828
0.343904
0.3445
0.346273
0.344952
0.351178
0.344689
0.35253
0.356233
0.385792
0.436732
0.43355
0.409163
0.391167
0.402978
0.390916
0.411277
0.384507
0.390785
0.402851
0.377837
0.403134
0.411011
0.414871
0.376687
0.371602
0.371451
0.394775
0.374024
0.373274
0.380423
0.407566
0.404397
0.374587
0.360268
0.363017
0.352191
0.370946
0.366015
0.355388
0.346597
0.362386
0.381922
0.38361
0.388167
0.414551
0.3962
0.401076
0.417572
0.406133
0.411542
0.379922
0.381515
0.38433
0.372305
0.372512
0.380407
0.379101
0.409624
0.406225
0.396954
0.376495
0.359674
0.372036
0.372653
0.373786
0.387381
0.392511
0.392949
0.390657
0.383836
0.405082
0.403175
0.423825
0.37783
0.38298
0.395596
0.388516
0.408539
0.40669
0.406071
0.408022
0.405561
0.407133
0.397272
0.383872
0.41186
0.420643
0.404018
0.398053
0.388234
0.414798
0.397617
0.420428
0.408384
0.405135
0.37423
0.391088
0.390054
0.364943
0.371829
0.35563
0.349825
0.340036
0.346109
0.34704
0.359893
0.369766
0.360787
0.368929
0.372416
0.356771
0.360543
0.372332
0.372334
0.380124
0.348962
0.346453
0.366451
0.382203
0.362531
0.369687
0.3744
0.390159
0.380479
0.393882
0.379494
0.366284
0.370214
0.378714
0.368204
0.347972
0.358069
0.353812
0.347832
0.358572
0.366606
0.35968
0.372575
0.356432
0.346056
0.341946
0.343354
0.343966
0.348487
0.366649
0.384979
0.361111
0.378162
0.381485
0.380613
0.37
0.368945
0.373286
0.383241
0.402011
0.406356
0.395586
0.379687
0.377004
0.388433
0.390816
0.373591
0.408052
0.371382
0.353501
0.358335
0.377583
0.395719
0.369107
0.360966
0.353708
0.347434
0.361242
0.387853
0.395698
0.375002
0.370267
0.397594
0.393427
0.367966
0.370928
0.413848
0.40292
0.384768
0.378209
0.371202
0.365125
0.359798
0.358465
0.373948
0.388213
0.414339
0.44288
0.439758
0.454771
0.477331
0.44554
0.459588
0.453229
0.432182
0.398505
0.413191
0.42446
0.425054
0.450735
0.45256
0.496765
0.424878
0.416907
0.4223
0.474938
0.446185
0.427094
0.397323
0.388281
0.377165
0.36265
0.3801
0.406499
0.404851
0.387534
0.392783
0.369182
0.390731
0.439955
0.457413
0.492599
0.444281
0.452569
0.434962
0.394541
0.376078
0.391235
0.412011
0.448664
0.434949
0.39435
0.384666
0.386455
0.412715
0.43235
0.417929
0.398801
0.400544
0.417987
0.448394
0.407164
0.377121
0.352621
0.362718
0.363899
0.380732
0.374019
0.356757
0.355774
0.361082
0.366773
0.368091
0.387716
0.378728
0.418887
0.450934
0.446869
0.409025
0.438997
0.464289
0.385884
0.46403
0.445366
0.488036
0.460792
0.452047
0.436427
0.436215
0.422157
0.463693
0.459092
0.503209
0.50255
0.460567
0.491812
0.462665
0.503468
0.48302
0.473275
0.448803
0.433887
0.430026
0.457625
0.40031
0.425067
0.451926
0.460964
0.4269
0.430864
0.428382
0.421031
0.419642
0.433261
0.446783
0.435504
0.403247
0.371181
0.3699
0.374293
0.407363
0.428076
0.419595
0.405403
0.39663
0.399373
0.43136
0.415266
0.431096
0.44124
0.436369
0.417986
0.430576
0.405418
0.418601
0.419007
0.39764
0.371388
0.387992
0.414869
0.3921
0.399302
0.425368
0.38742
0.370066
0.369393
0.372317
0.403121
0.41405
0.394732
0.398391
0.429338
0.395463
0.417154
0.400227
0.410609
0.393241
0.436316
0.437191
0.476905
0.457445
0.508505
0.457296
0.411085
0.486544
0.528629
0.484117
0.437491
0.471487
0.437207
0.462734
0.47468
0.479042
0.409074
0.395162
0.450949
0.413267
0.44005
0.467918
0.441941
0.495134
0.468381
0.442139
0.49312
0.491779
0.475907
0.399895
0.384025
0.416352
0.388453
0.402451
0.391817
0.366151
0.355276
0.356378
0.369636
0.353834
0.370918
0.37484
0.379084
0.414392
0.422987
0.414451
0.390009
0.357949
0.362031
0.352685
0.352796
0.375228
0.387667
0.380489
0.374917
0.371232
0.348714
0.35133
0.372429
0.384967
0.362334
0.347931
0.3377
0.346046
0.350221
0.344424
0.338101
0.345558
0.351761
0.350126
0.366955
0.361208
0.38399
0.383523
0.373795
0.359957
0.366601
0.396146
0.417352
0.369973
0.364503
0.378053
0.383075
0.367022
0.363736
0.358455
0.367612
0.366215
0.367537
0.383151
0.374603
0.365691
0.351871
0.36626
0.379652
0.3809
0.378215
0.378834
0.375675
0.386752
0.393689
0.389614
0.386601
0.386677
0.400993
0.389176
0.382495
0.424891
0.426504
0.40566
0.377129
0.366897
0.354409
0.347146
0.357014
0.341736
0.346717
0.34546
0.35026
0.351954
0.363775
0.383156
0.356714
0.352009
0.36749
0.393326
0.392851
0.37476
0.357928
0.36761
0.345519
0.340324
0.341691
0.342157
0.351393
0.3705
0.378288
0.4027
0.402819
0.399023
0.432314
0.414428
0.423756
0.416608
0.40248
0.409386
0.402493
0.417352
0.395489
0.423993
0.38091
0.358366
0.374985
0.391249
0.367917
0.35537
0.36089
0.372269
0.377379
0.37435
0.385107
0.387318
0.390212
0.386946
0.362493
0.345523
0.356713
0.375349
0.365352
0.365097
0.373376
0.352708
0.359011
0.362553
0.383654
0.391552
0.37825
0.35955
0.369693
0.361956
0.35419
0.363977
0.359421
0.380358
0.389254
0.383491
0.394187
0.380464
0.374235
0.38226
0.375505
0.396342
0.403506
0.401605
0.372301
0.385448
0.399194
0.400133
0.401376
0.407108
0.413166
0.405547
0.386561
0.361055
0.348068
0.351638
0.357937
0.371467
0.387799
0.398633
0.398068
0.392892
0.381013
0.374881
0.368075
0.370254
0.374174
0.380571
0.401274
0.417558
0.408972
0.423675
0.459063
0.425773
0.433915
0.397975
0.390991
0.374452
0.368626
0.366054
0.410903
0.419771
0.394188
0.383458
0.407329
0.410863
0.448538
0.438253
0.454885
0.429185
0.432523
0.433269
0.407978
0.427031
0.409375
0.394043
0.382301
0.410821
0.425469
0.389021
0.378985
0.392172
0.428113
0.46023
0.448019
0.455797
0.492897
0.458863
0.437827
0.453932
0.461973
0.527113
0.561416
0.560778
0.549079
0.52739
0.460116
0.399268
0.475497
0.490386
0.509704
0.480653
0.475293
0.461823
0.381857
0.381114
0.382039
0.350123
0.348859
0.348911
0.368741
0.368514
0.355164
0.356584
0.375365
0.357138
0.358281
0.357622
0.348435
0.354085
0.356857
0.368512
0.384
0.368855
0.375325
0.360942
0.363704
0.359882
0.363555
0.37242
0.389718
0.387919
0.40367
0.409512
0.407992
0.406468
0.400514
0.401072
0.410877
0.407974
0.42805
0.391883
0.447268
0.392221
0.404972
0.40752
0.419045
0.40953
0.415094
0.492899
0.392231
0.394175
0.41059
0.408671
0.387756
0.407385
0.386314
0.393258
0.401868
0.433852
0.416174
0.413051
0.386361
0.388235
0.388654
0.402081
0.408644
0.386771
0.396429
0.391394
0.41027
0.394767
0.399861
0.415572
0.492737
0.474947
0.473608
0.435512
0.405644
0.387131
0.419827
0.467891
0.409054
0.378913
0.363878
0.378616
0.411879
0.4413
0.430434
0.388693
0.375943
0.367674
0.362263
0.365052
0.379386
0.418783
0.44647
0.442063
0.435341
0.463229
0.381562
0.389837
0.432494
0.430001
0.405336
0.419701
0.408791
0.443001
0.461233
0.439068
0.442957
0.430637
0.431975
0.442043
0.39765
0.410747
0.443205
0.442364
0.433963
0.431388
0.471642
0.500383
0.507981
0.486396
0.492955
0.480568
0.497366
0.427125
0.400448
0.399383
0.377734
0.359415
0.352727
0.359441
0.362168
0.369612
0.353208
0.348815
0.368664
0.341741
0.352491
0.34532
0.342823
0.347207
0.344666
0.347287
0.364997
0.385533
0.368255
0.374703
0.351929
0.353277
0.362274
0.384578
0.376015
0.391824
0.380619
0.38788
0.376479
0.361199
0.37013
0.370302
0.372522
0.381562
0.390775
0.381688
0.399702
0.41418
0.47617
0.463129
0.470446
0.465586
0.516499
0.515374
0.496659
0.490999
0.458677
0.39539
0.374637
0.385333
0.409386
0.427448
0.440343
0.397826
0.401039
0.376733
0.403747
0.387176
0.359378
0.351212
0.357151
0.369909
0.355548
0.392397
0.392051
0.373602
0.364053
0.361498
0.349208
0.365264
0.351692
0.352415
0.383373
0.393279
0.376435
0.377117
0.350118
0.343773
0.344046
0.350818
0.359317
0.367507
0.371218
0.372018
0.36503
0.367112
0.374967
0.364018
0.361479
0.353191
0.349036
0.353002
0.376241
0.402516
0.432262
0.462491
0.465006
0.432427
0.437589
0.415712
0.402069
0.455768
0.464555
0.423634
0.391458
0.386724
0.418018
0.394176
0.41449
0.415675
0.370862
0.36503
0.38418
0.410912
0.424909
0.423769
0.451363
0.443482
0.436418
0.428059
0.404281
0.411068
0.433924
0.424742
0.390579
0.401853
0.373366
0.362275
0.357551
0.358864
0.361291
0.370863
0.401082
0.425123
0.460484
0.477892
0.446213
0.434482
0.526558
0.473244
0.41279
0.449869
0.412882
0.420333
0.423731
0.453072
0.489991
0.48219
0.429298
0.439615
0.517694
0.501796
0.482594
0.458829
0.449897
0.476392
0.480723
0.480517
0.402096
0.39332
0.390867
0.379037
0.376069
0.377762
0.380149
0.415788
0.445591
0.449424
0.457657
0.430827
0.428381
0.40745
0.426578
0.467562
0.447133
0.470421
0.441523
0.426101
0.390493
0.360324
0.350158
0.355322
0.37514
0.368952
0.354026
0.376571
0.402812
0.390089
0.394698
0.405642
0.417348
0.427695
0.432535
0.4324
0.468306
0.488601
0.48285
0.465863
0.426477
0.370986
0.38845
0.412646
0.414524
0.426444
0.409697
0.45261
0.43871
0.432375
0.410269
0.429301
0.425264
0.428176
0.386217
0.377738
0.379632
0.381553
0.386843
0.425577
0.380664
0.374178
0.373775
0.390589
0.386255
0.384642
0.435805
0.474531
0.44265
0.420466
0.355972
0.386271
0.39988
0.438604
0.461288
0.445638
0.440309
0.410405
0.431073
0.405726
0.403845
0.425658
0.435081
0.409301
0.369025
0.364049
0.357466
0.355901
0.384272
0.391307
0.398065
0.396953
0.403776
0.421916
0.391146
0.39826
0.409626
0.408027
0.389716
0.402925
0.382599
0.390152
0.382274
0.36598
0.365319
0.404663
0.415126
0.3897
0.375715
0.371408
0.390157
0.378066
0.355778
0.38157
0.38002
0.396912
0.410161
0.410108
0.390937
0.395248
0.370613
0.366904
0.3872
0.421838
0.388908
0.382157
0.378361
0.381536
0.384178
0.4048
0.396862
0.412335
0.372977
0.362023
0.353949
0.344138
0.361486
0.348771
0.345654
0.351936
0.354867
0.368505
0.398125
0.418354
0.406165
0.380326
0.369444
0.344398
0.344741
0.351196
0.35368
0.352081
0.377378
0.395271
0.383406
0.37233
0.350341
0.361273
0.357279
0.349065
0.372888
0.373274
0.383165
0.365474
0.369833
0.380522
0.366918
0.375747
0.403321
0.406722
0.415208
0.416696
0.386837
0.417756
0.385674
0.416656
0.43525
0.398839
0.387206
0.359718
0.390876
0.428999
0.437776
0.414025
0.396713
0.451544
0.407459
0.362441
0.37661
0.383606
0.361004
0.362967
0.370601
0.374044
0.370506
0.379755
0.368909
0.372493
0.370561
0.359575
0.341984
0.343062
0.34298
0.352953
0.340946
0.333703
0.348168
0.345726
0.341866
0.363089
0.359245
0.377554
0.395559
0.381924
0.399556
0.400751
0.383475
0.388239
0.407987
0.380444
0.385511
0.379209
0.373449
0.397739
0.442991
0.430391
0.41654
0.423692
0.407857
0.443395
0.38193
0.407826
0.39274
0.442908
0.419669
0.382464
0.38179
0.416213
0.424717
0.408567
0.380618
0.395548
0.426399
0.427105
0.472101
0.413912
0.435153
0.42162
0.4166
0.399536
0.371275
0.370387
0.376456
0.411296
0.447648
0.429396
0.482433
0.45926
0.439468
0.527259
0.533997
0.559656
0.534297
0.559093
0.572567
0.580762
0.485366
0.418418
0.429406
0.393272
0.399683
0.402003
0.390892
0.365521
0.400279
0.412375
0.388903
0.395825
0.394939
0.422622
0.400894
0.387017
0.374593
0.37148
0.350177
0.35008
0.344898
0.359486
0.350962
0.343813
0.352773
0.365903
0.379661
0.378702
0.389939
0.399548
0.383388
0.421042
0.395233
0.374037
0.390771
0.37956
0.405124
0.418127
0.386595
0.385913
0.370672
0.376779
0.38938
0.361064
0.355196
0.384454
0.368411
0.353078
0.345354
0.36072
0.367007
0.384327
0.40442
0.383037
0.361535
0.351493
0.354772
0.348113
0.344602
0.350832
0.355309
0.371835
0.408174
0.441008
0.433905
0.446545
0.465224
0.430596
0.458216
0.440233
0.459319
0.421963
0.455608
0.442896
0.398307
0.397292
0.397478
0.396948
0.403361
0.374315
0.398511
0.392266
0.393458
0.400243
0.437336
0.37614
0.402224
0.402471
0.394134
0.39934
0.391831
0.395347
0.392912
0.377899
0.407247
0.417045
0.415556
0.395045
0.404505
0.376908
0.381658
0.40498
0.398728
0.360392
0.348447
0.359382
0.384466
0.397473
0.389657
0.406403
0.417082
0.388586
0.401323
0.408564
0.379675
0.386902
0.388516
0.368322
0.367414
0.407969
0.401918
0.383891
0.395091
0.404812
0.412486
0.408109
0.41107
0.392838
0.412909
0.411603
0.416571
0.449828
0.441022
0.423222
0.463203
0.440128
0.401166
0.432839
0.430798
0.430419
0.432941
0.493824
0.465927
0.417135
0.435678
0.437592
0.429047
0.440427
0.422545
0.424584
0.452858
0.458277
0.446908
0.404837
0.387942
0.397256
0.383727
0.383523
0.357837
0.345807
0.350296
0.353971
0.372353
0.39899
0.40279
0.395315
0.38296
0.402249
0.439373
0.421108
0.40367
0.416853
0.429509
0.429979
0.376816
0.382896
0.40515
0.414988
0.416665
0.442501
0.456791
0.501785
0.427716
0.398141
0.376526
0.415612
0.417466
0.40863
0.381203
0.370592
0.377335
0.40248
0.421751
0.427737
0.417398
0.485307
0.455123
0.41503
0.412054
0.430985
0.479626
0.461517
0.437977
0.404079
0.469311
0.477983
0.477366
0.51886
0.512499
0.520962
0.529565
0.487943
0.502554
0.505216
0.497828
0.45882
0.475925
0.514466
0.561732
0.56618
0.528932
0.532308
0.538648
0.589698
0.587684
0.571245
0.490543
0.443939
0.468014
0.479408
0.420841
0.396238
0.436565
0.440515
0.421537
0.380702
0.392928
0.446125
0.46212
0.425945
0.417313
0.433826
0.419605
0.386195
0.362805
0.358985
0.376367
0.401216
0.437596
0.435654
0.45179
0.447174
0.44041
0.44435
0.426891
0.430269
0.425573
0.379923
0.408864
0.398762
0.405124
0.399125
0.403416
0.37632
0.35665
0.374158
0.384624
0.397123
0.423439
0.387031
0.407427
0.407542
0.396698
0.408687
0.414701
0.380832
0.388212
0.404412
0.401859
0.396678
0.388647
0.405493
0.425397
0.428857
0.440252
0.431009
0.414567
0.396117
0.40863
0.377619
0.413625
0.411204
0.402331
0.424517
0.421691
0.420291
0.37902
0.387902
0.384084
0.412994
0.392994
0.435866
0.487642
0.438321
0.429017
0.42851
0.412194
0.418236
0.436913
0.432791
0.445269
0.422502
0.413029
0.458078
0.454864
0.429521
0.412065
0.395534
0.390352
0.36344
0.366073
0.36499
0.376416
0.355789
0.355567
0.343491
0.346868
0.339427
0.34565
0.351652
0.352677
0.355991
0.378206
0.384615
0.379459
0.400823
0.382333
0.382501
0.372906
0.383154
0.385162
0.413336
0.389215
0.403487
0.364592
0.350645
0.351779
0.357148
0.358552
0.359781
0.378746
0.405293
0.431744
0.446974
0.491724
0.458085
0.490164
0.499043
0.513565
0.449641
0.39814
0.406929
0.458819
0.373022
0.430665
0.440324
0.421853
0.384164
0.41423
0.458225
0.473919
0.466475
0.528414
0.442389
0.412812
0.460972
0.395361
0.353233
0.374785
0.374859
0.373862
0.366157
0.424227
0.402656
0.390377
0.396931
0.472418
0.442278
0.426793
0.385728
0.389314
0.370717
0.395377
0.388298
0.374631
0.393983
0.398683
0.394309
0.416522
0.410064
0.430515
0.41257
0.39508
0.396323
0.427399
0.403695
0.426094
0.473487
0.486018
0.444922
0.382877
0.411672
0.431167
0.442177
0.493749
0.450792
0.458133
0.481041
0.435595
0.497876
0.423107
0.422516
0.398226
0.379483
0.368959
0.396644
0.382516
0.371228
0.370914
0.372305
0.388259
0.406739
0.43517
0.414415
0.401355
0.403403
0.405328
0.440571
0.440755
0.406825
0.43919
0.382462
0.348844
0.416153
0.429593
0.415432
0.452286
0.390282
0.431073
0.483732
0.436408
0.417527
0.415561
0.431378
0.436039
0.466076
0.426971
0.451535
0.474891
0.502819
0.462156
0.425121
0.427817
0.427192
0.449658
0.428752
0.455321
0.443726
0.434107
0.467197
0.466398
0.463809
0.481213
0.494961
0.553437
0.56685
0.52244
0.532947
0.580716
0.55367
0.559954
0.523737
0.532852
0.458633
0.415888
0.395072
0.373492
0.389405
0.430585
0.405313
0.402015
0.422128
0.435665
0.446235
0.429976
0.387786
0.43588
0.425246
0.446489
0.434745
0.422782
0.424193
0.395172
0.416226
0.387992
0.408812
0.420674
0.352352
0.423806
0.44839
0.444286
0.418574
0.426624
0.438682
0.443964
0.401709
0.390755
0.367399
0.364255
0.36435
0.363212
0.354534
0.358813
0.351646
0.349086
0.35587
0.36144
0.367958
0.391828
0.392894
0.367322
0.366039
0.362419
0.377488
0.386819
0.371875
0.356224
0.427918
0.4102
0.401112
0.421111
0.454433
0.411722
0.407966
0.416765
0.43868
0.39284
0.364686
0.346904
0.353184
0.351478
0.36316
0.368649
0.370288
0.362578
0.368732
0.366371
0.376441
0.394321
0.398466
0.439871
0.485015
0.483512
0.477622
0.462289
0.448126
0.468974
0.451095
0.404426
0.37841
0.356098
0.382687
0.378827
0.372081
0.364675
0.355367
0.374089
0.470046
0.430873
0.376225
0.396569
0.410978
0.395622
0.400764
0.499053
0.523163
0.469712
0.497539
0.414567
0.48407
0.540871
0.538741
0.516787
0.50418
0.505665
0.48317
0.522723
0.485001
0.479508
0.518232
0.514939
0.497765
0.521822
0.491843
0.450283
0.486375
0.438946
0.457754
0.42133
0.425491
0.460744
0.469118
0.448554
0.442577
0.450928
0.415079
0.422762
0.444116
0.431969
0.391521
0.377461
0.361632
0.358824
0.35889
0.372394
0.400657
0.392726
0.369662
0.365844
0.362604
0.388795
0.394476
0.419165
0.388077
0.375163
0.378638
0.358659
0.353434
0.379669
0.357515
0.348948
0.357256
0.380293
0.390629
0.400968
0.401838
0.413837
0.407081
0.403748
0.381212
0.392622
0.369051
0.362035
0.352451
0.353829
0.35557
0.344624
0.35242
0.374737
0.378524
0.38062
0.385049
0.400391
0.37087
0.375708
0.370907
0.353998
0.362775
0.352696
0.376233
0.358911
0.374664
0.408526
0.397132
0.389738
0.382597
0.386031
0.400684
0.390042
0.414368
0.418064
0.425037
0.424495
0.44663
0.456734
0.392207
0.419841
0.424034
0.434511
0.470613
0.440447
0.498228
0.456046
0.470313
0.483173
0.500963
0.454524
0.471419
0.416941
0.403053
0.39621
0.439261
0.451834
0.384005
0.382465
0.446377
0.446389
0.434894
0.489841
0.426161
0.380768
0.385231
0.431458
0.404561
0.426854
0.446005
0.437102
0.42366
0.435668
0.424484
0.407247
0.424547
0.462771
0.472491
0.454113
0.470089
0.421552
0.414706
0.452387
0.480095
0.488675
0.479668
0.429783
0.41555
0.44097
0.438905
0.480269
0.497898
0.432841
0.432842
0.430384
0.413699
0.414267
0.385574
0.369248
0.369211
0.416058
0.422896
0.429383
0.427023
0.405614
0.398861
0.392712
0.370074
0.380608
0.371871
0.356747
0.353404
0.357922
0.356634
0.379361
0.402416
0.372396
0.364263
0.356539
0.373803
0.38057
0.37234
0.375077
0.346649
0.369166
0.393247
0.386611
0.393934
0.390051
0.391331
0.395687
0.389411
0.35828
0.383826
0.384942
0.393571
0.397807
0.445962
0.422895
0.415343
0.404369
0.369749
0.368477
0.407742
0.386516
0.364548
0.373176
0.367555
0.368518
0.356646
0.365975
0.393261
0.403848
0.372534
0.367279
0.372811
0.368201
0.388817
0.379288
0.393189
0.384158
0.401329
0.46565
0.408586
0.483952
0.463285
0.475992
0.422872
0.436847
0.440828
0.506807
0.481923
0.490717
0.450901
0.48194
0.412392
0.36769
0.475339
0.469832
0.48017
0.467864
0.412373
0.379471
0.367903
0.362239
0.348217
0.347511
0.35614
0.366916
0.368815
0.408647
0.375436
0.39099
0.418711
0.395932
0.388763
0.396566
0.389708
0.380047
0.403207
0.394003
0.407424
0.403609
0.395288
0.380887
0.379924
0.374371
0.381616
0.363838
0.36029
0.352106
0.3445
0.356519
0.347293
0.369459
0.406358
0.384431
0.385512
0.362942
0.352752
0.351006
0.35853
0.381469
0.368529
0.356491
0.349797
0.354814
0.358155
0.375109
0.36382
0.354358
0.341361
0.34555
0.346316
0.350512
0.347238
0.34152
0.35794
0.359817
0.364939
0.385931
0.379797
0.363538
0.354257
0.353276
0.370323
0.393289
0.396481
0.415972
0.413218
0.416501
0.417656
0.412551
0.42501
0.387857
0.383979
0.383986
0.393217
0.415853
0.379812
0.365588
0.404308
0.394556
0.398865
0.400992
0.384347
0.398563
0.387643
0.421659
0.443836
0.400715
0.419093
0.428842
0.414053
0.404213
0.44787
0.44589
0.460819
0.454895
0.494979
0.43885
0.46467
0.477798
0.44361
0.43814
0.468763
0.486735
0.471341
0.444887
0.428747
0.426221
0.398923
0.465139
0.467505
0.453122
0.430519
0.425562
0.439578
0.438335
0.482845
0.461665
0.480266
0.504728
0.444023
0.489639
0.464599
0.477327
0.539148
0.482622
0.420918
0.408824
0.403168
0.413649
0.412888
0.436185
0.461497
0.429138
0.437412
0.469035
0.483512
0.503574
0.508271
0.584445
0.466383
0.415151
0.41195
0.418773
0.435547
0.42501
0.413118
0.415325
0.37854
0.407382
0.413586
0.438097
0.422358
0.419295
0.412392
0.407731
0.438889
0.426539
0.431056
0.410414
0.406309
0.422598
0.427063
0.417687
0.442979
0.395409
0.392981
0.385165
0.411279
0.387769
0.38488
0.391125
0.347917
0.389906
0.392592
0.396103
0.376703
0.354203
0.358567
0.376143
0.388316
0.384472
0.42796
0.409146
0.404306
0.378298
0.398387
0.400859
0.388893
0.404692
0.419854
0.419587
0.42997
0.392481
0.396113
0.375464
0.395978
0.391916
0.398436
0.394989
0.41398
0.396085
0.408472
0.401583
0.430103
0.404604
0.421382
0.368111
0.355904
0.357616
0.348454
0.342792
0.340838
0.338362
0.348555
0.343795
0.345377
0.357846
0.382717
0.368593
0.374771
0.375327
0.355367
0.344528
0.345482
0.333278
0.346413
0.347363
0.339769
0.342838
0.343538
0.350034
0.351215
0.345814
0.350269
0.348316
0.33614
0.334453
0.346811
0.342556
0.341021
0.347292
0.341592
0.362953
0.37103
0.397916
0.384193
0.376243
0.373882
0.385931
0.375129
0.364979
0.393415
0.373095
0.373369
0.374555
0.373958
0.372991
0.386256
0.375338
0.350201
0.347072
0.346466
0.337693
0.342865
0.347627
0.347941
0.347773
0.348441
0.349437
0.338277
0.347505
0.34148
0.341985
0.35152
0.338639
0.346848
0.345601
0.359366
0.366055
0.369247
0.355225
0.35657
0.36556
0.363878
0.372454
0.403381
0.420663
0.402333
0.381688
0.382552
0.396507
0.409209
0.447887
0.434231
0.430432
0.442657
0.407397
0.41369
0.368964
0.371397
0.383164
0.394648
0.367422
0.3537
0.362661
0.357457
0.361286
0.390207
0.405473
0.385537
0.372501
0.372425
0.382199
0.39871
0.416218
0.446963
0.463649
0.457438
0.480648
0.460238
0.523099
0.496497
0.512443
0.409331
0.392567
0.400084
0.4349
0.434499
0.384676
0.409797
0.470334
0.467297
0.45088
0.444974
0.390357
0.375321
0.368345
0.352319
0.347478
0.341514
0.3536
0.359526
0.355763
0.369826
0.380773
0.386097
0.400143
0.390349
0.388215
0.376895
0.381493
0.415628
0.427051
0.416063
0.390848
0.387457
0.402027
0.370822
0.378569
0.373307
0.38303
0.391754
0.367638
0.347497
0.343338
0.352169
0.344314
0.34383
0.342212
0.348418
0.349901
0.38057
0.380976
0.368632
0.346261
0.344418
0.354047
0.358261
0.354899
0.360591
0.404394
0.42081
0.394022
0.408498
0.405169
0.408411
0.385678
0.398427
0.384281
0.40463
0.423801
0.412104
0.404143
0.401
0.404221
0.387643
0.396649
0.395496
0.398108
0.395919
0.380715
0.389734
0.393042
0.415986
0.386741
0.36827
0.387662
0.415795
0.414724
0.456445
0.430707
0.405743
0.396775
0.359946
0.428301
0.392771
0.42962
0.457717
0.454571
0.438593
0.414125
0.41199
0.399048
0.41041
0.452923
0.440082
0.452873
0.45499
0.461255
0.449773
0.418697
0.461521
0.478486
0.457514
0.446406
0.41616
0.383233
0.386073
0.376851
0.370581
0.386648
0.4055
0.372091
0.356885
0.353121
0.348877
0.358811
0.360253
0.367748
0.378543
0.35875
0.360516
0.374111
0.397788
0.410943
0.399493
0.444459
0.420121
0.461663
0.432875
0.446963
0.418133
0.480046
0.475363
0.421577
0.451336
0.468753
0.451201
0.465841
0.444679
0.429024
0.433099
0.417386
0.413717
0.426719
0.468514
0.490854
0.485372
0.498545
0.478261
0.462628
0.480878
0.492025
0.477076
0.506107
0.537612
0.567961
0.574113
0.44571
0.415489
0.425305
0.408905
0.423871
0.446764
0.436606
0.400076
0.386939
0.406563
0.419888
0.442411
0.406987
0.412098
0.408592
0.439976
0.42816
0.4503
0.42498
0.432631
0.419783
0.463314
0.428641
0.427654
0.400994
0.406945
0.415268
0.420384
0.39985
0.365395
0.366607
0.368804
0.380332
0.366134
0.385879
0.399622
0.388433
0.401039
0.463011
0.477484
0.44855
0.480479
0.437331
0.415932
0.437587
0.434709
0.412198
0.442685
0.425288
0.388505
0.367882
0.363011
0.395221
0.391285
0.386919
0.386148
0.370931
0.402632
0.399717
0.420897
0.410674
0.420038
0.403067
0.383404
0.373708
0.360314
0.384424
0.410949
0.386652
0.371638
0.392357
0.423679
0.405602
0.411686
0.420583
0.410643
0.406533
0.416892
0.407362
0.384854
0.431917
0.440176
0.42955
0.432721
0.420741
0.477631
0.439549
0.468446
0.466403
0.446746
0.411772
0.433742
0.458073
0.430067
0.461061
0.481639
0.420615
0.419267
0.403443
0.428565
0.429285
0.416919
0.493671
0.504872
0.496423
0.489241
0.430089
0.384968
0.411713
0.494563
0.490892
0.460034
0.454814
0.416284
0.432889
0.450927
0.416437
0.40526
0.448779
0.45022
0.426235
0.41117
0.422773
0.454081
0.426382
0.43804
0.390977
0.383963
0.390742
0.44754
0.454606
0.458523
0.481491
0.473544
0.453821
0.424026
0.419557
0.442776
0.433652
0.447016
0.392794
0.384763
0.387603
0.380026
0.385443
0.409375
0.387232
0.371617
0.407661
0.440441
0.440672
0.412906
0.446487
0.431844
0.473992
0.437218
0.548504
0.606344
0.600581
0.557226
0.543209
0.545513
0.479267
0.472523
0.535368
0.490539
0.447859
0.423068
0.40929
0.41497
0.413803
0.410664
0.462819
0.453234
0.416641
0.434725
0.4749
0.502469
0.463995
0.471121
0.437979
0.416933
0.411403
0.447591
0.469574
0.462037
0.474952
0.45276
0.440297
0.429867
0.451661
0.439523
0.446309
0.448088
0.431809
0.423105
0.446269
0.437689
0.445374
0.431268
0.46456
0.435232
0.434184
0.446609
0.41216
0.415073
0.418493
0.464283
0.486648
0.48047
0.502043
0.481372
0.508762
0.491605
0.520701
0.458658
0.410575
0.41227
0.43045
0.420043
0.416289
0.404778
0.40737
0.399109
0.440887
0.431824
0.452082
0.484052
0.465549
0.453117
0.421914
0.393868
0.393457
0.408957
0.396763
0.415475
0.436106
0.439389
0.434719
0.438183
0.446202
0.482773
0.505828
0.464055
0.433999
0.376924
0.366029
0.372232
0.358173
0.36069
0.369747
0.368533
0.364753
0.359008
0.363801
0.369996
0.392364
0.412818
0.448935
0.46859
0.499436
0.514837
0.475769
0.455051
0.443042
0.444866
0.487723
0.43779
0.434711
0.437531
0.38053
0.451613
0.417695
0.410084
0.449911
0.464364
0.416817
0.364233
0.367585
0.405741
0.431552
0.420765
0.431635
0.435104
0.412094
0.417416
0.433371
0.48629
0.43682
0.423338
0.414522
0.430467
0.494543
0.485299
0.533857
0.539018
0.484757
0.491889
0.487852
0.526924
0.562273
0.58724
0.535346
0.517493
0.498058
0.524959
0.517504
0.484428
0.492699
0.431326
0.515912
0.469551
0.51247
0.450924
0.459826
0.474113
0.465662
0.51985
0.504588
0.451629
0.477517
0.439092
0.457737
0.428647
0.427928
0.428359
0.393348
0.424066
0.397002
0.402101
0.413295
0.401791
0.434276
0.427025
0.44557
0.495394
0.521722
0.513335
0.447729
0.506683
0.456053
0.426231
0.441879
0.495227
0.416914
0.396219
0.480619
0.435132
0.49101
0.475072
0.425583
0.404125
0.454152
0.435278
0.446156
0.437868
0.43115
0.446271
0.435096
0.464954
0.449299
0.421994
0.451344
0.490528
0.423205
0.437363
0.497947
0.491524
0.48258
0.47848
0.461843
0.400962
0.503764
0.494996
0.486878
0.463336
0.494007
0.501901
0.494748
0.489768
0.468548
0.41303
0.461472
0.434091
0.463169
0.458393
0.465021
0.482952
0.509114
0.501857
0.419792
0.404453
0.37709
0.364867
0.351376
0.365096
0.371281
0.376514
0.413332
0.401523
0.41467
0.443462
0.471862
0.461849
0.439461
0.4184
0.416513
0.430301
0.397294
0.43275
0.377804
0.429883
0.420549
0.438702
0.474005
0.438654
0.453832
0.438097
0.389191
0.443554
0.447732
0.437968
0.453433
0.403989
0.378197
0.383845
0.374395
0.369862
0.375885
0.400779
0.464693
0.459435
0.505039
0.492106
0.505834
0.521764
0.517425
0.504581
0.505939
0.50844
0.499282
0.513162
0.498573
0.539273
0.504913
0.557938
0.572948
0.557994
0.528615
0.423727
0.412045
0.364838
0.366667
0.383081
0.41698
0.422519
0.385166
0.374213
0.387811
0.401322
0.397971
0.403874
0.433503
0.396026
0.424239
0.432176
0.400489
0.434406
0.4324
0.406631
0.415843
0.454709
0.428205
0.443291
0.433268
0.408989
0.389012
0.412257
0.428254
0.389673
0.454299
0.425207
0.413291
0.407377
0.386033
0.38786
0.411079
0.390935
0.374067
0.37213
0.362493
0.348402
0.344864
0.345929
0.356067
0.36604
0.393401
0.408581
0.385961
0.34943
0.359917
0.357597
0.379197
0.406854
0.405166
0.427257
0.392335
0.483525
0.400785
0.371824
0.363381
0.370529
0.368484
0.353123
0.354163
0.374139
0.377812
0.374171
0.356516
0.363706
0.35971
0.400619
0.406471
0.434589
0.445864
0.441313
0.426836
0.433652
0.458939
0.498372
0.401188
0.44349
0.43182
0.424877
0.407609
0.383199
0.37808
0.365632
0.364304
0.387789
0.376006
0.387084
0.381512
0.390821
0.377919
0.421987
0.430566
0.436988
0.433408
0.426746
0.4192
0.362328
0.355921
0.390125
0.399727
0.409097
0.415463
0.402163
0.387425
0.368266
0.347646
0.345593
0.349331
0.341614
0.343752
0.357595
0.343996
0.363182
0.347407
0.365751
0.392549
0.38425
0.358822
0.349744
0.355982
0.377143
0.359266
0.400804
0.439888
0.387229
0.436059
0.405386
0.440707
0.456406
0.417787
0.408202
0.454758
0.456099
0.510075
0.487585
0.529672
0.603415
0.57914
0.580951
0.529152
0.544481
0.561106
0.550811
0.539125
0.514534
0.517248
0.506202
0.460359
0.526333
0.524695
0.4828
0.440554
0.479514
0.525488
0.523673
0.498686
0.441537
0.486653
0.517744
0.498398
0.522442
0.452318
0.505176
0.467327
0.507465
0.513937
0.526663
0.534235
0.556875
0.518773
0.464343
0.410518
0.401994
0.411735
0.403973
0.418236
0.417576
0.410543
0.390116
0.422095
0.423108
0.457319
0.499675
0.451189
0.450763
0.436086
0.427449
0.431354
0.465459
0.507216
0.46937
0.449712
0.468268
0.511396
0.521283
0.421513
0.429443
0.423878
0.519142
0.51088
0.501841
0.438262
0.515131
0.483297
0.473995
0.530236
0.460996
0.437411
0.472138
0.40356
0.5022
0.530511
0.506988
0.483304
0.498212
0.520862
0.472551
0.531205
0.513977
0.540726
0.511983
0.517415
0.481129
0.433398
0.443801
0.449225
0.451802
0.507432
0.477861
0.517997
0.509553
0.459841
0.435389
0.445446
0.456813
0.502015
0.444634
0.478123
0.440932
0.455968
0.446567
0.475374
0.454523
0.470422
0.427413
0.440751
0.435043
0.40446
0.390981
0.366683
0.372404
0.375083
0.387896
0.396242
0.386051
0.40291
0.402902
0.379781
0.395079
0.380914
0.393344
0.396096
0.388635
0.366156
0.382354
0.387797
0.400545
0.409547
0.394975
0.459936
0.435429
0.423472
0.423518
0.44483
0.41956
0.417352
0.414677
0.411874
0.406523
0.433878
0.450593
0.442707
0.441729
0.472975
0.459593
0.413138
0.482818
0.484545
0.488031
0.470436
0.464083
0.444884
0.460102
0.455165
0.476517
0.48678
0.473664
0.459
0.459667
0.458098
0.425635
0.393675
0.409407
0.447866
0.437505
0.429012
0.412344
0.432265
0.464514
0.462085
0.473035
0.42755
0.441103
0.500065
0.439561
0.462235
0.467477
0.470622
0.47821
0.459942
0.472896
0.497285
0.468493
0.471211
0.447718
0.404271
0.406983
0.438169
0.412568
0.390878
0.374695
0.383897
0.423759
0.476031
0.490981
0.490709
0.452822
0.468335
0.463876
0.438624
0.428192
0.441742
0.495246
0.536223
0.583488
0.555317
0.584947
0.540587
0.392742
0.385895
0.399116
0.368366
0.379687
0.367561
0.355146
0.354688
0.391813
0.390973
0.355502
0.354745
0.3484
0.34792
0.350575
0.355129
0.342315
0.351997
0.349704
0.343744
0.347509
0.35963
0.349184
0.360414
0.384501
0.399104
0.380456
0.366528
0.362602
0.363308
0.383194
0.40064
0.382407
0.368364
0.373327
0.433027
0.441513
0.446814
0.427156
0.436286
0.427047
0.441372
0.429249
0.405301
0.43872
0.464363
0.430002
0.420975
0.417596
0.427278
0.43448
0.430422
0.418584
0.409278
0.445816
0.492709
0.494425
0.494427
0.527033
0.499857
0.545198
0.518944
0.531565
0.503605
0.478605
0.416675
0.431449
0.455721
0.480423
0.49024
0.50412
0.552671
0.505625
0.488102
0.511444
0.461715
0.455063
0.499322
0.5038
0.494049
0.474726
0.484252
0.442203
0.443369
0.465358
0.457139
0.472417
0.399361
0.437524
0.487449
0.44935
0.505171
0.477532
0.466568
0.45236
0.452647
0.439507
0.439425
0.416
0.412512
0.470754
0.441432
0.483551
0.486579
0.543116
0.534324
0.493532
0.50378
0.539117
0.431718
0.448429
0.455158
0.499004
0.503861
0.512628
0.522677
0.468265
0.508715
0.520716
0.485354
0.49202
0.530778
0.504132
0.483562
0.444779
0.517433
0.505877
0.503728
0.540512
0.543571
0.506836
0.466532
0.491728
0.464993
0.441299
0.421742
0.423097
0.375693
0.371455
0.379116
0.389709
0.395472
0.414272
0.390673
0.388712
0.394911
0.413705
0.461494
0.432761
0.389565
0.392351
0.390513
0.389788
0.413406
0.407339
0.406445
0.376538
0.381944
0.399859
0.397028
0.417682
0.410609
0.428034
0.413709
0.424609
0.428358
0.428978
0.403945
0.379864
0.362316
0.403519
0.386747
0.369603
0.403073
0.430918
0.416409
0.397632
0.370666
0.369813
0.359058
0.358951
0.368741
0.364008
0.362193
0.363278
0.366896
0.386064
0.404791
0.381335
0.362809
0.35069
0.363963
0.3543
0.358844
0.363181
0.368713
0.369569
0.353369
0.375776
0.39085
0.383753
0.395132
0.404815
0.446344
0.495769
0.448305
0.415834
0.42318
0.389356
0.385177
0.375364
0.395635
0.399377
0.420778
0.388216
0.392001
0.407778
0.415583
0.466796
0.422073
0.463591
0.502724
0.422001
0.403437
0.400498
0.395716
0.403179
0.410271
0.442096
0.461305
0.418575
0.424764
0.408451
0.3967
0.388746
0.398911
0.384525
0.384498
0.391712
0.386136
0.397145
0.399639
0.383269
0.414707
0.392472
0.380055
0.375523
0.384237
0.396921
0.455467
0.466642
0.396933
0.424095
0.41617
0.4542
0.447056
0.404964
0.402136
0.390237
0.406436
0.400362
0.38448
0.391196
0.384139
0.390812
0.393667
0.392559
0.369739
0.366133
0.367443
0.373609
0.372657
0.361951
0.365143
0.356663
0.364933
0.362866
0.357458
0.358731
0.370354
0.369851
0.369644
0.357555
0.357511
0.362212
0.359103
0.354465
0.356413
0.358128
0.359676
0.361296
0.363007
0.359652
0.364812
0.363412
0.356206
0.360093
0.358598
0.361761
0.380245
0.362829
0.382406
0.370714
0.366762
0.359303
0.358582
0.385131
0.405601
0.423044
0.392129
0.407239
0.404471
0.397865
0.419608
0.398706
0.381891
0.36599
0.375089
0.372575
0.39458
0.441161
0.398742
0.363125
0.384696
0.406291
0.399135
0.396452
0.383939
0.39217
0.38801
0.388375
0.366235
0.371276
0.35353
0.383179
0.42542
0.363164
0.36763
0.377062
0.382139
0.404891
0.428403
0.452382
0.424795
0.41075
0.379222
0.361306
0.367248
0.372903
0.389767
0.411699
0.382539
0.366602
0.365402
0.362744
0.356293
0.358096
0.354021
0.353066
0.379969
0.389484
0.452424
0.433311
0.395965
0.386471
0.393195
0.387319
0.410024
0.417759
0.40057
0.407131
0.420439
0.415815
0.412937
0.412805
0.401071
0.399462
0.381818
0.381541
0.390094
0.394729
0.394748
0.395822
0.386056
0.380643
0.373903
0.369774
0.381164
0.360811
0.363169
0.370694
0.380971
0.384658
0.364693
0.371279
0.381454
0.388322
0.391173
0.41811
0.424934
0.440639
0.432691
0.41339
0.40927
0.402499
0.471467
0.54882
0.522372
0.475975
0.391276
0.393833
0.373303
0.357994
0.359894
0.360652
0.365811
0.387339
0.430859
0.4028
0.390356
0.421154
0.425658
0.408783
0.423924
0.398249
0.423234
0.381476
0.385999
0.391223
0.388521
0.384765
0.39392
0.380928
0.369538
0.383714
0.396194
0.39382
0.382686
0.395068
0.380788
0.395638
0.397777
0.392909
0.405038
0.39681
0.392204
0.381333
0.402291
0.394081
0.41586
0.374932
0.394255
