0.517521
0.567632
0.57991
0.494405
0.461039
0.519864
0.479586
0.446086
0.498754
0.48139
0.507155
0.453991
0.445697
0.467201
0.493584
0.494845
0.499564
0.489955
0.471647
0.45945
0.494027
0.472623
0.463926
0.479754
0.483881
0.485946
0.448713
0.483803
0.475852
0.475933
0.473234
0.447977
0.435106
0.454755
0.480626
0.466376
0.448037
0.444948
0.472573
0.421371
0.467694
0.474877
0.426066
0.451799
0.463299
0.407495
0.380699
0.404931
0.413554
0.44651
0.478157
0.451417
0.404197
0.40472
0.409692
0.413221
0.381311
0.403215
0.403846
0.404078
0.405928
0.392684
0.378865
0.409767
0.381319
0.359433
0.379786
0.3517
0.350346
0.352987
0.373382
0.384119
0.385834
0.383184
0.357792
0.351847
0.367549
0.361606
0.373244
0.386477
0.387331
0.380046
0.393142
0.379182
0.396541
0.390914
0.400816
0.393185
0.417179
0.407178
0.372093
0.364535
0.353812
0.371791
0.385573
0.376387
0.349448
0.347824
0.351653
0.342805
0.355001
0.381157
0.405347
0.46821
0.425571
0.430189
0.432407
0.40633
0.39906
0.419102
0.419306
0.390844
0.405176
0.409033
0.41549
0.416508
0.422529
0.413757
0.439406
0.450004
0.423171
0.443369
0.465019
0.47544
0.499812
0.429201
0.383407
0.424981
0.444049
0.429932
0.392878
0.374459
0.418854
0.411804
0.411936
0.41068
0.387784
0.377251
0.39584
0.380449
0.394157
0.386592
0.422391
0.396464
0.403966
0.407316
0.411432
0.419315
0.425115
0.415507
0.401609
0.39094
0.367863
0.36099
0.345091
0.340885
0.335544
0.343498
0.357671
0.367137
0.344644
0.342441
0.349721
0.364424
0.356662
0.381649
0.441054
0.490964
0.450941
0.466141
0.473117
0.454434
0.414984
0.433047
0.415539
0.41436
0.417947
0.427223
0.410357
0.402393
0.368042
0.369458
0.375698
0.380894
0.386522
0.40059
0.39504
0.417495
0.434553
0.40388
0.462651
0.420868
0.504449
0.439874
0.44638
0.422967
0.417784
0.402841
0.440569
0.426623
0.420537
0.381979
0.364737
0.39171
0.396372
0.404691
0.399223
0.408482
0.441022
0.413662
0.416336
0.393203
0.440167
0.465173
0.445611
0.457617
0.378252
0.406945
0.41071
0.412694
0.446896
0.475323
0.450662
0.429348
0.377837
0.364613
0.398463
0.441031
0.383056
0.394393
0.41108
0.442203
0.390539
0.374884
0.447769
0.423943
0.450349
0.475942
0.424511
0.453572
0.433047
0.434282
0.397352
0.402307
0.385804
0.356468
0.383207
0.399095
0.423068
0.394845
0.369842
0.377206
0.442209
0.42755
0.413933
0.423496
0.446498
0.430901
0.400016
0.361701
0.359255
0.351525
0.366535
0.399127
0.405177
0.386178
0.35625
0.361769
0.377586
0.420938
0.411992
0.410336
0.376714
0.424567
0.424849
0.385395
0.39247
0.402925
0.428785
0.439733
0.443696
0.425541
0.446769
0.416449
0.37043
0.351641
0.349101
0.380711
0.388861
0.358168
0.351324
0.356612
0.398837
0.468998
0.418257
0.425037
0.414308
0.426048
0.463445
0.429868
0.432235
0.40686
0.440139
0.430625
0.394279
0.360344
0.40547
0.437784
0.406799
0.384602
0.433572
0.447502
0.427469
0.424498
0.439613
0.400412
0.36624
0.362434
0.378638
0.417135
0.443449
0.467265
0.454428
0.393863
0.358708
0.388053
0.365428
0.429055
0.447216
0.453703
0.438173
0.451328
0.413052
0.399114
0.422959
0.395937
0.415157
0.377087
0.378061
0.361653
0.349153
0.351614
0.358531
0.369075
0.372955
0.356652
0.357057
0.375945
0.392415
0.383779
0.384183
0.399792
0.386451
0.360683
0.349677
0.360958
0.369486
0.387772
0.40377
0.391467
0.374211
0.361577
0.358724
0.36301
0.365664
0.356683
0.371038
0.395566
0.390546
0.406716
0.402637
0.41205
0.404585
0.398556
0.40232
0.395833
0.388802
0.379841
0.366399
0.361251
0.36953
0.375749
0.347516
0.342853
0.359323
0.358826
0.356069
0.365177
0.387922
0.392165
0.350654
0.338633
0.342509
0.376062
0.388309
0.39633
0.364658
0.395334
0.411841
0.416858
0.397574
0.406283
0.374558
0.418812
0.40451
0.401007
0.365893
0.369792
0.35497
0.354075
0.358876
0.367746
0.398809
0.441585
0.446363
0.470444
0.465949
0.38296
0.389838
0.405761
0.407474
0.388649
0.372508
0.401428
0.390865
0.389613
0.411799
0.465945
0.464483
0.449051
0.437495
0.462254
0.458817
0.456521
0.477998
0.499768
0.532408
0.49831
0.368627
0.366651
0.383201
0.392053
0.420588
0.388444
0.371308
0.390722
0.439762
0.476055
0.460782
0.427467
0.508318
0.478476
0.438193
0.412706
0.383313
0.377889
0.37127
0.379728
0.365321
0.370798
0.401456
0.379577
0.3884
0.381672
0.38896
0.371819
0.367162
0.39102
0.41997
0.421365
0.389524
0.361248
0.378278
0.42276
0.449739
0.418691
0.412084
0.402326
0.448121
0.423191
0.429683
0.43815
0.457243
0.454587
0.492723
0.515846
0.432601
0.497703
0.451168
0.430395
0.42048
0.401239
0.414829
0.439863
0.400206
0.384687
0.403827
0.398513
0.398625
0.402056
0.404492
0.403623
0.383934
0.40027
0.381619
0.399688
0.440786
0.419392
0.376766
0.405155
0.355959
0.360385
0.361875
0.350664
0.348118
0.360575
0.34929
0.340313
0.347515
0.343011
0.355738
0.364151
0.350376
0.365081
0.344778
0.351157
0.359074
0.377125
0.379109
0.385454
0.39292
0.359182
0.34598
0.35338
0.364087
0.373169
0.387911
0.386207
0.360179
0.374179
0.389169
0.398714
0.385959
0.373129
0.370397
0.370415
0.374553
0.403422
0.396682
0.38739
0.421338
0.44472
0.430943
0.449838
0.483146
0.477383
0.48271
0.423982
0.38845
0.385523
0.415043
0.44121
0.418949
0.405044
0.400113
0.425953
0.423263
0.422848
0.407842
0.396484
0.37631
0.348792
0.362394
0.357085
0.35741
0.393436
0.389214
0.392497
0.365255
0.380479
0.371071
0.393433
0.393152
0.39037
0.38068
0.401007
0.38355
0.362369
0.346492
0.349608
0.343288
0.347573
0.359599
0.365359
0.370261
0.408409
0.395046
0.397762
0.361387
0.356968
0.353445
0.368551
0.398177
0.377585
0.39364
0.375697
0.384427
0.397985
0.459904
0.430374
0.433578
0.424461
0.407673
0.384272
0.376717
0.368888
0.373168
0.403008
0.458904
0.469912
0.450292
0.433137
0.488041
0.530021
0.48919
0.508482
0.442707
0.487115
0.510216
0.519257
0.465332
0.404802
0.377389
0.384029
0.39473
0.393948
0.410808
0.414312
0.378426
0.363123
0.37046
0.376417
0.384238
0.375861
0.421295
0.431787
0.397618
0.361772
0.351274
0.346292
0.356221
0.349491
0.347369
0.345904
0.343722
0.360938
0.386653
0.421392
0.409274
0.430355
0.406355
0.391901
0.357033
0.359699
0.350851
0.362342
0.386855
0.406255
0.401563
0.410619
0.392424
0.419634
0.37836
0.35022
0.346743
0.35372
0.356216
0.348515
0.34044
0.345641
0.348632
0.369795
0.372782
0.354226
0.362233
0.387484
0.366061
0.37668
0.373217
0.400159
0.40698
0.403699
0.385201
0.363244
0.364789
0.391599
0.417168
0.384868
0.377273
0.37094
0.393743
0.399886
0.377039
0.355539
0.35105
0.349062
0.356023
0.374482
0.367168
0.353209
0.360549
0.393302
0.382509
0.36289
0.370768
0.377771
0.35426
0.367989
0.366811
0.369826
0.399575
0.385951
0.387669
0.358018
0.391006
0.366916
0.355447
0.341596
0.343877
0.357149
0.389715
0.364152
0.376558
0.377363
0.3861
0.360765
0.355683
0.349638
0.374249
0.399786
0.363747
0.345883
0.355841
0.344055
0.345862
0.344669
0.341237
0.350426
0.363431
0.408429
0.408363
0.385468
0.365802
0.380218
0.374325
0.392953
0.382581
0.392654
0.381408
0.366671
0.379306
0.415475
0.40672
0.400329
0.377786
0.365919
0.357961
0.365182
0.393889
0.362536
0.343399
0.344969
0.370595
0.365203
0.392387
0.351472
0.355563
0.39014
0.395677
0.358792
0.352537
0.377837
0.377377
0.361192
0.36493
0.370904
0.357664
0.354269
0.357807
0.375956
0.386354
0.427858
0.432323
0.418365
0.416426
0.391067
0.402028
0.415131
0.521364
0.525986
0.452461
0.434968
0.399108
0.423363
0.432016
0.403122
0.388482
0.414691
0.431003
0.367901
0.362827
0.416962
0.405904
0.404919
0.428621
0.360155
0.349047
0.35027
0.356209
0.354043
0.354357
0.351299
0.347002
0.350391
0.345391
0.348095
0.348593
0.370831
0.435133
0.40015
0.396752
0.397914
0.396829
0.390647
0.412946
0.37415
0.383286
0.373652
0.39417
0.389505
0.361636
0.365066
0.350979
0.372155
0.385868
0.405385
0.409314
0.408883
0.380732
0.378337
0.376472
0.394141
0.401502
0.368079
0.372342
0.380552
0.392725
0.387132
0.404119
0.40103
0.389282
0.398388
0.40638
0.406791
0.402108
0.397763
0.412358
0.39309
0.406311
0.414329
0.389576
0.390572
0.368362
0.352744
0.343082
0.35345
0.36529
0.370673
0.358689
0.372333
0.364487
0.356537
0.372381
0.372057
0.385292
0.386653
0.368227
0.373441
0.35303
0.350858
0.362557
0.366107
0.351217
0.342648
0.346283
0.375781
0.369691
0.381057
0.369462
0.378254
0.40417
0.387598
0.382757
0.382152
0.38963
0.355922
0.386744
0.365026
0.350544
0.374638
0.385387
0.384035
0.380603
0.392586
0.393981
0.374724
0.362485
0.366391
0.401029
0.441317
0.466024
0.452464
0.442725
0.40583
0.424762
0.451648
0.460792
0.419592
0.460501
0.412289
0.382668
0.371341
0.405681
0.390154
0.37978
0.448732
0.468105
0.443764
0.385141
0.401502
0.44169
0.389493
0.399676
0.425158
0.399677
0.43329
0.392326
0.357691
0.372303
0.36541
0.358427
0.367428
0.383282
0.435086
0.427823
0.45153
0.424336
0.466434
0.456509
0.436321
0.442843
0.480668
0.481299
0.477126
0.493271
0.459546
0.432067
0.428888
0.438526
0.443761
0.429627
0.420321
0.44007
0.419171
0.370544
0.39073
0.423864
0.401029
0.415318
0.423161
0.4388
0.424283
0.41208
0.408414
0.379772
0.403462
0.412485
0.378857
0.370854
0.408596
0.39655
0.411331
0.4087
0.401814
0.436756
0.467215
0.482885
0.449375
0.505963
0.454562
0.449935
0.476846
0.402123
0.431927
0.453974
0.468748
0.455174
0.492459
0.436889
0.40027
0.395475
0.379134
0.355826
0.361858
0.372884
0.396656
0.418715
0.37386
0.357365
0.363995
0.383999
0.366653
0.361914
0.373722
0.342822
0.34811
0.34128
0.348662
0.358664
0.372652
0.378761
0.36328
0.406874
0.367285
0.380568
0.365362
0.363211
0.366884
0.378907
0.35886
0.373006
0.379565
0.377252
0.390223
0.388143
0.393711
0.385815
0.425693
0.391416
0.360669
0.35215
0.344248
0.347875
0.357864
0.369921
0.359751
0.393082
0.366479
0.356726
0.341007
0.346826
0.374389
0.402758
0.415967
0.419175
0.409517
0.405992
0.406551
0.402553
0.366616
0.379594
0.358063
0.374846
0.379729
0.388777
0.37482
0.351176
0.370448
0.369254
0.355842
0.373092
0.38492
0.364576
0.358126
0.361695
0.384838
0.388925
0.377386
0.378908
0.39994
0.386933
0.392273
0.400752
0.410132
0.396136
0.354575
0.354854
0.37957
0.398349
0.386947
0.371488
0.372198
0.391043
0.413301
0.44103
0.429869
0.394507
0.371549
0.38854
0.407175
0.395521
0.429871
0.446602
0.430865
0.420583
0.418213
0.388132
0.418166
0.383936
0.40995
0.454093
0.474261
0.448237
0.458276
0.543176
0.554907
0.494018
0.437503
0.499968
0.477962
0.423394
0.381579
0.349486
0.358899
0.361842
0.366046
0.35771
0.353053
0.355484
0.376225
0.372079
0.362333
0.361734
0.381085
0.395766
0.408743
0.403537
0.405989
0.418069
0.419838
0.398557
0.413337
0.412341
0.441704
0.402562
0.398342
0.396826
0.397472
0.425052
0.399775
0.388446
0.405421
0.391546
0.400811
0.397334
0.454436
0.474274
0.420943
0.403453
0.438681
0.371433
0.395129
0.435838
0.382412
0.36499
0.372317
0.432851
0.438724
0.403428
0.431256
0.412617
0.425753
0.450065
0.436799
0.437004
0.404249
0.442787
0.432677
0.486143
0.497196
0.486733
0.459802
0.399921
0.368522
0.35611
0.365958
0.351014
0.355295
0.348884
0.345019
0.345999
0.375417
0.37145
0.35261
0.373477
0.38404
0.38419
0.368758
0.370217
0.376999
0.3862
0.407235
0.469645
0.468016
0.515935
0.493886
0.42666
0.380073
0.41847
0.418698
0.388905
0.395449
0.355266
0.363529
0.374066
0.382648
0.362777
0.357224
0.352055
0.388339
0.376777
0.346957
0.347422
0.363467
0.371621
0.366073
0.369528
0.357357
0.351022
0.389422
0.448179
0.448644
0.426811
0.428932
0.443918
0.389102
0.406051
0.415086
0.3679
0.397594
0.424344
0.447427
0.432312
0.407597
0.429274
0.396261
0.367759
0.358204
0.366046
0.413165
0.468978
0.44023
0.499874
0.431095
0.416587
0.438367
0.48612
0.434542
0.509858
0.470639
0.461864
0.47946
0.396338
0.384812
0.377091
0.400903
0.4537
0.438342
0.417749
0.450773
0.461457
0.426312
0.366137
0.355064
0.368839
0.37184
0.397113
0.408035
0.425668
0.431321
0.485996
0.46689
0.381448
0.408444
0.425416
0.435475
0.424601
0.425534
0.412286
0.381017
0.382383
0.406822
0.373145
0.386775
0.403647
0.46059
0.393985
0.390117
0.449157
0.443017
0.419014
0.414417
0.422316
0.366547
0.355905
0.389072
0.396692
0.414291
0.39461
0.409566
0.39411
0.385866
0.37223
0.388564
0.401731
0.371935
0.382856
0.370051
0.392542
0.408455
0.389549
0.369409
0.406372
0.384503
0.380913
0.401293
0.396147
0.365098
0.349248
0.351493
0.351142
0.368034
0.411302
0.388031
0.349446
0.351632
0.354145
0.391196
0.370174
0.357372
0.354364
0.376622
0.371224
0.377489
0.377322
0.40797
0.408398
0.403797
0.413918
0.407923
0.370416
0.425102
0.413344
0.429083
0.364462
0.38312
0.365361
0.370327
0.376726
0.368395
0.358362
0.341764
0.348275
0.340325
0.344585
0.358342
0.382385
0.387039
0.396937
0.392402
0.388153
0.378271
0.409545
0.426036
0.418717
0.413998
0.398835
0.432853
0.383032
0.416736
0.397619
0.410721
0.44504
0.424333
0.419136
0.389966
0.371909
0.426051
0.455502
0.452301
0.528984
0.54558
0.565482
0.532304
0.423454
0.396649
0.395147
0.384976
0.398992
0.395131
0.412037
0.379156
0.358599
0.348241
0.353985
0.350755
0.374407
0.388258
0.390648
0.407885
0.379713
0.402535
0.396692
0.373087
0.380854
0.36188
0.369075
0.350572
0.371761
0.395847
0.360268
0.351902
0.346743
0.35934
0.414283
0.438545
0.45248
0.446608
0.441507
0.449136
0.401807
0.396041
0.391992
0.392877
0.396424
0.407774
0.399944
0.395641
0.394123
0.391504
0.416287
0.399755
0.379287
0.401862
0.354424
0.371906
0.393584
0.411757
0.394932
0.394177
0.387697
0.367873
0.404961
0.389498
0.408655
0.409592
0.402967
0.414108
0.445352
0.44319
0.420719
0.431816
0.431685
0.480026
0.426245
0.433306
0.431424
0.438608
0.452641
0.396303
0.390594
0.370449
0.348063
0.363164
0.40092
0.389101
0.421096
0.412357
0.423179
0.403278
0.39405
0.415826
0.449531
0.464428
0.387295
0.416545
0.394833
0.373979
0.412071
0.422559
0.470275
0.413568
0.455578
0.449512
0.436416
0.477678
0.515668
0.525173
0.49519
0.501514
0.467389
0.537909
0.54762
0.535515
0.588679
0.528825
0.455695
0.450442
0.416457
0.431027
0.386942
0.454125
0.421617
0.426751
0.37451
0.367688
0.419154
0.443825
0.443765
0.435646
0.427938
0.394198
0.40198
0.401274
0.366578
0.379489
0.410397
0.397152
0.402062
0.411697
0.384526
0.403138
0.392719
0.41542
0.434574
0.422797
0.402356
0.394973
0.406806
0.423093
0.399632
0.386018
0.407972
0.461576
0.429062
0.414998
0.433916
0.434488
0.438548
0.438126
0.405353
0.373436
0.366594
0.364435
0.348691
0.343555
0.348722
0.355274
0.385218
0.389025
0.381939
0.38067
0.399878
0.392042
0.355003
0.355306
0.360731
0.399326
0.448599
0.477138
0.497595
0.463119
0.412669
0.408598
0.433664
0.400391
0.452033
0.473539
0.465045
0.440037
0.365454
0.373987
0.377334
0.410596
0.404469
0.456913
0.395349
0.376706
0.389841
0.391235
0.401736
0.419437
0.40904
0.408102
0.412166
0.465479
0.434886
0.410328
0.453022
0.460064
0.466637
0.460548
0.418197
0.377117
0.389507
0.369678
0.379111
0.416462
0.410951
0.405115
0.436724
0.4248
0.369745
0.414145
0.437147
0.410361
0.461351
0.415897
0.430016
0.447178
0.460887
0.486706
0.425937
0.436462
0.442749
0.438299
0.467373
0.472269
0.523404
0.543583
0.555487
0.556165
0.525231
0.436029
0.38453
0.412351
0.403415
0.432213
0.433571
0.409886
0.430465
0.435083
0.409017
0.400418
0.407527
0.396009
0.448685
0.423145
0.43529
0.390698
0.365406
0.361797
0.35391
0.351247
0.361446
0.390551
0.372368
0.364339
0.383757
0.378998
0.410042
0.427442
0.417273
0.42605
0.38891
0.350397
0.356993
0.368653
0.365385
0.370937
0.396005
0.454455
0.482243
0.453963
0.460877
0.394389
0.369297
0.372163
0.364948
0.44994
0.386387
0.403334
0.449262
0.496096
0.454738
0.512098
0.527662
0.504927
0.502952
0.482372
0.516586
0.509658
0.470131
0.462452
0.43941
0.443221
0.458886
0.446729
0.418836
0.438036
0.384497
0.360223
0.365637
0.396646
0.36777
0.375875
0.40694
0.381639
0.368659
0.366651
0.353223
0.36881
0.395855
0.407925
0.405437
0.386878
0.365571
0.353148
0.350162
0.363724
0.379589
0.39274
0.373298
0.362516
0.357741
0.367592
0.391661
0.393531
0.384271
0.395472
0.416244
0.424769
0.45169
0.405873
0.429309
0.455402
0.477027
0.476674
0.47772
0.444101
0.399653
0.445462
0.383232
0.446385
0.461988
0.403142
0.408045
0.415787
0.441616
0.429597
0.415965
0.443887
0.463366
0.444786
0.435924
0.486629
0.451399
0.425417
0.464578
0.455387
0.434983
0.407005
0.377495
0.403049
0.425598
0.410128
0.389108
0.377683
0.358688
0.355741
0.382911
0.373764
0.366126
0.373988
0.366646
0.372166
0.392261
0.390716
0.395203
0.369147
0.388692
0.420322
0.419763
0.388044
0.392209
0.368859
0.368064
0.361947
0.398273
0.370134
0.370262
0.384907
0.388713
0.434467
0.446888
0.467785
0.434137
0.473035
0.486082
0.467246
0.391548
0.467769
0.478065
0.385165
0.362201
0.346856
0.364639
0.390484
0.386296
0.401849
0.397861
0.385084
0.398699
0.403209
0.388496
0.374808
0.369985
0.352197
0.351646
0.369725
0.391945
0.36714
0.350429
0.37723
0.357413
0.353187
0.367859
0.354199
0.343061
0.349108
0.347937
0.360913
0.380289
0.361484
0.358429
0.387833
0.412285
0.419851
0.409979
0.397424
0.387456
0.40389
0.378252
0.395431
0.394366
0.393355
0.424115
0.416842
0.42017
0.425554
0.445414
0.477075
0.451364
0.464856
0.443618
0.486645
0.437848
0.415977
0.459781
0.445147
0.431854
0.459187
0.468919
0.476194
0.477909
0.504242
0.456265
0.407281
0.412205
0.447761
0.432871
0.475537
0.505814
0.524436
0.413557
0.426987
0.419677
0.396092
0.409432
0.431361
0.417418
0.421105
0.430507
0.405615
0.424363
0.430713
0.393509
0.399628
0.384132
0.367399
0.393801
0.38339
0.357371
0.38371
0.411804
0.398483
0.393278
0.391522
0.419054
0.418636
0.393353
0.391383
0.391168
0.407207
0.407274
0.411296
0.409807
0.355841
0.349536
0.341739
0.345525
0.346971
0.376259
0.372527
0.356685
0.340808
0.345834
0.340694
0.343176
0.350087
0.349246
0.338965
0.341691
0.343684
0.349735
0.378991
0.383389
0.375487
0.375775
0.379318
0.372511
0.376703
0.383283
0.351714
0.341702
0.345317
0.346337
0.349907
0.344638
0.340919
0.344757
0.346405
0.359573
0.363981
0.358521
0.367162
0.404693
0.399883
0.389665
0.420867
0.437115
0.423113
0.397017
0.374208
0.383081
0.358798
0.359235
0.396316
0.379266
0.377345
0.406852
0.455349
0.467704
0.491498
0.504153
0.401335
0.417934
0.40863
0.441572
0.462151
0.412666
0.372837
0.347941
0.348362
0.35826
0.374329
0.395378
0.387245
0.383232
0.420971
0.40236
0.392805
0.374258
0.382222
0.373896
0.345071
0.348697
0.341578
0.353264
0.380925
0.354993
0.351219
0.353682
0.392399
0.409782
0.40359
0.395847
0.391018
0.416939
0.406722
0.397227
0.395583
0.397553
0.382423
0.40483
0.385844
0.39036
0.424167
0.426596
0.395195
0.407337
0.431208
0.445787
0.410893
0.409664
0.442215
0.447672
0.458041
0.436005
0.475278
0.436626
0.388079
0.377503
0.391521
0.368054
0.351759
0.359504
0.371853
0.360142
0.38452
0.400263
0.431289
0.44387
0.434725
0.481657
0.433441
0.457556
0.458639
0.43015
0.416608
0.447109
0.487134
0.48413
0.475148
0.484006
0.519375
0.571426
0.432033
0.417742
0.434924
0.418216
0.396863
0.431101
0.409541
0.424482
0.43925
0.428832
0.44139
0.428143
0.403967
0.417824
0.382627
0.36772
0.373013
0.39278
0.394698
0.470377
0.464149
0.426512
0.436139
0.427243
0.407121
0.365443
0.393244
0.386526
0.386805
0.410213
0.415306
0.393159
0.36703
0.397675
0.379261
0.407928
0.408632
0.415583
0.411683
0.395989
0.43602
0.431138
0.449073
0.453798
0.45671
0.422683
0.444046
0.471274
0.419943
0.416082
0.423021
0.499314
0.492844
0.407344
0.452159
0.475292
0.435211
0.441858
0.410676
0.44951
0.418624
0.438245
0.432183
0.387493
0.418482
0.456564
0.477484
0.439007
0.431133
0.440313
0.388823
0.383831
0.39746
0.379284
0.424115
0.426749
0.43911
0.454345
0.576588
0.578693
0.544361
0.475893
0.512487
0.435508
0.412123
0.412224
0.458003
0.425725
0.488697
0.467478
0.427496
0.429725
0.465782
0.463735
0.435077
0.44545
0.447198
0.427376
0.442021
0.438408
0.45015
0.440413
0.413608
0.441359
0.483511
0.491919
0.50014
0.489568
0.411452
0.425288
0.407993
0.422662
0.441665
0.476626
0.431005
0.394938
0.400694
0.427383
0.439702
0.44917
0.498196
0.428759
0.372214
0.36211
0.36556
0.365217
0.364293
0.386847
0.450745
0.490651
0.485799
0.436715
0.477737
0.428708
0.415553
0.411158
0.459227
0.401827
0.379704
0.423598
0.433537
0.413576
0.451833
0.439946
0.421277
0.484041
0.538464
0.486786
0.508126
0.572133
0.526519
0.511663
0.501191
0.461632
0.492994
0.481878
0.466953
0.492637
0.47813
0.458129
0.443291
0.428146
0.4087
0.39956
0.407565
0.430631
0.470107
0.517526
0.477215
0.441408
0.468198
0.406318
0.457669
0.483058
0.414868
0.444902
0.442039
0.438576
0.449843
0.435624
0.470839
0.430301
0.494745
0.480544
0.431344
0.499321
0.475023
0.497972
0.492267
0.440544
0.447664
0.460792
0.473839
0.505486
0.412278
0.371025
0.358284
0.373897
0.407398
0.429108
0.466788
0.428903
0.423328
0.414664
0.40466
0.429619
0.456075
0.44599
0.416325
0.442807
0.428956
0.381027
0.37215
0.388288
0.462048
0.498601
0.513915
0.510977
0.507181
0.506281
0.520384
0.565539
0.543389
0.41801
0.365745
0.40007
0.404164
0.381031
0.399639
0.418974
0.410022
0.416282
0.433402
0.411295
0.441599
0.438259
0.399623
0.408555
0.439998
0.410371
0.386951
0.401013
0.373107
0.3555
0.345401
0.361087
0.401103
0.367712
0.358759
0.392994
0.416055
0.437205
0.386529
0.366984
0.360904
0.364132
0.375979
0.360118
0.379861
0.420642
0.443602
0.430264
0.47872
0.422139
0.42835
0.395372
0.371828
0.376061
0.381441
0.386181
0.399932
0.433722
0.430077
0.391061
0.373083
0.404403
0.408866
0.377811
0.346617
0.345459
0.350676
0.353621
0.356661
0.388364
0.354302
0.366615
0.379964
0.41361
0.420584
0.44865
0.413099
0.455434
0.49877
0.562308
0.580046
0.536811
0.555937
0.526876
0.511679
0.492637
0.503994
0.45999
0.524586
0.470141
0.502042
0.51059
0.478811
0.487505
0.52033
0.545392
0.491492
0.406272
0.407853
0.417908
0.403114
0.440204
0.47566
0.443447
0.429413
0.485703
0.459418
0.489811
0.47113
0.426648
0.514981
0.469712
0.499118
0.502063
0.449442
0.437887
0.516385
0.495229
0.509523
0.502109
0.527309
0.514683
0.4571
0.446526
0.47988
0.498224
0.484746
0.440464
0.479776
0.46109
0.448435
0.461052
0.462548
0.434154
0.419951
0.378706
0.373746
0.392046
0.394455
0.391318
0.387852
0.394732
0.377426
0.385063
0.405058
0.427197
0.429458
0.434119
0.418457
0.413258
0.420204
0.446663
0.457515
0.44138
0.486653
0.465981
0.45043
0.472399
0.476846
0.456211
0.437218
0.409597
0.437788
0.420794
0.452566
0.460517
0.450855
0.460724
0.468783
0.468156
0.484501
0.470233
0.43922
0.4167
0.411399
0.378083
0.440071
0.490423
0.464734
0.448594
0.434645
0.513247
0.567232
0.562966
0.390012
0.383391
0.372492
0.354952
0.391524
0.35414
0.347397
0.352128
0.347559
0.346803
0.353494
0.359351
0.393843
0.369149
0.365998
0.394865
0.368167
0.422104
0.436897
0.43729
0.438027
0.413744
0.451745
0.421531
0.430175
0.428298
0.419711
0.492284
0.512224
0.520135
0.523849
0.491151
0.422938
0.467551
0.500127
0.52522
0.499215
0.457
0.505268
0.482129
0.459199
0.455192
0.461287
0.427153
0.471224
0.485606
0.453747
0.444352
0.419959
0.461643
0.464339
0.528224
0.504338
0.500212
0.439502
0.495862
0.52139
0.49197
0.500393
0.50963
0.496547
0.479164
0.507357
0.54132
0.486562
0.477028
0.433482
0.396221
0.375761
0.393617
0.401762
0.392165
0.442157
0.404736
0.392296
0.403181
0.403732
0.382699
0.396068
0.418589
0.417119
0.432795
0.407398
0.37232
0.389526
0.402074
0.415292
0.376125
0.364253
0.365226
0.361782
0.373309
0.39432
0.361038
0.359002
0.359152
0.368118
0.359804
0.390187
0.394852
0.453394
0.450302
0.40852
0.380898
0.395097
0.406165
0.395187
0.438035
0.441873
0.469797
0.401605
0.397173
0.42617
0.439779
0.418185
0.392431
0.391988
0.388243
0.398297
0.39903
0.38645
0.379542
0.428365
0.430523
0.422577
0.449219
0.400189
0.399886
0.391538
0.385472
0.394994
0.378075
0.367232
0.372534
0.362239
0.361562
0.359611
0.365602
0.36887
0.357388
0.359989
0.355661
0.359898
0.359963
0.364151
0.360966
0.358672
0.37005
0.376655
0.364074
0.36202
0.406151
0.403065
0.404062
0.41432
0.377628
0.37563
0.399603
0.397621
0.38347
0.402104
0.389404
0.392552
0.371364
0.362089
0.401213
0.36842
0.388328
0.428659
0.425205
0.382136
0.367701
0.398988
0.377157
0.365061
0.35888
0.353372
0.381147
0.437988
0.395663
0.387735
0.414715
0.401639
0.416608
0.411437
0.405073
0.382774
0.390785
0.395743
0.382361
0.374569
0.370346
0.367623
0.382631
0.367874
0.384405
0.403391
0.432556
0.421914
0.407514
0.507606
0.500112
0.392807
0.365156
0.359493
0.380462
0.414613
0.407267
0.415902
0.412391
0.395789
0.391941
0.39
0.377276
0.38692
0.388598
0.38715
0.397338
0.398301
0.393025
0.39207
0.405748
0.386393
