0.512924
0.563359
0.580272
0.50477
0.464226
0.533764
0.476604
0.451428
0.484973
0.465333
0.505856
0.489549
0.460281
0.430562
0.484919
0.493911
0.506381
0.491307
0.487427
0.474554
0.455857
0.495758
0.470968
0.466067
0.47437
0.484054
0.494152
0.453043
0.470754
0.482167
0.477633
0.468007
0.461628
0.448661
0.430461
0.473433
0.475728
0.457406
0.45389
0.447409
0.466899
0.417404
0.471095
0.474762
0.427439
0.455273
0.45791
0.418808
0.376127
0.400211
0.410858
0.423525
0.473994
0.485035
0.41004
0.40535
0.405459
0.418421
0.399374
0.390103
0.398101
0.407361
0.402628
0.409066
0.384488
0.380954
0.411543
0.38111
0.358368
0.380761
0.353785
0.351602
0.349684
0.370789
0.383224
0.380924
0.391322
0.363229
0.35625
0.353056
0.369971
0.363553
0.374943
0.398888
0.376411
0.395193
0.379961
0.384368
0.395249
0.390303
0.405704
0.391663
0.418041
0.407917
0.371917
0.36768
0.352765
0.368897
0.384206
0.382707
0.351001
0.347851
0.351729
0.344366
0.349454
0.371733
0.389895
0.434889
0.474928
0.400216
0.433428
0.418663
0.414746
0.406463
0.421761
0.419647
0.378501
0.410524
0.407395
0.410614
0.428188
0.416568
0.411166
0.426896
0.448366
0.448218
0.407388
0.463545
0.488024
0.465989
0.494193
0.421186
0.382743
0.424849
0.443049
0.43097
0.40171
0.37383
0.405622
0.424565
0.400778
0.416609
0.398165
0.378272
0.379911
0.393533
0.385163
0.39694
0.395197
0.410819
0.404756
0.397926
0.411148
0.411994
0.418594
0.424804
0.418548
0.402147
0.393107
0.371553
0.362846
0.353409
0.340451
0.33752
0.339131
0.344333
0.372177
0.357266
0.339437
0.344959
0.354845
0.36528
0.356732
0.3951
0.463279
0.472489
0.458491
0.468585
0.471507
0.455433
0.418124
0.432854
0.409648
0.415056
0.418814
0.425893
0.417056
0.413004
0.374025
0.364208
0.380273
0.380555
0.375577
0.394314
0.395346
0.40782
0.428808
0.429529
0.399627
0.467424
0.418947
0.506359
0.439955
0.444751
0.425774
0.418313
0.407441
0.424224
0.430033
0.429476
0.393581
0.375884
0.374047
0.401982
0.390794
0.40926
0.391917
0.424886
0.439342
0.41341
0.416135
0.390489
0.440604
0.466929
0.442967
0.462663
0.380871
0.404425
0.409979
0.407744
0.442333
0.46339
0.473446
0.437363
0.389293
0.354181
0.396319
0.432184
0.397955
0.392455
0.392497
0.430231
0.428748
0.370197
0.409665
0.439431
0.448943
0.435376
0.486543
0.422853
0.441668
0.427012
0.435135
0.395249
0.40453
0.385474
0.356539
0.381546
0.397865
0.418006
0.404012
0.377793
0.359836
0.427464
0.447272
0.396719
0.430021
0.432708
0.462778
0.401248
0.381743
0.359851
0.352002
0.359103
0.380025
0.405723
0.397635
0.375073
0.355635
0.367308
0.381149
0.424143
0.411977
0.405743
0.37904
0.424687
0.425966
0.388937
0.389098
0.398023
0.425035
0.448052
0.448947
0.41195
0.435315
0.44533
0.384354
0.358304
0.349947
0.365415
0.384477
0.373756
0.35584
0.353309
0.366325
0.420249
0.467016
0.412063
0.428386
0.411686
0.425616
0.457397
0.445532
0.422423
0.415812
0.426355
0.441933
0.407542
0.369668
0.380755
0.43044
0.42633
0.386881
0.397004
0.458083
0.431176
0.437803
0.423691
0.435252
0.386757
0.359929
0.364189
0.386382
0.421418
0.437007
0.475418
0.452457
0.395283
0.35772
0.38792
0.366095
0.41026
0.461085
0.460039
0.422802
0.460678
0.421655
0.407401
0.401614
0.422674
0.39688
0.403387
0.375952
0.374049
0.359704
0.346013
0.35122
0.362351
0.370543
0.371437
0.355082
0.360144
0.375108
0.395801
0.38289
0.384199
0.399976
0.387752
0.362057
0.350967
0.350764
0.374357
0.388613
0.409387
0.383458
0.382888
0.366778
0.352906
0.362535
0.364083
0.3625
0.359839
0.388076
0.393917
0.39123
0.407346
0.412988
0.406874
0.401748
0.396688
0.400749
0.394543
0.391506
0.377533
0.366705
0.360918
0.369581
0.376365
0.349679
0.341955
0.356782
0.361356
0.357086
0.358599
0.384049
0.393252
0.365124
0.340494
0.339874
0.364047
0.382312
0.400274
0.37178
0.377224
0.398906
0.408289
0.423759
0.39878
0.397329
0.386579
0.41161
0.407961
0.3976
0.365312
0.371041
0.356526
0.349544
0.362612
0.364503
0.389896
0.438318
0.428688
0.474221
0.490335
0.393329
0.387389
0.402882
0.399258
0.408026
0.374422
0.381923
0.408571
0.377101
0.40164
0.429196
0.467612
0.459416
0.448325
0.442188
0.461079
0.45723
0.457827
0.484878
0.49199
0.53742
0.498481
0.368985
0.36604
0.379751
0.394235
0.41601
0.397782
0.371423
0.384525
0.43092
0.458282
0.482397
0.434651
0.468933
0.484056
0.470586
0.419837
0.407237
0.377195
0.368757
0.382351
0.368912
0.362905
0.378442
0.403985
0.378699
0.387269
0.380693
0.388232
0.372353
0.367339
0.392378
0.420446
0.423755
0.39053
0.362847
0.372579
0.414712
0.447872
0.433272
0.405841
0.407887
0.425773
0.432728
0.42419
0.444086
0.436988
0.464445
0.47644
0.486333
0.515392
0.422972
0.493299
0.455814
0.425639
0.420382
0.401366
0.414414
0.445585
0.398948
0.386016
0.401073
0.401536
0.392017
0.40764
0.400087
0.409207
0.387437
0.388933
0.398469
0.380649
0.426984
0.434387
0.397883
0.369273
0.404359
0.357911
0.359938
0.359773
0.34781
0.351582
0.360689
0.344507
0.342216
0.345912
0.34443
0.358061
0.364311
0.349809
0.365967
0.345375
0.349953
0.354418
0.377974
0.377341
0.388176
0.390877
0.370872
0.346243
0.351141
0.358642
0.366925
0.382164
0.383812
0.384639
0.36085
0.3824
0.386927
0.40133
0.374189
0.379133
0.371128
0.367382
0.379804
0.40504
0.394109
0.388445
0.423814
0.440615
0.439013
0.433362
0.484888
0.464676
0.487373
0.461705
0.385192
0.392072
0.388439
0.435979
0.439521
0.407763
0.400712
0.408431
0.427058
0.42186
0.422711
0.40408
0.396797
0.376583
0.348802
0.360994
0.359103
0.356118
0.386017
0.391352
0.399423
0.364948
0.38114
0.37165
0.380141
0.40253
0.389515
0.372462
0.391368
0.400945
0.38037
0.356349
0.34249
0.350873
0.345314
0.345489
0.36277
0.36563
0.37288
0.41117
0.394437
0.397654
0.362724
0.356916
0.352467
0.364138
0.40422
0.371164
0.398391
0.376041
0.382463
0.380601
0.434688
0.467318
0.419886
0.436421
0.416235
0.397634
0.379035
0.373119
0.368636
0.384261
0.412295
0.46672
0.463896
0.443039
0.438078
0.484779
0.540568
0.485034
0.514951
0.453012
0.460384
0.500363
0.52404
0.492263
0.436759
0.393306
0.370709
0.395391
0.392689
0.396378
0.409288
0.410195
0.375477
0.364491
0.371163
0.375491
0.384989
0.375424
0.419498
0.433455
0.399512
0.369662
0.353387
0.343546
0.354577
0.353483
0.347227
0.346253
0.344066
0.352197
0.370972
0.418154
0.406426
0.423439
0.424601
0.407234
0.374117
0.355382
0.3587
0.352254
0.365229
0.388229
0.405876
0.402853
0.413569
0.394332
0.409477
0.400641
0.355986
0.347169
0.348588
0.356691
0.351458
0.343038
0.346699
0.345258
0.350947
0.373397
0.371095
0.355123
0.364856
0.386614
0.364922
0.376842
0.372687
0.394235
0.409217
0.410251
0.391483
0.361863
0.363608
0.383264
0.408656
0.401319
0.380729
0.371955
0.37808
0.394518
0.397465
0.372866
0.352913
0.352831
0.347666
0.35769
0.375043
0.36791
0.352593
0.358228
0.392366
0.384199
0.366289
0.363339
0.382724
0.362009
0.361073
0.37033
0.360291
0.387383
0.388433
0.396175
0.378227
0.361336
0.388872
0.365838
0.353435
0.343216
0.343757
0.356234
0.387167
0.371573
0.373266
0.375327
0.383371
0.372092
0.356519
0.350944
0.36246
0.388862
0.388885
0.353528
0.34525
0.356389
0.344314
0.346392
0.344868
0.341012
0.352718
0.364096
0.409883
0.408234
0.38753
0.366223
0.378952
0.375473
0.382237
0.396422
0.378432
0.393267
0.367349
0.372298
0.397357
0.40852
0.415598
0.389369
0.374987
0.362355
0.356348
0.373763
0.390164
0.358845
0.342726
0.346465
0.37094
0.364323
0.393825
0.35369
0.352462
0.382114
0.393797
0.377122
0.350944
0.362192
0.390773
0.36277
0.359765
0.36748
0.371751
0.350663
0.35663
0.362705
0.38032
0.404183
0.425281
0.438773
0.409218
0.416094
0.391769
0.398471
0.416716
0.519225
0.534848
0.450196
0.439726
0.398902
0.42029
0.439012
0.405809
0.386225
0.405428
0.440126
0.386148
0.354479
0.389264
0.429722
0.392364
0.424309
0.399048
0.354589
0.349377
0.35308
0.358072
0.35298
0.352497
0.351893
0.347111
0.349781
0.345269
0.34877
0.348047
0.363805
0.432856
0.404232
0.395285
0.407517
0.385396
0.391573
0.406349
0.39664
0.372384
0.386335
0.373585
0.405395
0.378057
0.361313
0.36634
0.35351
0.364159
0.38556
0.406401
0.402487
0.411478
0.389865
0.383196
0.370239
0.381842
0.407655
0.389315
0.365463
0.375112
0.379666
0.398288
0.387343
0.407479
0.396704
0.386128
0.401199
0.40673
0.406765
0.404278
0.392025
0.418342
0.39029
0.412285
0.412378
0.400898
0.382547
0.373995
0.363926
0.344518
0.345633
0.365118
0.365232
0.364762
0.364987
0.379149
0.351165
0.363381
0.369465
0.372376
0.388814
0.385756
0.367002
0.373812
0.352708
0.350826
0.359038
0.366832
0.35574
0.34274
0.344394
0.368085
0.37585
0.376983
0.369581
0.376693
0.392107
0.40118
0.378005
0.389402
0.389726
0.366106
0.366578
0.385905
0.356627
0.352946
0.380431
0.382974
0.388735
0.375897
0.397266
0.392408
0.374979
0.362077
0.363912
0.388997
0.444662
0.456021
0.452823
0.457449
0.407641
0.419256
0.446125
0.474057
0.42275
0.445138
0.440957
0.396618
0.372583
0.38489
0.401404
0.388035
0.387788
0.45278
0.471935
0.43677
0.384048
0.401813
0.44368
0.391903
0.39459
0.427798
0.401077
0.419997
0.414058
0.357257
0.366709
0.376609
0.355746
0.364184
0.379889
0.402025
0.448505
0.422878
0.422638
0.454209
0.47536
0.445992
0.432665
0.451382
0.48585
0.493431
0.477462
0.486558
0.457777
0.431934
0.431476
0.432133
0.449634
0.430574
0.421468
0.434223
0.429375
0.377891
0.375019
0.424115
0.409282
0.398441
0.427835
0.436672
0.425685
0.418119
0.419791
0.385363
0.397076
0.393749
0.415291
0.372348
0.37655
0.410224
0.401132
0.409254
0.408797
0.399774
0.439435
0.469454
0.48725
0.440018
0.504093
0.463406
0.446277
0.464894
0.437268
0.426991
0.433969
0.457143
0.474117
0.470977
0.484884
0.39154
0.406477
0.394527
0.366522
0.361323
0.357219
0.377113
0.410314
0.412144
0.36736
0.355663
0.368477
0.382983
0.367138
0.358985
0.376612
0.346348
0.347065
0.342286
0.34686
0.3511
0.367928
0.384396
0.362887
0.386311
0.394375
0.369274
0.377318
0.360369
0.364497
0.373971
0.375654
0.35693
0.374724
0.379254
0.377967
0.387927
0.389732
0.387425
0.400301
0.406506
0.406674
0.371357
0.34986
0.350724
0.344837
0.351121
0.374084
0.354302
0.376208
0.388222
0.364329
0.346266
0.341304
0.35264
0.381703
0.402498
0.414177
0.421639
0.410892
0.405663
0.408291
0.406486
0.363436
0.382748
0.358063
0.372999
0.37605
0.383642
0.389548
0.351911
0.366931
0.365355
0.362812
0.360317
0.386009
0.371903
0.368119
0.357083
0.367134
0.384145
0.389092
0.378572
0.376523
0.405092
0.383746
0.393135
0.401377
0.410415
0.39844
0.356
0.351293
0.377137
0.396489
0.39031
0.375114
0.371515
0.37982
0.41459
0.425108
0.435502
0.413633
0.382742
0.367357
0.412902
0.391125
0.405521
0.443639
0.443848
0.434404
0.413294
0.413897
0.390998
0.418615
0.379733
0.41536
0.456994
0.473628
0.444463
0.46161
0.541082
0.560328
0.505572
0.432922
0.480995
0.490171
0.458127
0.38355
0.359537
0.350469
0.369206
0.355299
0.367345
0.357946
0.351516
0.359943
0.376502
0.371221
0.361732
0.364942
0.385429
0.400705
0.410349
0.401889
0.404441
0.421127
0.41747
0.399674
0.413107
0.413439
0.442755
0.404455
0.392765
0.40148
0.399119
0.419477
0.407963
0.389721
0.394525
0.397121
0.394243
0.402878
0.408913
0.486003
0.452622
0.402488
0.439022
0.401842
0.37416
0.416283
0.420247
0.372952
0.363863
0.37954
0.439531
0.446779
0.398554
0.430885
0.414228
0.420365
0.448417
0.441406
0.431093
0.417199
0.429281
0.439111
0.447224
0.501389
0.493197
0.488247
0.445367
0.398698
0.367674
0.355769
0.366066
0.35145
0.355587
0.350142
0.344288
0.346628
0.365964
0.374403
0.358312
0.362192
0.383433
0.383267
0.382532
0.365674
0.370483
0.386391
0.390313
0.431161
0.473087
0.465232
0.517559
0.498299
0.419866
0.379324
0.412413
0.426785
0.390356
0.396091
0.362803
0.360047
0.364243
0.392769
0.366061
0.354179
0.359292
0.368569
0.384035
0.366224
0.345058
0.350239
0.370797
0.367029
0.36957
0.368263
0.352465
0.355932
0.395454
0.459134
0.446788
0.4241
0.429543
0.445629
0.388468
0.410294
0.412046
0.373469
0.389683
0.424175
0.439465
0.433957
0.414441
0.423405
0.406661
0.388542
0.359915
0.359306
0.381007
0.437649
0.46099
0.471876
0.462801
0.434337
0.4198
0.445464
0.478512
0.440657
0.508413
0.469914
0.461119
0.481026
0.4058
0.386617
0.377503
0.390193
0.444089
0.44973
0.427897
0.419026
0.454944
0.456914
0.407844
0.355968
0.36462
0.361774
0.38386
0.394725
0.409408
0.427675
0.433766
0.487899
0.466339
0.384187
0.408907
0.424671
0.430761
0.434398
0.418905
0.426354
0.38197
0.380373
0.408071
0.376387
0.381673
0.384581
0.440471
0.447236
0.371477
0.405782
0.454792
0.437695
0.419237
0.412329
0.430463
0.370458
0.356828
0.379656
0.397964
0.401866
0.404056
0.407806
0.396134
0.392982
0.386583
0.364838
0.40753
0.387615
0.375513
0.375295
0.373936
0.397295
0.406391
0.391206
0.369365
0.406886
0.384902
0.381284
0.391554
0.40514
0.372793
0.353521
0.357427
0.344994
0.355371
0.395054
0.406389
0.371775
0.343917
0.353423
0.364426
0.389821
0.362044
0.359495
0.357109
0.376678
0.370588
0.376984
0.376301
0.406565
0.412497
0.405655
0.401382
0.418257
0.372725
0.40355
0.430801
0.413235
0.409476
0.37085
0.367786
0.368099
0.37417
0.373978
0.370653
0.349885
0.343482
0.347194
0.341161
0.343539
0.359844
0.383256
0.386389
0.399012
0.386321
0.396206
0.378292
0.3981
0.427863
0.424586
0.422462
0.395379
0.41605
0.404817
0.390168
0.424724
0.385095
0.41845
0.455963
0.422859
0.415748
0.375027
0.379849
0.436903
0.460798
0.447943
0.539116
0.544758
0.569533
0.531375
0.42443
0.396714
0.400562
0.378592
0.40604
0.389674
0.409107
0.394507
0.372798
0.350331
0.352001
0.347878
0.358797
0.37716
0.386307
0.392441
0.408425
0.380067
0.395731
0.401797
0.377614
0.383573
0.361692
0.374313
0.354337
0.357278
0.3808
0.39185
0.354096
0.351526
0.348016
0.360641
0.413226
0.440686
0.458973
0.443536
0.443562
0.443423
0.421058
0.39699
0.399986
0.385946
0.394205
0.404661
0.395778
0.403091
0.401589
0.388047
0.386062
0.413128
0.403656
0.390411
0.392869
0.383195
0.35327
0.387363
0.392855
0.407731
0.401947
0.390114
0.384937
0.368476
0.405057
0.392328
0.409309
0.40867
0.403407
0.410479
0.444787
0.436483
0.433669
0.4232
0.427971
0.474914
0.440831
0.437028
0.43251
0.424075
0.452579
0.433178
0.39209
0.385379
0.357617
0.350431
0.366256
0.405806
0.390205
0.427253
0.410265
0.423139
0.402123
0.392883
0.413543
0.448511
0.46989
0.393486
0.40856
0.405105
0.372302
0.397247
0.434941
0.452999
0.426308
0.425196
0.469853
0.421913
0.475254
0.49706
0.51014
0.516375
0.507112
0.482339
0.47821
0.545333
0.547428
0.540646
0.591567
0.522894
0.456216
0.451828
0.411691
0.436007
0.387986
0.445698
0.427966
0.429361
0.378754
0.364966
0.407505
0.443487
0.450308
0.43702
0.433802
0.392893
0.403853
0.400692
0.383118
0.369267
0.39683
0.400136
0.409446
0.402151
0.398428
0.394203
0.402175
0.395645
0.422983
0.434167
0.406162
0.404146
0.402719
0.404945
0.43162
0.39028
0.391623
0.401622
0.469003
0.431178
0.415718
0.421198
0.454724
0.420551
0.451255
0.415868
0.38614
0.365267
0.370813
0.356088
0.344418
0.343798
0.351261
0.36374
0.38067
0.393141
0.381103
0.379185
0.402733
0.39273
0.355066
0.354214
0.360025
0.392581
0.433295
0.475187
0.491859
0.49798
0.402467
0.430634
0.413693
0.423285
0.403437
0.468672
0.496153
0.426614
0.431794
0.364573
0.373695
0.382182
0.407304
0.408477
0.458332
0.395687
0.376455
0.39249
0.386718
0.395316
0.414
0.421939
0.39137
0.414019
0.441171
0.470087
0.403514
0.426464
0.477957
0.451254
0.458331
0.460393
0.417742
0.37665
0.390593
0.370404
0.376757
0.402727
0.424352
0.405501
0.423879
0.427341
0.401616
0.383067
0.422871
0.422614
0.447776
0.435822
0.421054
0.448991
0.437487
0.474044
0.466652
0.428618
0.440881
0.446437
0.436456
0.466608
0.47344
0.528209
0.54417
0.552155
0.563729
0.529061
0.447195
0.385793
0.395119
0.410795
0.432574
0.434334
0.40477
0.434193
0.437993
0.420535
0.406609
0.397644
0.38654
0.432085
0.435337
0.43026
0.42406
0.387651
0.365573
0.359833
0.354531
0.351004
0.361551
0.388704
0.375414
0.36337
0.382898
0.369162
0.4157
0.414151
0.431719
0.412618
0.416771
0.356335
0.351874
0.364755
0.366787
0.368111
0.378783
0.412043
0.478493
0.463013
0.452877
0.468134
0.378651
0.372975
0.370957
0.363688
0.449332
0.385814
0.407696
0.419023
0.51437
0.478644
0.444779
0.539338
0.518558
0.495659
0.501866
0.488742
0.512356
0.508056
0.466824
0.46184
0.440216
0.437052
0.466145
0.451026
0.421931
0.431585
0.39681
0.366203
0.357629
0.394156
0.376512
0.365275
0.393424
0.403707
0.37698
0.356795
0.370449
0.351078
0.380293
0.399408
0.407639
0.405826
0.38359
0.360857
0.354202
0.349654
0.365325
0.379054
0.392676
0.373611
0.365118
0.35725
0.368397
0.377118
0.403528
0.383839
0.392542
0.41029
0.426045
0.43042
0.424925
0.419591
0.45611
0.469933
0.458472
0.496635
0.466104
0.418017
0.408604
0.430539
0.40066
0.437909
0.467026
0.391303
0.421703
0.411925
0.437375
0.431783
0.417758
0.445271
0.462599
0.449055
0.427875
0.479379
0.4635
0.43015
0.44424
0.496943
0.416885
0.421424
0.401586
0.367466
0.416219
0.431256
0.408375
0.383137
0.378285
0.358127
0.355591
0.37724
0.381105
0.361568
0.376696
0.373611
0.358583
0.389717
0.392791
0.391125
0.378136
0.379363
0.393608
0.427659
0.418546
0.381927
0.395229
0.368968
0.364554
0.362954
0.390104
0.379015
0.374579
0.379394
0.386362
0.392609
0.436857
0.468605
0.460407
0.434882
0.480206
0.48551
0.468314
0.382297
0.471825
0.474116
0.415661
0.368052
0.350754
0.355791
0.369771
0.39065
0.404648
0.392932
0.395893
0.388653
0.398304
0.404946
0.384806
0.37523
0.370313
0.354099
0.350736
0.35915
0.397141
0.374807
0.354122
0.366268
0.364557
0.352032
0.363968
0.365136
0.34567
0.346312
0.346648
0.351414
0.362617
0.382721
0.358821
0.360017
0.389391
0.413647
0.418602
0.410613
0.403671
0.384481
0.406091
0.371958
0.399189
0.402862
0.390989
0.401424
0.424865
0.412718
0.41836
0.430138
0.458241
0.476249
0.451811
0.461709
0.443538
0.490192
0.440479
0.421146
0.446983
0.457254
0.423972
0.441817
0.473944
0.492341
0.47
0.462795
0.519696
0.428994
0.40425
0.41758
0.453007
0.437149
0.474742
0.511456
0.521298
0.413062
0.426458
0.423927
0.405239
0.399312
0.42663
0.420427
0.409269
0.434204
0.41771
0.414931
0.425007
0.424648
0.39245
0.396244
0.38751
0.363088
0.395558
0.384036
0.356675
0.383303
0.406605
0.409456
0.385936
0.396262
0.403786
0.425316
0.405657
0.381556
0.397548
0.398701
0.401243
0.406049
0.415521
0.401388
0.356136
0.349838
0.339002
0.344708
0.349452
0.376313
0.372032
0.359276
0.342347
0.341989
0.342489
0.342712
0.351288
0.348035
0.342784
0.340126
0.341811
0.342997
0.366655
0.390137
0.375368
0.381037
0.372026
0.380795
0.372236
0.375265
0.37904
0.348526
0.342454
0.344888
0.346596
0.349702
0.344587
0.34118
0.345658
0.344886
0.357467
0.365801
0.356247
0.366517
0.392997
0.410136
0.3833
0.403457
0.442083
0.436237
0.414087
0.373642
0.386226
0.36783
0.359258
0.36711
0.399039
0.374695
0.378284
0.413774
0.457274
0.473179
0.489774
0.505922
0.408849
0.399807
0.427452
0.404072
0.467322
0.451074
0.381649
0.360525
0.345398
0.356116
0.359372
0.377957
0.396506
0.387568
0.386473
0.422704
0.401092
0.394589
0.374425
0.377944
0.383301
0.346796
0.34626
0.346702
0.345599
0.372202
0.371614
0.343522
0.356673
0.359081
0.413802
0.401819
0.404953
0.392555
0.391866
0.417127
0.407133
0.398595
0.395866
0.39616
0.385616
0.393349
0.401829
0.376547
0.411969
0.45053
0.405175
0.371563
0.414388
0.454525
0.437736
0.412827
0.40721
0.447464
0.455083
0.456816
0.436871
0.475428
0.434734
0.387814
0.379484
0.386152
0.376706
0.352517
0.358304
0.367704
0.362019
0.372374
0.405096
0.423257
0.441698
0.443988
0.442254
0.443889
0.463979
0.46207
0.443562
0.423685
0.413374
0.48196
0.488629
0.469226
0.47283
0.489768
0.528854
0.564284
0.429992
0.423499
0.424394
0.432519
0.391644
0.421979
0.419178
0.410171
0.434778
0.438381
0.426041
0.447797
0.419623
0.408271
0.414194
0.375942
0.368642
0.372269
0.394343
0.39467
0.46354
0.461891
0.445729
0.434274
0.414806
0.434364
0.373198
0.38033
0.388656
0.378892
0.401134
0.409611
0.420195
0.383341
0.366793
0.400796
0.379018
0.409208
0.407462
0.417807
0.409712
0.402972
0.422393
0.42913
0.449157
0.443383
0.474616
0.423374
0.444316
0.448067
0.453169
0.412554
0.428369
0.441904
0.500333
0.473954
0.40431
0.469697
0.469473
0.432362
0.440961
0.408449
0.450002
0.426277
0.429055
0.436555
0.402132
0.389455
0.461847
0.46547
0.462399
0.422582
0.443299
0.423887
0.389345
0.377857
0.4029
0.378963
0.431714
0.420796
0.447874
0.45242
0.575171
0.577621
0.548611
0.478294
0.519589
0.443459
0.410759
0.41175
0.457107
0.427667
0.471287
0.473079
0.44299
0.423844
0.456328
0.477775
0.438083
0.440031
0.44173
0.43829
0.436748
0.440703
0.448667
0.434507
0.431209
0.416189
0.472027
0.488799
0.49103
0.505246
0.462059
0.414098
0.423941
0.408684
0.412745
0.434642
0.475986
0.452412
0.395232
0.401464
0.422697
0.434128
0.432035
0.478163
0.480621
0.397525
0.369062
0.359645
0.368387
0.361817
0.366343
0.396108
0.457523
0.493885
0.486068
0.436609
0.482673
0.424452
0.409049
0.433985
0.43018
0.447208
0.365357
0.409554
0.426384
0.427767
0.414551
0.474503
0.418377
0.442326
0.488719
0.537774
0.48611
0.513617
0.576581
0.523319
0.511697
0.508784
0.474574
0.475184
0.495989
0.453816
0.471805
0.512025
0.468773
0.452715
0.427095
0.420175
0.409851
0.40109
0.409896
0.432461
0.47194
0.519277
0.475388
0.450319
0.453159
0.427401
0.451737
0.470669
0.440078
0.431702
0.438938
0.434408
0.444202
0.454582
0.432852
0.471646
0.433009
0.50227
0.476907
0.43285
0.497106
0.476822
0.498615
0.491385
0.468534
0.434955
0.447791
0.463964
0.497984
0.465021
0.398886
0.36187
0.363696
0.385954
0.400184
0.441459
0.468698
0.424842
0.422231
0.410516
0.403819
0.417353
0.473988
0.441153
0.411625
0.447641
0.44538
0.390352
0.380862
0.372936
0.419304
0.478761
0.501637
0.507188
0.519668
0.504545
0.503916
0.520838
0.565159
0.543584
0.421845
0.364512
0.39621
0.411556
0.377398
0.398512
0.406514
0.408557
0.427659
0.421879
0.418565
0.433461
0.434597
0.433268
0.394884
0.411948
0.438087
0.413992
0.3917
0.401
0.375267
0.364158
0.345491
0.352577
0.386094
0.393502
0.355184
0.367914
0.405875
0.413515
0.443282
0.371324
0.366741
0.35789
0.369468
0.37055
0.360843
0.389535
0.421846
0.445191
0.432605
0.477286
0.422272
0.427862
0.400363
0.373718
0.372431
0.382808
0.382495
0.391472
0.430211
0.435606
0.415914
0.35939
0.394859
0.413574
0.395095
0.360221
0.347615
0.342346
0.350884
0.354451
0.36821
0.3855
0.350369
0.367884
0.39175
0.418693
0.41375
0.450833
0.413346
0.455319
0.50087
0.557147
0.582557
0.543575
0.55581
0.541228
0.515418
0.482303
0.521978
0.481889
0.471882
0.526311
0.467144
0.504403
0.502449
0.482575
0.484055
0.513993
0.528646
0.541243
0.449727
0.402271
0.410727
0.419054
0.401664
0.437722
0.474652
0.446515
0.435496
0.467348
0.471699
0.469391
0.51333
0.425936
0.460462
0.51279
0.467035
0.497798
0.50623
0.438587
0.437609
0.514389
0.497344
0.505738
0.495568
0.523421
0.524559
0.50015
0.437382
0.447469
0.49843
0.509735
0.462174
0.443089
0.482701
0.462242
0.446128
0.456613
0.464626
0.444017
0.430902
0.38626
0.370395
0.384525
0.392474
0.400339
0.386947
0.388113
0.392749
0.374594
0.390663
0.404416
0.448104
0.420127
0.431679
0.42141
0.405943
0.434944
0.438514
0.471072
0.434799
0.484865
0.477054
0.450401
0.452796
0.48576
0.465199
0.460389
0.410102
0.428703
0.430533
0.422046
0.459024
0.457727
0.451406
0.460847
0.465645
0.473407
0.471069
0.483093
0.460797
0.406736
0.428936
0.388527
0.388157
0.468623
0.486545
0.457198
0.448024
0.439353
0.524077
0.570968
0.560748
0.385882
0.394154
0.375498
0.359124
0.375812
0.373434
0.352692
0.348394
0.348672
0.350683
0.344997
0.355251
0.36335
0.393542
0.369256
0.364525
0.395437
0.370785
0.412183
0.44318
0.431907
0.432483
0.420339
0.443442
0.431024
0.422873
0.432243
0.418812
0.44266
0.495451
0.506115
0.528385
0.52221
0.495505
0.410377
0.471895
0.477546
0.540627
0.489112
0.48537
0.477023
0.505153
0.472787
0.447257
0.460848
0.4482
0.44392
0.468686
0.485286
0.455058
0.444763
0.426155
0.445131
0.4608
0.514771
0.521695
0.507335
0.454171
0.473771
0.499426
0.510494
0.493189
0.501395
0.518944
0.483491
0.488172
0.501335
0.544523
0.485776
0.481643
0.43726
0.411249
0.374637
0.386813
0.405
0.389387
0.41432
0.439558
0.391095
0.390518
0.411187
0.391397
0.388168
0.403889
0.419926
0.41691
0.431267
0.406388
0.371753
0.3921
0.394742
0.420007
0.385292
0.364222
0.364871
0.363108
0.362375
0.390651
0.380605
0.357335
0.357656
0.36205
0.3679
0.367982
0.390564
0.400462
0.47538
0.429997
0.407904
0.379701
0.39597
0.407428
0.392106
0.432721
0.435104
0.48712
0.40949
0.39669
0.405222
0.450155
0.425726
0.408447
0.389909
0.391624
0.389248
0.398058
0.384703
0.405638
0.375039
0.394374
0.462499
0.413753
0.424965
0.439736
0.397168
0.405712
0.387493
0.388358
0.390476
0.38631
0.367863
0.372053
0.365667
0.361045
0.364455
0.356481
0.370022
0.366315
0.358978
0.359102
0.355089
0.358263
0.3613
0.362143
0.364001
0.358402
0.360765
0.369212
0.378856
0.363747
0.36192
0.406039
0.402268
0.40702
0.41
0.390533
0.371949
0.379475
0.423153
0.372103
0.402761
0.393068
0.3895
0.388374
0.369254
0.36398
0.40197
0.368017
0.385401
0.423944
0.434992
0.393384
0.364547
0.381695
0.399695
0.364924
0.362217
0.358063
0.356929
0.391112
0.443105
0.390471
0.389738
0.41561
0.402227
0.416232
0.412137
0.407101
0.381446
0.388236
0.399199
0.387729
0.37791
0.375047
0.36132
0.376817
0.375955
0.37206
0.387638
0.420084
0.43232
0.421389
0.414179
0.518259
0.483174
0.392844
0.367923
0.35942
0.358685
0.399144
0.40727
0.410364
0.421362
0.407268
0.401677
0.388649
0.385932
0.388385
0.376892
0.395482
0.386919
0.390407
0.390951
0.403767
0.390284
0.396192
0.402939
0.386608
