	Reads	Bins	Mean	Var	Disp	Min	25th	Median	75th	Max
SRR089705	12356659	53977	228.92	95.0	0.41	0	167	220	281	4702
SRR089706	4825534	53977	89.4	45.74	0.51	0	59	84	114	2347
SRR089707	8840519	53977	163.78	78.06	0.48	0	112	155	206	4341
SRR089708	8506212	53977	157.59	66.95	0.42	0	114	152	194	4132
SRR089709	9884934	53977	183.13	96.71	0.53	0	117	173	239	4754
SRR089710	12302289	53977	227.92	95.89	0.42	0	173	221	274	8080
SRR089711	15311562	53977	283.67	114.91	0.41	0	221	277	338	12281
SRR089712	9703111	53977	179.76	83.23	0.46	0	126	173	226	5784
SRR089713	12856520	53977	238.19	98.92	0.42	0	177	232	292	8005
SRR089714	16942562	53977	313.88	138.76	0.44	0	244	307	375	14848
SRR089715	13258163	53977	245.63	122.64	0.5	0	162	236	317	5838
SRR089716	15655913	53977	290.05	127.85	0.44	0	215	282	356	12485
SRR089717	17758643	53977	329.0	344.39	1.05	0	110	230	459	28890
SRR089719	9749767	53977	180.63	66.41	0.37	0	144	179	215	5941
SRR089722	16458643	53977	304.92	126.72	0.42	0	231	298	370	11476
SRR089730	9984277	53977	184.97	81.05	0.44	0	132	178	230	5600
SRR089731	6473259	53977	119.93	62.18	0.52	0	81	114	152	4878
SRR089733	17682572	53977	327.59	142.33	0.43	0	258	320	388	15842
SRR089748	2949129	53977	54.64	32.36	0.59	0	35	50	68	2587
SRR089749	9039667	53977	167.47	73.15	0.44	0	118	161	210	3486
SRR089750	19003467	53977	352.07	148.52	0.42	0	273	343	421	16416
SRR089751	24779628	53977	459.08	189.23	0.41	0	338	449	568	13805
SRR089752	24800188	53977	459.46	193.56	0.42	0	350	449	556	18724
SRR089753	20831154	53977	385.93	161.57	0.42	0	293	377	468	14299
SRR089754	22259176	53977	412.38	171.05	0.41	0	312	402	500	15087
SRR089755	1529656	53977	28.34	13.05	0.46	0	20	27	35	789
SRR089756	9692890	53977	179.57	113.18	0.63	0	109	162	231	10569
SRR089757	12213831	53977	226.28	131.07	0.58	0	139	205	288	6016
SRR089817	11443593	53977	212.01	122.15	0.58	0	139	193	261	10194
SRR090126	16822844	53977	311.67	186.27	0.6	0	200	280	385	16641
SRR090129	13753507	53977	254.8	141.43	0.56	0	162	231	320	6233
SRR090130	11881406	53977	220.12	137.04	0.62	0	143	200	272	13549
SRR090131	12505257	53977	231.68	126.96	0.55	0	153	211	285	7858
SRR090133	12070927	53977	223.63	120.56	0.54	0	148	203	273	5707
SRR090135	2949101	53977	54.64	32.34	0.59	0	35	50	68	2580
SRR090142	9704717	53977	179.79	114.06	0.63	0	119	166	221	10797
SRR090144	11627158	53977	215.41	127.52	0.59	0	146	197	257	12254
SRR090155	6401859	53977	118.6	70.25	0.59	0	78	108	145	5346
SRR090156	7723613	53977	143.09	81.99	0.57	0	95	131	175	6374
SRR090158	6467115	53977	119.81	78.94	0.66	0	77	109	148	7103
SRR090159	13706350	53977	253.93	154.07	0.61	0	169	232	313	17990
SRR090198	10210901	53977	189.17	120.21	0.64	0	120	171	234	11123
SRR090206	11000038	53977	203.79	133.12	0.65	0	134	185	250	15111
SRR090209	14565005	53977	269.84	148.82	0.55	0	174	245	335	6471
SRR090210	18411966	53977	341.11	194.73	0.57	0	216	312	426	9091
SRR090211	19007073	53977	352.13	211.82	0.6	0	214	318	445	11928
SRR090212	17939380	53977	332.35	181.57	0.55	0	225	305	402	10959
SRR090213	20522538	53977	380.21	219.62	0.58	0	235	343	480	8962
