0.507462
0.48126
0.473983
0.462678
0.44323
0.423266
0.393601
0.368213
0.37687
0.386512
0.371082
0.417505
0.408713
0
0.423716
0.443672
0.398759
0.403587
0.370972
0.373512
0.440974
0.391116
0.437349
0.404705
0.413563
0.430287
0.410706
0.431533
0.39931
0.411896
0.373288
0.406355
0.404294
0.399141
0.432263
0.412584
0.408445
0.417595
0.406718
0.365719
0.378502
0.37182
0.398423
0.359536
0.371246
0.400939
0.397003
0.397124
0.455325
0.478798
0.395824
0.431091
0.37957
0.404158
0.44387
0.437506
0.397718
0.385448
0.351153
0.36014
0.371608
0.378331
0.432619
0.416354
0.385788
0.384722
0.363528
0.378793
0.410875
0.415542
0.492681
0.389566
0.382636
0.371827
0.381813
0.393783
0.353889
0.38352
0.384108
0.362408
0.37333
0.366997
0.372835
0.352496
0.387095
0.382026
0.365031
0.369118
0.398073
0.425222
0.440268
0.393206
0.350601
0.395393
0.376914
0.384313
0.388846
0.403749
0.366307
0.370308
0.361072
0.380587
0.376823
0.436113
0.413705
0.413087
0.389442
0.463049
0.436627
0.422194
0.413613
0.401433
0.457049
0.422466
0.379366
0.353314
0.373529
0.381937
0.368148
0.382382
0.384032
0.365442
0.392328
0.381263
0.412678
0.424636
0.466915
0.460627
0.362776
0.40463
0.40671
0.415013
0.408275
0.422721
0.43472
0.357962
0.404653
0.415611
0.365204
0.389858
0.414877
0.405162
0.456758
0.424189
0.400561
0.432602
0.399486
0.425929
0.38963
0.385145
0.37576
0.370653
0.391667
0.387998
0.362393
0.405292
0.410127
0.51394
0.392663
0.379765
0.36937
0.416293
0.398035
0
0.393458
0.392343
0.400859
0.437355
0.394205
0.415401
0.44075
0.525577
0.532119
0.420882
0.413097
0.400981
0.406965
0.432171
0.371191
0.380456
0.444748
0.413293
0.410367
0.423604
0.409049
0.443901
0.51047
0.458561
0.420101
0.369959
0.391969
0.41408
0.391601
0.496342
0.444833
0.375833
0.375934
0.379524
0.443637
0.424177
0.470551
0.444479
0.386801
0.377979
0.39039
0.408429
0.427608
0.390315
0.36613
0.357363
0.396566
0.427126
0.450049
0.454907
0.507361
0.142857
0.420154
0.417549
0.388825
0.400808
0.371068
0.346358
0.373069
0.346296
0.394468
0.385967
0.470228
0.142857
0.400267
0.395043
0.389239
0.361765
0.398689
0.412273
0.429707
0.382569
0.449233
0.48331
0.142857
0.418514
0.425582
0.408239
0.404998
0.399771
0.440246
0.446913
0.434617
0.417199
0.473662
0.486267
0.451408
0.450841
0.439819
0.437607
0.418232
0.425597
0.420475
0.50434
0.482721
0.442255
0.443823
0.468493
0.437557
0.4257
0.428955
0.525595
0.40248
0.420575
0.376395
0.383098
0.416796
0.400256
0.361529
0.468636
0.526021
0.503573
0.409071
0.447729
0.474377
0.493968
0.423506
0.423983
0.403687
0.433412
0.455065
0.460537
0.440887
0.45313
0.393487
0.372577
0.363947
0.424596
0.485847
0.142857
0.475152
0.469356
0.468844
0.506259
0.422795
0.406471
0.380675
0.385151
0.418285
0.408125
0.401065
0.395805
0.361325
0.367097
0.396114
0.392621
0.380515
0.400358
0.387216
0.447941
0.410236
0.393264
0.394098
0
0
0.395251
