0.503957
0.479377
0.474518
0.454868
0.435707
0.402644
0.37276
0.374895
0.387162
0.372772
0.421987
0.428692
0.398094
0.406941
0.349772
0.42724
0.40519
0.410664
0.42812
0.403419
0.435427
0.401502
0.431664
0.398023
0.393472
0.394283
0.406509
0.409325
0.416544
0.402818
0.426877
0.363351
0.376787
0.374145
0.398864
0.360552
0.372607
0.398066
0.40324
0.400422
0.474269
0.40507
0.411714
0.390276
0.41342
0.455512
0.404754
0.389153
0.358958
0.377513
0.396311
0.436792
0.399118
0.378414
0.36796
0.375426
0.407784
0.412922
0.471253
0.389191
0.364039
0.386277
0.359845
0.388686
0.371325
0.369286
0.374356
0.365856
0.356821
0.382295
0.383048
0.366228
0.368381
0.402056
0.438178
0.377718
0.369201
0.384087
0.388869
0.403033
0.367168
0.37035
0.361002
0.380222
0.377166
0.436971
0.414141
0.411512
0.389635
0.46596
0.42132
0.407255
0.434257
0.443868
0.368169
0.372978
0.382272
0.360762
0.396053
0.371635
0.382164
0.383084
0.41236
0.427748
0.445558
0.371675
0.410039
0.414126
0.41537
0.412591
0.365618
0.431559
0.377808
0.363915
0.415903
0.404324
0.458096
0.427415
0.404974
0.417543
0.405053
0.387602
0.375302
0.370272
0.395718
0.375943
0.376242
0.41451
0.46641
0.387157
0.382176
0.379578
0.402453
0.396097
0.432517
0.39882
0.418159
0.430938
0.524179
0.421913
0.403097
0.415021
0.364831
0.412299
0.428247
0.397517
0.432818
0.406137
0.42531
0.469958
0.456128
0.420511
0.369038
0.389983
0.430882
0.471677
0.386106
0.375283
0.383283
0.444493
0.42847
0.43528
0.383167
0.387421
0.451174
0.383202
0.369824
0.35802
0.394799
0.431254
0.452541
0.464271
0.417397
0.391713
0.401637
0.371832
0.344658
0.372422
0.34906
0.399605
0.418376
0.396973
0.387197
0.367282
0.396948
0.421089
0.405931
0.422438
0.473658
0.42225
0.407399
0.409875
0.40029
0.439024
0.44643
0.434046
0.417128
0.484327
0.44438
0.440528
0.410772
0.429428
0.483475
0.479541
0.444762
0.44374
0.469352
0.426484
0.429706
0.48439
0.400962
0.379565
0.412435
0.385436
0.406807
0.520922
0.462083
0.486644
0.483581
0.416397
0.435373
0.45561
0.469198
0.364634
0.39671
0.46529
0.475116
0.466141
0.498314
0.417108
0.403305
0.370929
0.404933
0.413375
0.381439
0.361224
0.38026
0.388765
0.391138
0.389295
0.388156
0.420381
0.407255
0.391458
