0.52347
0.485423
0.47304
0.482456
0.48011
0.474699
0.457473
0.457167
0.449265
0.41202
0.43645
0.402923
0.398077
0.362299
0.376609
0.362859
0.385686
0.400106
0.373796
0.361141
0.393482
0.41757
0.412046
0.441331
0.442652
0.41466
0.403654
0.39297
0.403453
0.409019
0.348182
0.351261
0.392556
0.463079
0.416222
0.394063
0.389797
0.431756
0.442317
0.413988
0.391608
0.415028
0.436555
0.43257
0.405349
0.410786
0.422414
0.43754
0.386289
0.396196
0.433369
0.370221
0.381701
0.399016
0.403968
0.434694
0.377213
0.371137
0.431555
0.405966
0.419071
0.42142
0.394206
0.412462
0.429271
0.418166
0.378566
0.361312
0.375778
0.373165
0.385521
0.364104
0.384681
0.402786
0.381454
0.358323
0.369296
0.359101
0.391278
0.403611
0.380494
0.379198
0.435889
0.393363
0.416302
0.453374
0.494045
0.3869
0.415567
0.458751
0.38372
0.381839
0.382302
0.395303
0.423977
0.440375
0.478357
0.424385
0.398532
0.398927
0.40579
0.368005
0.349371
0.357487
0.372923
0.372716
0.382373
0.37799
0.414756
0.465045
0.408553
0.413571
0.38404
0.377442
0.379621
0.387166
0.348233
0.383175
0.368363
0.384086
0.431743
0.382044
0.443238
0.491557
0.475012
0.392332
0.379407
0.400362
0.350769
0.369028
0.400489
0.389008
0.359569
0.349031
0.369458
0.387837
0.380575
0.388493
0.368241
0.360979
0.377312
0.367441
0.383124
0.352722
0.378982
0.367174
0.354654
0.35394
0.388142
0.384794
0.39422
0.371007
0.357227
0.374609
0.370567
0.361422
0.400193
0.40729
0.467442
0.41226
0.397803
0.381448
0.353139
0.348763
0.404459
0.39052
0.376377
0.390688
0.383129
0.394646
0.40228
0.403864
0.362162
0.366396
0.374401
0.361429
0.356529
0.380861
0.379163
0.372536
0.385254
0.407711
0.435722
0.427295
0.399046
0.42769
0.409391
0.369303
0.413251
0.446055
0.478193
0.433598
0.409769
0.419742
0.403428
0.397311
0.434142
0.463797
0.444454
0.426609
0.379915
0.364582
0.359294
0.377748
0.366397
0.383663
0.389387
0.354723
0.363206
0.393528
0.398449
0.375854
0.365742
0.368268
0.383217
0.398517
0.375557
0.388395
0.403888
0.423307
0.40483
0.449788
0.506138
0.400619
0.359117
0.370442
0.406307
0.417199
0.403947
0.397398
0.43063
0.403693
0.413158
0.432153
0.472783
0.366684
0.354325
0.372995
0.378651
0.481746
0.401468
0.371615
0.367374
0.358986
0.381788
0.429983
0.400093
0.425569
0.383658
0.450437
0.46833
0.419942
0.434918
0.390213
0.420172
0.426936
0.407815
0.404959
0.408391
0.400122
0.389219
0.384269
0.387505
0.376166
0.373947
0.362839
0.367855
0.408184
0.406563
0.370953
0.350295
0.375198
0.400254
0.4087
0.41996
0.412749
0.524946
0.400833
0.381902
0.368193
0.393742
0.367101
0.365858
0.418224
0.422155
0.398421
0.381239
0.396878
0.395583
0.425355
0.439868
0.422587
0.374604
0.410503
0.42646
0.415823
0.446706
0.501457
0.547058
0.429171
0.40623
0.431056
0.391118
0.400544
0.411521
0.416386
0.421479
0.354946
0.374761
0.376102
0.449358
0.417341
0.438495
0.405414
0.389941
0.419592
0.446776
0.41128
0.400522
0.414837
0.435597
0.450537
0.489547
0.496086
0.415864
0.41909
0.421671
0.363721
0.374448
0.408664
0.371373
0.419842
0.4017
0.488668
0.502758
0.455059
0.408957
0.38403
0.367678
0.389898
0.369414
0.373234
0.40778
0.448939
0.434137
0.425542
0.438804
0.448281
0.42237
0.395358
0.370935
0.380965
0.389884
0.389689
0.461185
0.440003
0.369392
0.397939
0.368351
0.370789
0.35546
0.359769
0.398735
0.392109
0.410073
0.452967
0.449424
0.45621
0.452246
0.47676
0.413477
0.421113
0.406371
0.376639
0.403878
0.400077
0.385633
0.357285
0.345271
0.343569
0.376381
0.368639
0.34503
0.35314
0.392845
0.406452
0.373839
0.463552
0.420833
0.375357
0.38692
0.391714
0.351504
0.369016
0.401632
0.396224
0.406194
0.418551
0.435246
0.417555
0.368013
0.412914
0.448987
0.455574
0.496372
0.419628
0.424705
0.411096
0.404273
0.432177
0.387636
0.392561
0.40744
0.435844
0.442613
0.45087
0.441959
0.429195
0.438957
0.408
0.426082
0.529469
0.438734
0.449507
0.43933
0.451792
0.441891
0.426381
0.398295
0.423613
0.441682
0.416782
0.442004
0.524485
0.490306
0.468709
0.415243
0.474264
0.439885
0.447933
0.467732
0.470591
0.447399
0.405792
0.420246
0.438645
0.420573
0.523828
0.398591
0.415942
0.367814
0.387886
0.381946
0.403301
0.419774
0.397157
0.39942
0.352052
0.378255
0.445714
0.549454
0.491955
0.502591
0.438043
0.467256
0.489156
0.484116
0.489089
0.478058
0.453963
0.392007
0.387362
0.423171
0.450068
0.442202
0.450347
0.460751
0.434462
0.504155
0.378286
0.350529
0.374379
0.419814
0.427255
0.503981
0.47814
0.472309
0.455297
0.477411
0.491032
0.505023
0.428468
0.407538
0.399266
0.407817
0.38709
0.371194
0.367173
0.419438
0.408722
0.429154
0.396497
0.425932
0.390244
0.36475
0.361192
0.360876
0.376434
0.393848
0.395101
0.378618
0.398589
0.369986
0.405367
0.402571
0.379719
0.390906
0.444636
0.409399
0.403498
0.387051
0.395931
