0.549333
0.492428
0.474655
0.48724
0.464851
0.490399
0.490939
0.473515
0.475041
0.482713
0.466783
0.474859
0.445213
0.473465
0.448039
0.449181
0.453083
0.447684
0.394225
0.438463
0.439326
0.410284
0.394571
0.404821
0.389369
0.389212
0.363908
0.355916
0.382821
0.367624
0.361324
0.383816
0.383586
0.388775
0.396383
0.403218
0.361932
0.380187
0.35185
0.348929
0.407343
0.436945
0.410997
0.419734
0.410691
0.440874
0.454634
0.470958
0.409037
0.429281
0.393731
0.411624
0.388249
0.38732
0.405846
0.396654
0.410978
0.422837
0.38837
0.355616
0.33875
0.358991
0.343856
0.359217
0.42609
0.463927
0.461238
0.416463
0.416009
0.415094
0.372139
0.379335
0.400023
0.419243
0.4411
0.465055
0.423547
0.423467
0.405613
0.382714
0.400029
0.422476
0.406575
0.446573
0.42718
0.407818
0.455317
0.430853
0.377197
0.40957
0.419171
0.396735
0.436821
0.455946
0.43436
0.40147
0.369762
0.408578
0.375099
0.431765
0.423913
0.418474
0.357791
0.382191
0.38349
0.368767
0.420693
0.398639
0.399581
0.4139
0.431831
0.436351
0.358832
0.377382
0.354825
0.419886
0.42846
0.424098
0.417457
0.394717
0.403804
0.436986
0.410262
0.367693
0.426321
0.44684
0.370461
0.421746
0.447356
0.41061
0.412523
0.376688
0.353615
0.362814
0.36105
0.384107
0.386219
0.376376
0.357876
0.392578
0.3794
0.359598
0.36156
0.390323
0.408798
0.402596
0.396516
0.377954
0.366817
0.35339
0.358241
0.368652
0.369684
0.351404
0.389167
0.387439
0.409028
0.399143
0.404107
0.365848
0.356224
0.387616
0.453406
0.427209
0.400394
0.384566
0.393459
0.434419
0.450339
0.457586
0.474699
0.510433
0.368632
0.402722
0.38233
0.439597
0.451771
0.480939
0.399487
0.375985
0.368886
0.391276
0.383936
0.373535
0.416853
0.37371
0.425987
0.415866
0.424465
0.433795
0.468939
0.475522
0.4687
0.412527
0.421903
0.396988
0.400596
0.403321
0.392802
0.402857
0.402613
0.377007
0.356451
0.355504
0.342922
0.35196
0.356562
0.365583
0.383863
0.361883
0.359398
0.385679
0.371704
0.393642
0.370722
0.385295
0.391019
0.437123
0.463722
0.464461
0.388191
0.429708
0.402956
0.424409
0.406699
0.360319
0.360056
0.395459
0.373663
0.385499
0.384851
0.389621
0.350121
0.346351
0.364839
0.400903
0.371245
0.364167
0.390372
0.379215
0.43638
0.425414
0.393223
0.370601
0.435424
0.449299
0.505745
0.476357
0.506345
0.44187
0.384044
0.401538
0.382759
0.374721
0.396031
0.405121
0.349244
0.351819
0.345965
0.389492
0.4188
0.386393
0.355931
0.396625
0.405539
0.364617
0.352136
0.346504
0.353611
0.361942
0.378537
0.380039
0.405159
0.369577
0.39898
0.378384
0.392034
0.364577
0.351671
0.367793
0.369638
0.374498
0.368039
0.365457
0.385063
0.377241
0.37554
0.344003
0.372509
0.373205
0.371409
0.358771
0.378088
0.349098
0.34539
0.350415
0.405483
0.374233
0.383666
0.385719
0.375556
0.410928
0.374801
0.368852
0.361411
0.356473
0.373245
0.374123
0.367587
0.374844
0.362676
0.359982
0.372281
0.422772
0.412412
0.404397
0.506485
0.420462
0.420068
0.410799
0.37536
0.408032
0.396562
0.352109
0.353777
0.349142
0.346704
0.397171
0.398033
0.394619
0.387101
0.388544
0.362617
0.393173
0.403318
0.378481
0.392601
0.373646
0.392775
0.397863
0.404548
0.402788
0.408209
0.383312
0.349689
0.365087
0.3691
0.360973
0.379219
0.374503
0.354289
0.360165
0.349285
0.377307
0.379736
0.389005
0.37875
0.372085
0.371002
0.379376
0.39027
0.367249
0.430677
0.452334
0.424059
0.441029
0.426743
0.38649
0.398248
0.453847
0.405821
0.402349
0.413455
0.388412
0.366075
0.373483
0.434216
0.450196
0.439756
0.481065
0.472596
0.429245
0.43872
0.431223
0.390331
0.408539
0.430521
0.41672
0.389892
0.388732
0.404628
0.404575
0.465231
0.470491
0.457532
0.429624
0.462266
0.46008
0.39641
0.360213
0.394289
0.372301
0.370757
0.348357
0.34669
0.373894
0.382576
0.370121
0.370217
0.36746
0.380212
0.39235
0.40413
0.359728
0.348019
0.36639
0.374611
0.345525
0.396036
0.416546
0.408353
0.371558
0.370838
0.37912
0.365018
0.367348
0.367946
0.372893
0.38127
0.39126
0.402804
0.376052
0.378245
0.380505
0.39362
0.429399
0.379401
0.403929
0.438284
0.418564
0.397309
0.435696
0.458177
0.544673
0.465787
0.439615
0.359269
0.363354
0.354334
0.372095
0.367384
0.404088
0.406293
0.410838
0.427067
0.400468
0.405161
0.395841
0.39793
0.42976
0.428433
0.406882
0.41093
0.371196
0.42033
0.439834
0.423825
0.456215
0.467805
0.369735
0.36081
0.346006
0.361167
0.364956
0.384716
0.368749
0.406306
0.481659
0.451306
0.412435
0.38762
0.362693
0.371342
0.365797
0.362834
0.35961
0.368952
0.361085
0.442878
0.436033
0.399948
0.390091
0.430459
0.421501
0.391016
0.376821
0.461455
0.436789
0.455944
0.479313
0.453641
0.383251
0.432569
0.445317
0.386009
0.374893
0.405939
0.461015
0.413738
0.428405
0.424829
0.382836
0.38926
0.424924
0.399812
0.428905
0.371098
0.394819
0.406227
0.389992
0.388355
0.375258
0.393434
0.382449
0.392313
0.395017
0.357011
0.358544
0.389468
0.350457
0.375179
0.364859
0.371034
0.406144
0.411303
0.394232
0.41837
0.369041
0.372756
0.356312
0.344097
0.358962
0.391578
0.388454
0.41269
0.413059
0.404553
0.403651
0.434139
0.398075
0.424315
0.500816
0.547203
0.408664
0.391174
0.400481
0.358166
0.354705
0.386759
0.391507
0.393771
0.373059
0.359301
0.378703
0.350053
0.413593
0.450919
0.40307
0.392902
0.371113
0.40114
0.385655
0.392063
0.405548
0.427001
0.432133
0.451181
0.431815
0.440084
0.390266
0.356023
0.396694
0.422577
0.401288
0.448817
0.404544
0.38784
0.442113
0.440013
0.461091
0.514695
0.487568
0.540671
0.553928
0.439193
0.41801
0.434876
0.378498
0.44348
0.419075
0.395189
0.388389
0.406
0.395407
0.416972
0.405561
0.416991
0.41284
0.429862
0.406484
0.362161
0.346208
0.373086
0.383794
0.389173
0.356376
0.434942
0.481441
0.415814
0.424752
0.458829
0.369004
0.404218
0.411909
0.390516
0.412917
0.409759
0.438655
0.454338
0.454306
0.387732
0.381429
0.411707
0.424072
0.408022
0.432114
0.435053
0.463191
0.437236
0.454111
0.52127
0.549896
0.427486
0.417386
0.422761
0.426168
0.399877
0.429725
0.41011
0.361076
0.356808
0.376204
0.384182
0.419503
0.403369
0.357412
0.368833
0.44313
0.460964
0.383875
0.398327
0.481104
0.500902
0.500872
0.504436
0.462164
0.442734
0.436505
0.379164
0.379121
0.389194
0.370108
0.371587
0.403086
0.367441
0.359949
0.38165
0.363557
0.385295
0.39448
0.429364
0.42919
0.468709
0.45431
0.409468
0.448222
0.404688
0.434041
0.443953
0.447318
0.45187
0.455832
0.403827
0.414013
0.389104
0.359272
0.37505
0.369538
0.386947
0.383641
0.409415
0.386446
0.37698
0.373916
0.400038
0.454778
0.462778
0.438587
0.460313
0.361546
0.374971
0.396759
0.393824
0.389189
0.36342
0.368008
0.365062
0.36349
0.36096
0.345945
0.3636
0.363983
0.406783
0.406596
0.38946
0.39403
0.411194
0.417761
0.460221
0.452496
0.460525
0.441943
0.440406
0.473732
0.49012
0.411188
0.446246
0.508047
0.421482
0.40386
0.420579
0.423131
0.421907
0.392226
0.382281
0.371305
0.401416
0.398876
0.408924
0.394624
0.407997
0.379665
0.343004
0.36058
0.358285
0.342637
0.348075
0.341536
0.353537
0.383545
0.376344
0.377017
0.345579
0.34798
0.344025
0.349751
0.36294
0.39442
0.408327
0.422588
0.376771
0.365301
0.383609
0.435734
0.494511
0.408054
0.449075
0.364511
0.357787
0.388949
0.407785
0.38208
0.371258
0.344811
0.366257
0.352037
0.403283
0.395146
0.41056
0.395121
0.394374
0.400024
0.40423
0.438022
0.415256
0.451726
0.453895
0.396403
0.375985
0.360746
0.378336
0.428014
0.447097
0.459396
0.421232
0.481827
0.4794
0.511028
0.417988
0.418923
0.429288
0.42442
0.386211
0.383133
0.44526
0.436075
0.401278
0.385142
0.408049
0.383727
0.390756
0.41447
0.408559
0.43779
0.451009
0.446154
0.427061
0.471205
0.443602
0.445915
0.432422
0.42674
0.42118
0.45354
0.427263
0.389549
0.409959
0.439765
0.569893
0.503584
0.422894
0.435939
0.469794
0.442624
0.446736
0.438374
0.443496
0.437029
0.497173
0.419645
0.452283
0.40757
0.444239
0.433211
0.365837
0.370697
0.472725
0.461861
0.421786
0.42149
0.4116
0.439477
0.44251
0.505496
0.541261
0.503168
0.478466
0.479875
0.459769
0.422169
0.410866
0.477303
0.45818
0.454102
0.432485
0.438767
0.450753
0.476725
0.469553
0.489307
0.449579
0.481533
0.379722
0.386764
0.448361
0.418927
0.427449
0.431374
0.427048
0.379142
0.479097
0.510068
0.529686
0.393378
0.395999
0.414032
0.418291
0.419594
0.406092
0.383125
0.351856
0.380607
0.39031
0.408317
0.361834
0.368192
0.419587
0.44392
0.423586
0.374909
0.383892
0.431428
0.383572
0.396589
0.345954
0.355806
0.368238
0.392461
0.431245
0.463107
0.562954
0.543723
0.505281
0.489984
0.486698
0.493393
0.528467
0.441033
0.42204
0.444218
0.477088
0.466481
0.490669
0.463097
0.501312
0.515014
0.474524
0.491613
0.458579
0.45268
0.455454
0.395626
0.388655
0.390507
0.385146
0.418814
0.424638
0.422578
0.455228
0.457782
0.471373
0.425966
0.434499
0.461305
0.464977
0.472179
0.428442
0.399597
0.475217
0.454152
0.56022
0.38467
0.371161
0.351269
0.347301
0.365293
0.372142
0.384701
0.436801
0.430685
0.430943
0.428923
0.501538
0.515231
0.459153
0.493834
0.480668
0.444136
0.475242
0.444174
0.456838
0.52006
0.47137
0.504643
0.491757
0.519238
0.437185
0.39475
0.41768
0.39898
0.391469
0.421225
0.398397
0.401761
0.376265
0.363651
0.377767
0.361717
0.376078
0.438539
0.395963
0.39926
0.447361
0.411558
0.42579
0.39035
0.390324
0.426922
0.421221
0.392991
0.382754
0.368028
0.360392
0.364842
0.358378
0.361867
0.366119
0.366534
0.405644
0.392438
0.395665
0.390371
0.383543
0.37889
0.397789
0.398504
0.384648
0.360845
0.397884
0.39501
0.412139
0.399958
0.391928
0.374266
0.373027
0.393263
0.418234
0.462122
0.409787
0.410702
0.393207
0.387396
0.394327
