0.512924
0.563367
0.580264
0.504768
0.464229
0.533766
0.476606
0.451426
0.48497
0.465339
0.505857
0.489543
0.460279
0.430571
0.484917
0.493908
0.506384
0.491307
0.487425
0.474556
0.455854
0.495754
0.470974
0.466064
0.474373
0.484052
0.494151
0.453042
0.470755
0.482167
0.477633
0.468008
0.461626
0.448662
0.430462
0.473431
0.475728
0.457406
0.453891
0.447408
0.466897
0.417406
0.471096
0.47476
0.427442
0.455272
0.45791
0.418809
0.376128
0.400211
0.410858
0.423525
0.473994
0.485036
0.410041
0.405349
0.405462
0.41842
0.399374
0.390102
0.3981
0.407364
0.402628
0.409064
0.384487
0.380956
0.41154
0.381112
0.35837
0.38076
0.353786
0.351599
0.349686
0.370788
0.383224
0.380924
0.391324
0.363227
0.356247
0.35306
0.369972
0.363552
0.374943
0.398888
0.376413
0.395192
0.37996
0.38437
0.395248
0.390302
0.405705
0.391664
0.418043
0.407916
0.371916
0.367684
0.352762
0.368897
0.384204
0.382706
0.351003
0.347849
0.351727
0.344368
0.349453
0.371733
0.389896
0.434886
0.474929
0.400219
0.433425
0.418665
0.414742
0.406464
0.421759
0.419647
0.3785
0.410525
0.407395
0.410614
0.428187
0.416568
0.411167
0.426897
0.448367
0.448219
0.407387
0.463546
0.488024
0.465992
0.494189
0.421188
0.382743
0.424848
0.443052
0.430965
0.401713
0.37383
0.40562
0.424567
0.400778
0.416609
0.398165
0.378273
0.379911
0.393533
0.385163
0.39694
0.395197
0.410818
0.404756
0.397928
0.411147
0.411998
0.418589
0.424805
0.418547
0.402148
0.393109
0.371548
0.362854
0.353401
0.34045
0.337513
0.339136
0.344337
0.372177
0.357265
0.339435
0.344961
0.35485
0.365277
0.356732
0.3951
0.463282
0.472488
0.45849
0.468589
0.471509
0.455427
0.418125
0.432855
0.409654
0.415049
0.418821
0.425887
0.417055
0.413006
0.374025
0.364208
0.38027
0.380558
0.375572
0.394317
0.395352
0.407815
0.428811
0.429527
0.399632
0.467418
0.41895
0.506356
0.439959
0.444751
0.42577
0.418314
0.407437
0.424226
0.43003
0.429476
0.393583
0.375883
0.374052
0.401975
0.390797
0.409258
0.391918
0.424885
0.439343
0.413413
0.416132
0.390489
0.440604
0.46693
0.442966
0.462662
0.380871
0.404427
0.409976
0.407745
0.442333
0.463387
0.473447
0.437365
0.389294
0.354179
0.396319
0.432182
0.397956
0.392457
0.392498
0.43023
0.428748
0.370193
0.409661
0.439436
0.448946
0.435376
0.486536
0.422855
0.441668
0.427013
0.435132
0.39525
0.404534
0.385469
0.35654
0.381544
0.397865
0.418007
0.404011
0.377794
0.359835
0.427463
0.447273
0.396719
0.430017
0.43271
0.462776
0.40125
0.381744
0.359852
0.352
0.359103
0.380026
0.405724
0.397634
0.375075
0.355633
0.367311
0.381151
0.424143
0.411978
0.40574
0.37904
0.42469
0.425967
0.388933
0.389094
0.398021
0.425038
0.448055
0.448952
0.411941
0.435321
0.445327
0.384358
0.358299
0.34995
0.365415
0.384478
0.373752
0.355842
0.353308
0.366328
0.420245
0.467018
0.412063
0.428388
0.411685
0.425616
0.457394
0.445535
0.422425
0.415814
0.426357
0.441927
0.407548
0.369668
0.380749
0.430437
0.426337
0.386868
0.397023
0.458082
0.431173
0.437799
0.423684
0.435252
0.386766
0.359923
0.364187
0.386386
0.421413
0.437019
0.47542
0.45246
0.395271
0.357718
0.387935
0.366078
0.410258
0.461105
0.460034
0.422798
0.46068
0.421648
0.407399
0.401613
0.422676
0.396878
0.403388
0.375958
0.37404
0.359709
0.346013
0.351216
0.362349
0.370547
0.371432
0.355087
0.360143
0.375111
0.395788
0.382896
0.384204
0.399976
0.38775
0.362056
0.350966
0.350776
0.374344
0.38862
0.409388
0.383456
0.382883
0.366777
0.35291
0.362525
0.364089
0.362501
0.359839
0.388074
0.393919
0.391234
0.407353
0.412985
0.406868
0.401753
0.396688
0.400747
0.394545
0.391509
0.377529
0.366709
0.360913
0.369581
0.376364
0.34968
0.341956
0.356782
0.361355
0.357086
0.358598
0.38405
0.39325
0.36512
0.340494
0.339881
0.364045
0.382308
0.400274
0.371781
0.377222
0.398905
0.408292
0.423753
0.398783
0.397332
0.386581
0.411612
0.407956
0.3976
0.365313
0.371041
0.356525
0.349542
0.362615
0.364507
0.389891
0.438317
0.428694
0.474217
0.490333
0.393327
0.387391
0.402882
0.399261
0.408023
0.374421
0.381922
0.408572
0.377101
0.40164
0.429192
0.467613
0.459419
0.448326
0.442189
0.461078
0.457231
0.457828
0.484877
0.491991
0.53742
0.498481
0.368985
0.366037
0.379754
0.394235
0.416006
0.397786
0.371422
0.384527
0.430919
0.458282
0.482399
0.434649
0.468931
0.484059
0.470584
0.419837
0.407235
0.377196
0.368755
0.382353
0.368911
0.362907
0.37844
0.403985
0.378702
0.38727
0.380694
0.388234
0.37235
0.367341
0.392376
0.420447
0.423756
0.390527
0.362851
0.372575
0.414712
0.447876
0.433272
0.405834
0.407889
0.425769
0.432725
0.424197
0.444081
0.436987
0.464445
0.476451
0.486322
0.515393
0.42298
0.493292
0.455811
0.425642
0.420387
0.401366
0.414418
0.445581
0.398949
0.386014
0.401077
0.401541
0.392008
0.407646
0.400087
0.409205
0.387435
0.38893
0.398467
0.380654
0.426982
0.434387
0.397885
0.369276
0.404357
0.357909
0.359944
0.359769
0.347812
0.351585
0.360689
0.344505
0.342213
0.345911
0.344432
0.358058
0.36431
0.349811
0.365966
0.345375
0.349951
0.35442
0.377974
0.377341
0.388175
0.390879
0.370871
0.346243
0.351141
0.358643
0.366925
0.382162
0.383815
0.384641
0.360847
0.382401
0.386928
0.401328
0.374185
0.379142
0.371128
0.36738
0.379799
0.405042
0.394111
0.388449
0.423806
0.440616
0.439017
0.433365
0.48488
0.464672
0.487373
0.461711
0.385195
0.392071
0.388448
0.43596
0.439526
0.407777
0.400707
0.408427
0.427053
0.421859
0.42271
0.404088
0.396793
0.37659
0.3488
0.360995
0.359104
0.356116
0.38602
0.391345
0.399415
0.364962
0.381134
0.371661
0.380141
0.402515
0.389511
0.372474
0.391356
0.400944
0.380381
0.356349
0.342492
0.35088
0.345313
0.345477
0.362785
0.365622
0.372879
0.411173
0.394433
0.397661
0.36272
0.356918
0.352471
0.364131
0.404214
0.371173
0.398391
0.376043
0.382461
0.380594
0.434689
0.467324
0.419881
0.436426
0.416234
0.397637
0.379032
0.373116
0.368637
0.384259
0.412296
0.46672
0.463894
0.443039
0.438078
0.484778
0.54057
0.485035
0.514953
0.453009
0.460385
0.500364
0.524039
0.492264
0.436759
0.393308
0.37071
0.395389
0.392687
0.396377
0.409292
0.410197
0.375481
0.364488
0.371158
0.375495
0.384989
0.375421
0.419503
0.433451
0.399513
0.369654
0.353389
0.343555
0.354572
0.353481
0.347226
0.346252
0.344069
0.352198
0.370972
0.41816
0.406422
0.423441
0.424601
0.407236
0.374116
0.355382
0.3587
0.352254
0.36523
0.388232
0.405876
0.402855
0.413569
0.394332
0.409476
0.400642
0.355986
0.34717
0.348584
0.356692
0.351455
0.343041
0.346701
0.345251
0.350951
0.373396
0.371093
0.355127
0.364852
0.386618
0.36492
0.376843
0.372681
0.39424
0.409211
0.410254
0.391488
0.36186
0.363609
0.383265
0.408657
0.401319
0.380729
0.371954
0.37808
0.394517
0.397465
0.372867
0.352913
0.352832
0.347666
0.357688
0.375041
0.367913
0.352592
0.358228
0.392366
0.3842
0.366285
0.363339
0.382721
0.362005
0.361078
0.370333
0.36029
0.38739
0.388431
0.396177
0.378225
0.361334
0.38887
0.365841
0.353426
0.343223
0.343751
0.35624
0.387161
0.371572
0.373271
0.375325
0.383369
0.372094
0.356517
0.350942
0.362461
0.388864
0.388884
0.353529
0.345252
0.356383
0.344316
0.346391
0.344873
0.341013
0.352713
0.3641
0.409877
0.408236
0.387523
0.366225
0.378959
0.375475
0.382239
0.396419
0.378434
0.393269
0.367344
0.372298
0.397362
0.408518
0.415598
0.389369
0.374984
0.362359
0.356349
0.373761
0.390163
0.358844
0.342728
0.346465
0.370938
0.364324
0.393829
0.353679
0.352473
0.382112
0.393798
0.377123
0.35095
0.362186
0.390773
0.362767
0.359766
0.36748
0.371752
0.350658
0.35663
0.362707
0.380321
0.404183
0.425278
0.438775
0.409217
0.416094
0.391769
0.398471
0.416715
0.519239
0.534808
0.450205
0.439734
0.398893
0.420281
0.43903
0.40581
0.386215
0.405444
0.440114
0.386163
0.354466
0.389267
0.429713
0.392369
0.424317
0.39904
0.354585
0.349382
0.353077
0.358077
0.35298
0.352493
0.351898
0.347104
0.349785
0.345269
0.348778
0.348046
0.363802
0.432857
0.404227
0.395291
0.407518
0.385393
0.391576
0.406343
0.396642
0.372383
0.386336
0.373583
0.405396
0.378055
0.361314
0.36634
0.353511
0.364157
0.385563
0.4064
0.402488
0.411479
0.389866
0.383194
0.370238
0.381843
0.407655
0.389314
0.365465
0.37511
0.379665
0.398288
0.387343
0.407475
0.396708
0.386127
0.4012
0.406728
0.406766
0.404285
0.392021
0.418339
0.390292
0.412287
0.412377
0.400898
0.382549
0.373996
0.363924
0.344524
0.345629
0.365118
0.365227
0.364768
0.364988
0.379151
0.351164
0.363384
0.369456
0.372387
0.388808
0.385759
0.366998
0.373807
0.352722
0.350819
0.359042
0.36683
0.35574
0.342735
0.344391
0.368078
0.375857
0.376983
0.36958
0.376694
0.392107
0.401176
0.378006
0.389401
0.389728
0.366106
0.366576
0.385898
0.356635
0.352944
0.380433
0.382974
0.388734
0.375895
0.397267
0.392409
0.374977
0.362077
0.363913
0.388998
0.444663
0.456022
0.452822
0.457449
0.40764
0.419253
0.446128
0.474055
0.422753
0.445136
0.44096
0.396621
0.372579
0.384889
0.401405
0.388034
0.387788
0.45278
0.471936
0.436772
0.384044
0.401813
0.443682
0.391902
0.394592
0.427797
0.401078
0.419997
0.414056
0.357257
0.36671
0.376608
0.35575
0.364182
0.379887
0.402022
0.448506
0.42288
0.422637
0.45421
0.475365
0.44599
0.432663
0.451381
0.48585
0.493431
0.477462
0.486557
0.457777
0.431934
0.431475
0.432135
0.449636
0.430575
0.421466
0.434222
0.429376
0.377889
0.375017
0.424115
0.409283
0.398441
0.427835
0.436673
0.425684
0.418118
0.419791
0.385363
0.397074
0.393751
0.415291
0.372347
0.37655
0.410223
0.401132
0.409255
0.408795
0.399776
0.439433
0.469454
0.487252
0.440016
0.504093
0.463407
0.446276
0.464894
0.437269
0.42699
0.43397
0.457143
0.474118
0.470976
0.484884
0.391544
0.406476
0.394526
0.366525
0.36132
0.35722
0.377114
0.410314
0.412143
0.36736
0.355661
0.368479
0.382983
0.367136
0.358987
0.376615
0.346347
0.347063
0.342289
0.346861
0.351096
0.367927
0.384401
0.362887
0.386308
0.394375
0.369275
0.377317
0.360369
0.364499
0.37397
0.375652
0.356927
0.374728
0.379254
0.377968
0.387925
0.38973
0.387425
0.400301
0.406507
0.406673
0.371358
0.349861
0.350724
0.344837
0.351118
0.374085
0.354307
0.376206
0.388222
0.364328
0.346267
0.341302
0.352642
0.381705
0.402494
0.414177
0.421645
0.410893
0.405659
0.408291
0.406491
0.363431
0.382749
0.358063
0.372995
0.37605
0.383642
0.389547
0.351915
0.36693
0.365354
0.362814
0.360317
0.386008
0.371901
0.36812
0.357083
0.367134
0.384144
0.389089
0.378571
0.376522
0.405093
0.383747
0.393131
0.401381
0.410416
0.398441
0.355998
0.351299
0.377133
0.396491
0.39031
0.375116
0.371515
0.37982
0.41459
0.425106
0.435505
0.413632
0.382739
0.367361
0.412903
0.391123
0.405524
0.443639
0.443849
0.434404
0.413295
0.413897
0.390997
0.418615
0.379732
0.41536
0.456995
0.473626
0.444463
0.461611
0.541082
0.560329
0.505573
0.432921
0.480995
0.490171
0.458126
0.38355
0.359536
0.350469
0.369209
0.355298
0.367346
0.357944
0.351515
0.359943
0.376502
0.37122
0.361733
0.364941
0.385428
0.400705
0.410354
0.401887
0.40444
0.421127
0.41747
0.399678
0.413105
0.413441
0.442757
0.404458
0.392754
0.401487
0.399111
0.419485
0.407961
0.389726
0.394517
0.397127
0.39424
0.402882
0.40891
0.485998
0.452631
0.402487
0.439022
0.401843
0.37416
0.416287
0.420248
0.372949
0.363862
0.37954
0.439532
0.446778
0.398555
0.430886
0.414229
0.420363
0.448419
0.441404
0.431093
0.4172
0.429282
0.439112
0.447224
0.50139
0.493197
0.488247
0.445365
0.398698
0.367674
0.355769
0.366065
0.35145
0.355587
0.350142
0.344288
0.346628
0.365964
0.374404
0.358312
0.362192
0.383433
0.383269
0.382534
0.365673
0.370483
0.38639
0.390316
0.431155
0.473093
0.465234
0.51756
0.498301
0.419861
0.379324
0.412415
0.426783
0.390354
0.396093
0.362801
0.360045
0.36424
0.39277
0.366067
0.354173
0.359289
0.368571
0.384038
0.36622
0.345053
0.350252
0.370789
0.367028
0.369567
0.368263
0.352472
0.355935
0.395443
0.459156
0.446774
0.424096
0.42955
0.445625
0.38848
0.410283
0.412044
0.37347
0.389697
0.424169
0.439469
0.433959
0.414438
0.423407
0.406651
0.388547
0.359911
0.359306
0.381003
0.437651
0.460989
0.471882
0.462797
0.434336
0.4198
0.445463
0.478511
0.440657
0.508413
0.469913
0.461119
0.481028
0.405798
0.386619
0.377503
0.390196
0.444088
0.449728
0.427901
0.419025
0.454946
0.456914
0.40784
0.355966
0.364621
0.361776
0.38386
0.394725
0.409409
0.427675
0.433766
0.487898
0.46634
0.384187
0.408905
0.424673
0.430761
0.434398
0.418902
0.426351
0.381972
0.380373
0.408075
0.376386
0.381673
0.38458
0.440472
0.447237
0.371477
0.405783
0.454792
0.437695
0.419237
0.412329
0.430463
0.370458
0.356828
0.379654
0.397965
0.401865
0.404057
0.407804
0.396134
0.392981
0.386582
0.364838
0.407529
0.387613
0.375516
0.375294
0.373936
0.397293
0.406391
0.391207
0.369365
0.406885
0.3849
0.381285
0.391553
0.405141
0.372792
0.353521
0.357426
0.344993
0.355373
0.395054
0.406389
0.371775
0.343916
0.353423
0.364422
0.389827
0.36204
0.359494
0.357109
0.37668
0.370588
0.376983
0.376302
0.406565
0.412498
0.405654
0.401385
0.418255
0.372725
0.40355
0.430801
0.413234
0.409477
0.37085
0.367787
0.368098
0.374169
0.373977
0.370653
0.349886
0.343483
0.347194
0.34116
0.343541
0.359841
0.383258
0.386389
0.399014
0.386323
0.396204
0.378293
0.398099
0.427863
0.42459
0.422461
0.395381
0.41605
0.40482
0.390166
0.424724
0.385096
0.41845
0.455962
0.422859
0.415749
0.375027
0.379849
0.436903
0.460799
0.447943
0.539116
0.544758
0.569533
0.531375
0.424399
0.396713
0.400573
0.378622
0.406008
0.38966
0.409104
0.394526
0.372797
0.350343
0.35198
0.34788
0.35881
0.377143
0.386333
0.392418
0.408426
0.380074
0.39581
0.401726
0.377593
0.383599
0.361702
0.374291
0.35433
0.357288
0.380802
0.39186
0.354085
0.351512
0.348031
0.360634
0.413227
0.440689
0.458964
0.443553
0.443555
0.443428
0.421046
0.397003
0.39998
0.38595
0.394205
0.404664
0.395772
0.403092
0.401589
0.388046
0.386062
0.413132
0.403655
0.390411
0.392866
0.383201
0.353268
0.387357
0.392856
0.407736
0.401946
0.390115
0.384936
0.368478
0.405054
0.392326
0.40931
0.40867
0.40341
0.410475
0.444788
0.436481
0.433672
0.4232
0.42797
0.474916
0.440834
0.437031
0.432508
0.424073
0.452583
0.433177
0.392088
0.385379
0.357617
0.350431
0.36626
0.405802
0.390204
0.427257
0.410263
0.423141
0.402125
0.392883
0.413541
0.448512
0.469889
0.393487
0.408561
0.405104
0.372301
0.397247
0.434941
0.453
0.426307
0.425196
0.469854
0.421912
0.475256
0.497059
0.510141
0.516373
0.507112
0.482339
0.47821
0.545336
0.547426
0.540643
0.591567
0.522896
0.456217
0.451827
0.411694
0.436007
0.387987
0.445699
0.427966
0.429359
0.378757
0.364965
0.407504
0.443483
0.450312
0.437022
0.433799
0.392892
0.403857
0.400692
0.383114
0.369269
0.396828
0.400136
0.409447
0.402152
0.398426
0.394204
0.402171
0.395649
0.422978
0.434174
0.40616
0.404143
0.402722
0.404945
0.43162
0.39028
0.391622
0.401623
0.469004
0.431179
0.415719
0.421199
0.454725
0.42055
0.451255
0.415868
0.38614
0.365268
0.370812
0.356088
0.344418
0.343798
0.35126
0.363741
0.380668
0.393142
0.381103
0.379186
0.402734
0.392728
0.355067
0.354216
0.360023
0.392581
0.433295
0.47519
0.491857
0.497981
0.402464
0.430632
0.413698
0.423284
0.403435
0.468672
0.496154
0.426615
0.431793
0.364574
0.373694
0.382183
0.407304
0.408477
0.458332
0.395687
0.376455
0.39249
0.386717
0.395317
0.414
0.421938
0.39137
0.414017
0.441174
0.47009
0.40351
0.426466
0.477954
0.451256
0.458333
0.460394
0.417741
0.376645
0.3906
0.370404
0.376756
0.402723
0.424355
0.405498
0.423883
0.42734
0.401616
0.383071
0.42287
0.422613
0.447773
0.435826
0.421055
0.448993
0.437482
0.474047
0.466654
0.428615
0.440887
0.446435
0.436453
0.466612
0.473442
0.528208
0.54417
0.552155
0.56373
0.52906
0.447194
0.385794
0.395121
0.410794
0.432574
0.434335
0.404772
0.434189
0.437996
0.420533
0.40661
0.397646
0.386539
0.432086
0.435337
0.43026
0.42406
0.38765
0.365575
0.359834
0.354533
0.351001
0.361551
0.388707
0.375412
0.363371
0.382897
0.369161
0.4157
0.414153
0.431714
0.412621
0.416775
0.356335
0.351875
0.364753
0.366786
0.368112
0.37878
0.412048
0.478489
0.463013
0.452875
0.468136
0.378652
0.372975
0.370957
0.363689
0.449332
0.385814
0.407691
0.419031
0.514366
0.478644
0.444781
0.539333
0.518563
0.495657
0.501869
0.488734
0.512364
0.508055
0.466822
0.461843
0.440211
0.437055
0.466144
0.451027
0.421929
0.431588
0.396807
0.366205
0.357623
0.394159
0.376513
0.365277
0.393423
0.403707
0.376977
0.356799
0.37045
0.351076
0.380293
0.399405
0.407644
0.405827
0.383592
0.36086
0.3542
0.349655
0.365321
0.379055
0.392676
0.373612
0.365114
0.357256
0.368399
0.37711
0.403523
0.383849
0.392534
0.410292
0.426044
0.430424
0.424926
0.419596
0.456107
0.469931
0.458467
0.496637
0.466105
0.418024
0.408601
0.430539
0.400657
0.437913
0.467023
0.391305
0.421704
0.411925
0.437374
0.431782
0.417761
0.44527
0.462597
0.449055
0.427875
0.479379
0.463497
0.430151
0.44424
0.496946
0.41688
0.421426
0.401586
0.367466
0.416216
0.431257
0.408375
0.383134
0.378286
0.358127
0.355591
0.37724
0.381105
0.361568
0.376694
0.373611
0.358584
0.389717
0.392792
0.391125
0.378136
0.379362
0.393608
0.427659
0.418548
0.381928
0.395229
0.368966
0.364555
0.362957
0.390103
0.379014
0.374581
0.379394
0.386363
0.392606
0.436861
0.468605
0.460406
0.434881
0.480207
0.48551
0.468315
0.382297
0.471825
0.474115
0.415661
0.36805
0.350756
0.355788
0.369772
0.390648
0.404647
0.392934
0.395892
0.388653
0.398302
0.404946
0.384808
0.37523
0.37031
0.354102
0.350735
0.359148
0.397141
0.374807
0.35412
0.36627
0.364557
0.352032
0.363966
0.365136
0.345672
0.346308
0.34665
0.351413
0.362615
0.382725
0.358817
0.360018
0.389393
0.413646
0.418603
0.410615
0.403672
0.384481
0.406092
0.371959
0.399187
0.402864
0.390987
0.401425
0.424865
0.412717
0.418359
0.43014
0.458242
0.476248
0.451813
0.461707
0.443541
0.49019
0.44048
0.421142
0.446986
0.457254
0.42397
0.441818
0.473943
0.492343
0.469999
0.462792
0.519702
0.428989
0.404251
0.417582
0.453007
0.437149
0.474742
0.511456
0.521298
0.413062
0.426457
0.42393
0.405238
0.399311
0.42663
0.420428
0.40927
0.434204
0.417711
0.414929
0.425006
0.424648
0.392451
0.396243
0.387511
0.363088
0.395556
0.384035
0.356676
0.383303
0.406605
0.409454
0.385937
0.396263
0.403788
0.425317
0.405651
0.381556
0.397554
0.398699
0.401244
0.406045
0.415523
0.401389
0.356133
0.349838
0.339001
0.34471
0.349452
0.376313
0.372034
0.359277
0.342343
0.341992
0.34249
0.342708
0.351289
0.348035
0.342785
0.340121
0.34182
0.342995
0.366654
0.390139
0.375366
0.38104
0.372019
0.380803
0.372232
0.375266
0.379039
0.348524
0.342458
0.344885
0.346598
0.349704
0.344585
0.34118
0.345655
0.344889
0.357468
0.365802
0.356252
0.366514
0.392991
0.410134
0.383301
0.403464
0.442081
0.436232
0.41409
0.37364
0.386225
0.367829
0.359261
0.367108
0.399037
0.374696
0.378284
0.413773
0.457274
0.473179
0.489774
0.505922
0.408849
0.399807
0.427453
0.40407
0.467321
0.451075
0.381646
0.360528
0.3454
0.356114
0.359371
0.377956
0.396504
0.387575
0.386469
0.422703
0.401096
0.394585
0.374425
0.377943
0.383302
0.346794
0.346258
0.3467
0.3456
0.372202
0.371616
0.343523
0.356667
0.359081
0.413804
0.401818
0.404957
0.392562
0.39186
0.417127
0.407132
0.398595
0.395864
0.396159
0.385617
0.393352
0.401832
0.376546
0.411967
0.450538
0.405173
0.371556
0.414389
0.454526
0.437736
0.412825
0.407211
0.447462
0.455081
0.456822
0.436871
0.475425
0.434733
0.387816
0.379484
0.386152
0.376706
0.352517
0.358305
0.367704
0.362016
0.372376
0.405095
0.423257
0.441699
0.443988
0.442255
0.443888
0.46398
0.46207
0.443562
0.423686
0.413373
0.481959
0.48863
0.469225
0.47283
0.489768
0.528854
0.564284
0.429992
0.4235
0.424394
0.432519
0.391644
0.421978
0.419178
0.410172
0.434779
0.438381
0.426038
0.447799
0.419625
0.408271
0.414193
0.375945
0.368638
0.372273
0.394343
0.394669
0.463543
0.461888
0.445732
0.434272
0.414806
0.434365
0.373201
0.380329
0.388659
0.37889
0.401135
0.409609
0.420193
0.383342
0.366792
0.4008
0.379015
0.409207
0.407463
0.417805
0.409711
0.402972
0.422392
0.429131
0.44916
0.443375
0.474624
0.423371
0.444319
0.448061
0.453173
0.412556
0.428363
0.441902
0.500331
0.473961
0.404306
0.469693
0.469482
0.432354
0.440965
0.408446
0.450006
0.426282
0.429049
0.436558
0.402139
0.389447
0.461846
0.465473
0.462388
0.422605
0.443298
0.423885
0.389347
0.37785
0.402903
0.378969
0.431707
0.420803
0.44786
0.452424
0.575308
0.577555
0.548498
0.478221
0.519585
0.443381
0.410798
0.411802
0.457119
0.427628
0.471333
0.473039
0.443039
0.423785
0.456344
0.477791
0.43806
0.440043
0.441664
0.438246
0.436859
0.440705
0.44863
0.434499
0.431245
0.416149
0.472068
0.488801
0.491038
0.505256
0.462044
0.414085
0.423951
0.40868
0.412744
0.434644
0.475987
0.452414
0.395231
0.401463
0.422698
0.434127
0.432034
0.478162
0.480622
0.397523
0.369064
0.359645
0.368388
0.361816
0.366345
0.396107
0.457523
0.493887
0.486067
0.43661
0.482674
0.424452
0.409048
0.433986
0.430179
0.447209
0.365357
0.409555
0.426385
0.427768
0.414552
0.474504
0.418376
0.442323
0.488721
0.537774
0.48611
0.513617
0.576581
0.523319
0.511697
0.508784
0.474574
0.475184
0.49599
0.453816
0.471805
0.512025
0.468773
0.452716
0.427095
0.420176
0.40985
0.401089
0.409896
0.432462
0.47194
0.519277
0.475388
0.450318
0.453159
0.427401
0.451738
0.470666
0.440081
0.431701
0.438935
0.434409
0.444202
0.454582
0.432852
0.471647
0.433007
0.502269
0.476906
0.43285
0.497104
0.476822
0.498616
0.491385
0.468531
0.434955
0.44779
0.463964
0.497985
0.465021
0.398886
0.36187
0.363696
0.385953
0.400185
0.441458
0.468698
0.424842
0.422232
0.410515
0.403817
0.417354
0.47399
0.441151
0.411624
0.447642
0.445379
0.390352
0.380862
0.372936
0.419305
0.478761
0.501637
0.507188
0.519668
0.504545
0.503916
0.520838
0.565159
0.543584
0.421846
0.364511
0.396212
0.411553
0.3774
0.398511
0.406511
0.408558
0.427658
0.421878
0.418567
0.433458
0.434596
0.43327
0.394885
0.411948
0.438088
0.413991
0.391702
0.401002
0.375268
0.364159
0.345492
0.352576
0.386091
0.393503
0.355183
0.367914
0.405875
0.413516
0.443279
0.371323
0.366746
0.357888
0.36947
0.370549
0.360844
0.389535
0.421844
0.445193
0.432605
0.477287
0.422273
0.427864
0.400361
0.373719
0.372432
0.382809
0.382496
0.391466
0.430216
0.435603
0.415911
0.359395
0.394863
0.413572
0.395093
0.360219
0.347619
0.342346
0.350884
0.354446
0.368213
0.385498
0.350368
0.367888
0.391751
0.418691
0.413751
0.450834
0.413348
0.455319
0.500871
0.557146
0.582559
0.543575
0.555809
0.541231
0.515415
0.482303
0.521981
0.481889
0.471882
0.526311
0.467143
0.504405
0.502449
0.482576
0.484055
0.513993
0.528647
0.541244
0.449728
0.402271
0.410727
0.419056
0.401664
0.437721
0.474653
0.446515
0.435496
0.467347
0.471699
0.469391
0.51333
0.425936
0.460463
0.512789
0.467035
0.497798
0.506229
0.438588
0.437609
0.514388
0.497345
0.505737
0.495569
0.523421
0.524559
0.50015
0.437381
0.447469
0.49843
0.509735
0.462174
0.443089
0.482701
0.462242
0.446127
0.456613
0.464626
0.444016
0.430902
0.386262
0.370394
0.384526
0.392473
0.400337
0.386947
0.388114
0.39275
0.374594
0.390663
0.404414
0.448102
0.420127
0.431682
0.421408
0.405944
0.434947
0.438513
0.471072
0.434799
0.484865
0.477055
0.450401
0.452796
0.485761
0.465198
0.460388
0.410102
0.428702
0.430532
0.422045
0.459024
0.457726
0.451407
0.460847
0.465644
0.473408
0.471068
0.483094
0.460796
0.406736
0.428935
0.388528
0.388157
0.468623
0.486545
0.457198
0.448024
0.439353
0.524077
0.570968
0.560748
0.385882
0.394154
0.375497
0.359125
0.375812
0.373433
0.352693
0.348395
0.348672
0.350684
0.344997
0.35525
0.36335
0.393541
0.369256
0.364525
0.395438
0.370785
0.412182
0.443181
0.431907
0.432483
0.420339
0.443441
0.431024
0.422874
0.432244
0.418812
0.44266
0.495451
0.506115
0.528385
0.52221
0.495505
0.410377
0.471895
0.477546
0.540628
0.489113
0.485371
0.477023
0.505153
0.472788
0.447257
0.460847
0.4482
0.44392
0.468687
0.485286
0.455058
0.444763
0.426156
0.445131
0.4608
0.514771
0.521695
0.507334
0.454171
0.473771
0.499427
0.510493
0.493189
0.501396
0.518944
0.483491
0.488171
0.501336
0.544523
0.483692
0.435208
0.404903
0.375409
0.389105
0.404989
0.388917
0.421395
0.43307
0.390995
0.391318
0.412249
0.388962
0.391637
0.406729
0.418494
0.414279
0.433281
0.400986
0.373706
0.388235
0.402221
0.414752
0.383833
0.363942
0.364065
0.363512
0.363435
0.393093
0.377437
0.357442
0.35742
0.363542
0.366096
0.37104
0.389946
0.403007
0.477954
0.429561
0.403077
0.380026
0.396434
0.407316
0.392077
0.434875
0.4349
0.487301
0.408264
0.397531
0.40454
0.451022
0.425941
0.407749
0.389413
0.391862
0.389187
0.397963
0.384838
0.405683
0.375169
0.394232
0.461068
0.41518
0.424802
0.439805
0.398145
0.40424
0.388149
0.389131
0.390679
0.386032
0.368128
0.371631
0.36609
0.36123
0.36392
0.357148
0.369251
0.367035
0.358788
0.358774
0.35557
0.357521
0.362366
0.36069
0.364014
0.360669
0.359686
0.369862
0.37739
0.364285
0.360863
0.402611
0.405642
0.403012
0.411289
0.393559
0.372098
0.379804
0.417738
0.377379
0.398569
0.397332
0.387989
0.389513
0.370682
0.362268
0.403045
0.366811
0.383148
0.419058
0.440098
0.398431
0.36284
0.378601
0.402202
0.36719
0.362015
0.358043
0.354442
0.385327
0.445663
0.393326
0.388094
0.415369
0.399118
0.418168
0.413109
0.408776
0.383338
0.387437
0.396291
0.391595
0.378467
0.373274
0.364302
0.373215
0.37856
0.369719
0.386992
0.414348
0.431427
0.423548
0.402944
0.509521
0.5069
0.393624
0.483757
0.389656
0.358656
0.361122
0.389578
0.413088
0.407724
0.417096
0.411321
0.403265
0.388906
0.384112
0.389856
0.377126
0.390974
0.39242
0.389571
0.388927
0.405041
0.390318
0.395527
0.403427
0.390686
