0.503979
0.479257
0.474669
0.455237
0.43547
0.403394
0.372619
0.374922
0.387161
0.372511
0.422034
0.428679
0.398294
0.406233
0.34972
0.427785
0.405153
0.410855
0.428154
0.403293
0.435423
0.401765
0.431686
0.39772
0.393926
0.394042
0.406469
0.409347
0.416287
0.402888
0.42666
0.363249
0.376996
0.374091
0.398759
0.36062
0.372641
0.397713
0.403662
0.400775
0.474219
0.405067
0.411719
0.390279
0.413528
0.45543
0.404766
0.389156
0.358945
0.377555
0.39639
0.436733
0.398862
0.378534
0.36771
0.375776
0.407879
0.412797
0.471027
0.389385
0.363746
0.386256
0.359947
0.388717
0.371155
0.369342
0.374109
0.365819
0.356977
0.382802
0.382828
0.366439
0.36807
0.402174
0.438365
0.377747
0.368918
0.384128
0.389841
0.401822
0.361225
0.366706
0.37484
0.376149
0.411498
0.414192
0.419789
0.392247
0.461928
0.421292
0.407427
0.43397
0.444137
0.368226
0.373082
0.381817
0.36142
0.395717
0.371467
0.382871
0.382787
0.412598
0.427727
0.445528
0.371644
0.410071
0.414112
0.415355
0.41263
0.365703
0.43147
0.377529
0.36407
0.416059
0.404376
0.458282
0.427377
0.40513
0.417382
0.405086
0.387479
0.375226
0.370307
0.396042
0.375455
0.376708
0.414364
0.466726
0.387204
0.382132
0.379537
0.402439
0.396231
0.432614
0.398558
0.418468
0.431261
0.524366
0.421891
0.403201
0.414924
0.364827
0.412702
0.427919
0.397684
0.433193
0.405882
0.425223
0.470077
0.456151
0.420379
0.369075
0.390001
0.430956
0.471216
0.385847
0.375367
0.383795
0.444387
0.428537
0.435255
0.383103
0.38753
0.450539
0.383623
0.369566
0.357615
0.395416
0.43144
0.452823
0.464497
0.417248
0.391492
0.401978
0.371471
0.344419
0.372507
0.349088
0.399635
0.418581
0.396713
0.386729
0.368188
0.396364
0.422252
0.404979
0.423392
0.473727
0.422141
0.407677
0.409895
0.399953
0.439229
0.446409
0.434074
0.417113
0.484164
0.444414
0.440693
0.410922
0.429257
0.483546
0.479535
0.444745
0.443902
0.469162
0.42656
0.429423
0.484606
0.400962
0.37958
0.412495
0.385307
0.40687
0.52095
0.462081
0.486641
0.483565
0.416437
0.435375
0.455538
0.469245
0.364709
0.397065
0.465555
0.47531
0.46634
0.498028
0.417078
0.403255
0.371239
0.403906
0.412836
0.375432
0.362508
0.389533
0.393484
0.381988
0.394795
0.415119
0.406835
0.391693
