0.523154
0.580928
0.536491
0.464985
0.523378
0.483822
0.440385
0.496507
0.477562
0.500427
0.454158
0.462199
0.491401
0.500498
0.494359
0.472215
0.453527
0.49852
0.473532
0.4688
0.478462
0.487731
0.470515
0.465242
0.475803
0.48305
0.468209
0.457143
0.442851
0.444625
0.481298
0.465409
0.452482
0.449406
0.454133
0.432975
0.477661
0.450546
0.449767
0.452358
0.414031
0.380496
0.405651
0.411236
0.470162
0.473654
0.419795
0.404794
0.406668
0.417376
0.391104
0.392348
0.413128
0.394342
0.406164
0.398192
0.377121
0.410112
0.378259
0.363401
0.374624
0.34928
0.350536
0.361368
0.374225
0.387796
0.386698
0.366094
0.355964
0.35657
0.368758
0.37073
0.383656
0.386574
0.38556
0.386836
0.382943
0.39249
0.397323
0.400101
0.407506
0.414368
0.37675
0.369938
0.352584
0.368439
0.385251
0.376958
0.350387
0.348173
0.346611
0.347825
0.37073
0.392708
0.457254
0.433892
0.429516
0.42769
0.407931
0.406033
0.422798
0.411971
0.381974
0.413953
0.416353
0.441447
0.447363
0.415742
0.467943
0.47504
0.500695
0.42881
0.383096
0.431677
0.445757
0.410329
0.378492
0.39348
0.426489
0.399394
0.418537
0.388526
0.380676
0.393904
0.381127
0.395384
0.392266
0.410176
0.405565
0.400423
0.405573
0.403557
0.439183
0.417322
0.410334
0.393897
0.371907
0.362907
0.348492
0.341337
0.335989
0.343196
0.359365
0.365349
0.343148
0.344151
0.351661
0.365551
0.356444
0.401983
0.481641
0.458932
0.468263
0.471496
0.459082
0.413288
0.4275
0.418708
0.410306
0.422814
0.423048
0.411876
0.37798
0.364859
0.378483
0.382976
0.380545
0.401355
0.392451
0.41378
0.435186
0.408463
0.467828
0.43822
0.478291
0.443753
0.430789
0.418126
0.409518
0.423722
0.429565
0.426648
0.38234
0.36501
0.392129
0.39688
0.405672
0.39828
0.427986
0.422754
0.429404
0.389033
0.439606
0.461818
0.457882
0.429434
0.387988
0.401756
0.412168
0.436692
0.443334
0.485231
0.439438
0.388564
0.356736
0.394444
0.439698
0.386111
0.39427
0.408312
0.446281
0.379323
0.389649
0.442903
0.445464
0.447111
0.466847
0.426971
0.435045
0.436344
0.409277
0.399841
0.388043
0.355222
0.391068
0.399441
0.416667
0.392293
0.35626
0.40925
0.449747
0.395986
0.431303
0.435294
0.446283
0.402441
0.364196
0.359109
0.352524
0.370223
0.403852
0.39944
0.373959
0.355737
0.371895
0.387961
0.417115
0.427026
0.377117
0.408688
0.431298
0.388771
0.390493
0.404819
0.430329
0.446341
0.414382
0.439217
0.453696
0.386034
0.356741
0.348867
0.374247
0.388321
0.359994
0.351788
0.357222
0.397734
0.465767
0.422176
0.426365
0.44402
0.428706
0.411781
0.441446
0.422961
0.382528
0.366337
0.42621
0.426989
0.384864
0.419109
0.439206
0.432379
0.429315
0.379508
0.361038
0.364831
0.405687
0.445324
0.445878
0.466627
0.406555
0.357556
0.387864
0.365027
0.433235
0.454382
0.439205
0.451312
0.416751
0.396181
0.423367
0.399161
0.398718
0.375517
0.371254
0.35484
0.348398
0.353683
0.363627
0.378831
0.35931
0.354096
0.377338
0.387792
0.384702
0.384819
0.400672
0.382061
0.356669
0.344491
0.370052
0.376737
0.401339
0.389472
0.386024
0.366105
0.353914
0.363106
0.363394
0.360696
0.365774
0.397385
0.389541
0.404441
0.40805
0.40979
0.403154
0.394743
0.401367
0.394722
0.385617
0.374178
0.361636
0.368308
0.372914
0.355984
0.342716
0.355341
0.360293
0.355475
0.365404
0.387458
0.389015
0.347002
0.340886
0.347513
0.383785
0.398777
0.372669
0.381092
0.403175
0.41281
0.407412
0.404796
0.375534
0.417811
0.404689
0.396843
0.366058
0.36486
0.352787
0.357062
0.359407
0.382587
0.417484
0.42971
0.471834
0.48981
0.392387
0.387981
0.404058
0.40484
0.391509
0.372224
0.399646
0.390285
0.396324
0.42085
0.460494
0.471758
0.433056
0.451221
0.463042
0.458482
0.473699
0.49895
0.520796
0.5025
0.367683
0.369454
0.384287
0.392497
0.42212
0.377358
0.37741
0.414293
0.45405
0.478519
0.436371
0.475667
0.482381
0.458145
0.411749
0.384382
0.379168
0.373184
0.375982
0.365413
0.375232
0.401217
0.382422
0.384057
0.391397
0.375358
0.364867
0.381564
0.406133
0.431504
0.393102
0.363703
0.374811
0.421482
0.44793
0.414715
0.416723
0.410636
0.442779
0.417654
0.442349
0.441366
0.460288
0.480516
0.503288
0.446567
0.492303
0.455599
0.42442
0.415976
0.411781
0.425057
0.412646
0.395285
0.394753
0.40458
0.390338
0.407903
0.39927
0.408785
0.386276
0.395963
0.385749
0.396671
0.439426
0.418618
0.374227
0.395227
0.358593
0.361205
0.357193
0.347996
0.354203
0.359301
0.339769
0.344438
0.342759
0.353072
0.36217
0.354243
0.36382
0.343618
0.351804
0.363359
0.376805
0.389318
0.383996
0.380103
0.347498
0.351019
0.358668
0.368958
0.386185
0.385833
0.366817
0.371712
0.389067
0.39932
0.381657
0.374277
0.371465
0.366702
0.385713
0.406858
0.385916
0.397836
0.453235
0.428684
0.436361
0.483476
0.468505
0.489655
0.421572
0.38854
0.388251
0.42803
0.440093
0.406711
0.398214
0.41479
0.42818
0.415773
0.422854
0.393969
0.382004
0.34975
0.361238
0.35691
0.358668
0.39458
0.396623
0.380172
0.373755
0.375607
0.37424
0.400863
0.390633
0.376598
0.392757
0.394248
0.36968
0.347557
0.348649
0.343803
0.3472
0.360036
0.365913
0.375011
0.406897
0.396072
0.388637
0.356553
0.355016
0.354085
0.397901
0.375438
0.396095
0.375653
0.382547
0.393493
0.455842
0.431612
0.43232
0.423694
0.400053
0.38144
0.372614
0.368502
0.386724
0.434807
0.448969
0.4668
0.436463
0.489136
0.530925
0.497529
0.481838
0.449742
0.499393
0.523581
0.484957
0.41003
0.380099
0.383343
0.39403
0.394855
0.411097
0.40938
0.37512
0.36351
0.374399
0.377632
0.377852
0.395615
0.428383
0.416599
0.374705
0.355595
0.344053
0.354911
0.351953
0.346755
0.346742
0.343746
0.360115
0.388823
0.421406
0.410894
0.426223
0.406965
0.368604
0.358168
0.35579
0.35708
0.373294
0.406223
0.399805
0.408393
0.395112
0.416602
0.362027
0.345058
0.349275
0.354534
0.35379
0.341551
0.347443
0.344529
0.366321
0.3684
0.352171
0.388199
0.364524
0.377338
0.372747
0.399239
0.407166
0.401895
0.380877
0.364698
0.36967
0.403605
0.404005
0.380118
0.370194
0.385346
0.398864
0.385734
0.358397
0.350916
0.350238
0.354202
0.374144
0.366642
0.354068
0.36054
0.394302
0.377411
0.366615
0.376924
0.364318
0.360022
0.367732
0.364696
0.395004
0.388226
0.392997
0.356098
0.38997
0.366524
0.354106
0.343008
0.342518
0.371457
0.37906
0.367735
0.381345
0.37498
0.376178
0.356106
0.351754
0.366424
0.400064
0.364488
0.347802
0.353793
0.344971
0.345825
0.345043
0.342724
0.353121
0.372406
0.417931
0.397631
0.372402
0.371056
0.378582
0.385423
0.388593
0.38956
0.382789
0.36816
0.381301
0.410471
0.411992
0.394669
0.375494
0.362344
0.356765
0.380828
0.381484
0.347815
0.341984
0.364938
0.358179
0.395349
0.354499
0.354663
0.383563
0.397921
0.358097
0.354253
0.380879
0.375236
0.35943
0.366475
0.371825
0.350372
0.356883
0.362381
0.384112
0.404196
0.432925
0.427783
0.415474
0.39643
0.400899
0.411446
0.533404
0.497436
0.447459
0.416386
0.41198
0.432437
0.413335
0.391282
0.401168
0.437585
0.385232
0.354878
0.399596
0.417241
0.397103
0.430538
0.359793
0.348183
0.351849
0.356395
0.354266
0.352625
0.348275
0.350131
0.345105
0.348923
0.347001
0.364312
0.432318
0.401374
0.400278
0.394344
0.385211
0.407744
0.394944
0.371703
0.38423
0.37598
0.403393
0.362162
0.365359
0.349331
0.378315
0.395891
0.398643
0.413515
0.394858
0.382516
0.369817
0.388223
0.402901
0.375069
0.373195
0.379737
0.391697
0.390484
0.408286
0.39375
0.408041
0.406724
0.395212
0.405878
0.408508
0.400013
0.41014
0.404874
0.383889
0.372458
0.358072
0.342539
0.35231
0.364647
0.36998
0.361021
0.377623
0.35462
0.362284
0.370669
0.374757
0.391604
0.374241
0.37386
0.35837
0.350546
0.361371
0.366283
0.351558
0.342323
0.348081
0.375822
0.369369
0.384038
0.367137
0.390179
0.401564
0.379686
0.388275
0.389595
0.358824
0.374445
0.37403
0.353507
0.371203
0.385278
0.386584
0.375784
0.401088
0.38483
0.371407
0.35946
0.380149
0.428275
0.451876
0.454106
0.456601
0.40781
0.423093
0.452503
0.458491
0.427085
0.452332
0.398085
0.372622
0.39066
0.395501
0.380325
0.423097
0.482216
0.440692
0.392872
0.396525
0.439566
0.390928
0.402073
0.420352
0.404126
0.430949
0.376399
0.360423
0.376443
0.35638
0.363822
0.378844
0.408359
0.440922
0.433499
0.430292
0.460158
0.464282
0.434633
0.442952
0.49436
0.476336
0.48955
0.462742
0.432303
0.425439
0.451046
0.431869
0.422526
0.42969
0.439854
0.385048
0.377763
0.427872
0.400905
0.414738
0.426387
0.434689
0.419999
0.418066
0.385655
0.403954
0.39707
0.394833
0.369743
0.403541
0.397439
0.411336
0.40739
0.413544
0.457059
0.490046
0.432978
0.506958
0.455096
0.451928
0.457634
0.410749
0.434959
0.454831
0.480497
0.466316
0.480222
0.389876
0.396651
0.387037
0.354797
0.362268
0.37379
0.402123
0.411893
0.365058
0.354592
0.378066
0.369038
0.369842
0.362695
0.342608
0.346743
0.34206
0.350083
0.36463
0.383995
0.363872
0.396773
0.375086
0.376578
0.368276
0.363557
0.368971
0.376988
0.357079
0.37801
0.376768
0.382793
0.391589
0.387233
0.398853
0.406368
0.402321
0.365028
0.351391
0.34627
0.347195
0.358384
0.368611
0.364414
0.390699
0.364906
0.3481
0.341551
0.355419
0.389497
0.400501
0.421796
0.418669
0.404386
0.410836
0.403902
0.36448
0.380938
0.358195
0.373551
0.382636
0.391486
0.361474
0.35958
0.367528
0.363752
0.361101
0.387442
0.367768
0.364955
0.358958
0.376869
0.38791
0.379868
0.377748
0.39956
0.38634
0.392207
0.40317
0.408759
0.38721
0.351213
0.358267
0.39163
0.397611
0.377969
0.367975
0.38022
0.413612
0.431057
0.431708
0.400307
0.371442
0.389357
0.403405
0.401043
0.435253
0.442744
0.432896
0.417913
0.402702
0.39861
0.398723
0.395646
0.447298
0.464628
0.456923
0.455895
0.544936
0.551198
0.455039
0.468733
0.489931
0.440667
0.381491
0.350357
0.361404
0.356523
0.369259
0.356238
0.352344
0.35935
0.376669
0.36807
0.362868
0.372072
0.388126
0.408329
0.404893
0.406008
0.418163
0.414592
0.403766
0.410763
0.438316
0.408802
0.406923
0.398311
0.395951
0.417376
0.402884
0.387128
0.407665
0.387351
0.403202
0.404302
0.470198
0.45492
0.390252
0.44855
0.380053
0.383187
0.436977
0.383442
0.364274
0.377666
0.44115
0.41672
0.411853
0.440801
0.438147
0.434904
0.405496
0.443251
0.449103
0.504803
0.468118
0.39819
0.361812
0.358187
0.364411
0.354279
0.34999
0.344414
0.346294
0.356254
0.376942
0.360244
0.362856
0.384831
0.384991
0.372443
0.367453
0.377435
0.388471
0.417194
0.474553
0.480429
0.5033
0.43983
0.383294
0.426841
0.410722
0.388981
0.377602
0.353964
0.362461
0.392508
0.3662
0.357145
0.355662
0.378269
0.381443
0.351726
0.346426
0.36122
0.371807
0.366182
0.368356
0.356755
0.354638
0.393718
0.463671
0.436412
0.412239
0.459181
0.403812
0.404404
0.410136
0.379939
0.387163
0.422717
0.441364
0.433353
0.408987
0.417854
0.384185
0.359154
0.36119
0.404394
0.45608
0.465299
0.455088
0.434934
0.428686
0.475652
0.444501
0.500221
0.471292
0.46428
0.463698
0.393132
0.379998
0.378681
0.41994
0.443147
0.418748
0.456554
0.44637
0.379287
0.352266
0.371629
0.365621
0.398167
0.406589
0.425656
0.432115
0.488469
0.458648
0.378935
0.411981
0.41937
0.445278
0.421496
0.428812
0.396618
0.379629
0.403596
0.378142
0.382448
0.385056
0.454835
0.422429
0.376428
0.428248
0.453849
0.418367
0.421748
0.405115
0.363096
0.366075
0.393474
0.403181
0.402227
0.409732
0.396454
0.3894
0.378077
0.379101
0.403973
0.373393
0.382339
0.369979
0.396224
0.401639
0.389103
0.374015
0.40534
0.380165
0.384161
0.405019
0.379775
0.353014
0.356334
0.346567
0.360376
0.407046
0.39149
0.351916
0.35102
0.355536
0.390641
0.362885
0.359195
0.36247
0.376998
0.37075
0.368367
0.405523
0.411544
0.401726
0.401735
0.414161
0.376959
0.418111
0.41559
0.426966
0.369791
0.374005
0.367538
0.37232
0.374004
0.370003
0.347077
0.345013
0.342274
0.343478
0.350594
0.367149
0.389008
0.399933
0.386262
0.395069
0.378567
0.405245
0.423183
0.418626
0.412725
0.400879
0.42861
0.383566
0.422476
0.390487
0.412653
0.454827
0.42434
0.410667
0.371684
0.393535
0.438271
0.472165
0.493577
0.552587
0.54344
0.542723
0.420001
0.39812
0.384426
0.398052
0.395064
0.408835
0.393404
0.372509
0.34989
0.352352
0.34817
0.36289
0.384463
0.394882
0.396722
0.387521
0.388434
0.404851
0.37792
0.382029
0.35905
0.372949
0.35058
0.370987
0.395038
0.360448
0.350851
0.348226
0.361622
0.429071
0.44969
0.444875
0.446968
0.436107
0.399234
0.409472
0.389198
0.396549
0.371366
0.358154
0.394527
0.406195
0.398554
0.395062
0.387358
0.368457
0.402515
0.397186
0.407434
0.402671
0.411412
0.436489
0.433255
0.436255
0.424759
0.435702
0.474603
0.4277
0.437839
0.425505
0.456562
0.420568
0.388701
0.378709
0.349042
0.360119
0.398429
0.388738
0.423611
0.411885
0.422792
0.394532
0.404892
0.425036
0.476779
0.411658
0.39778
0.410965
0.375687
0.39421
0.431604
0.454626
0.414038
0.459917
0.447009
0.444571
0.478663
0.516663
0.511176
0.50648
0.478314
0.508447
0.554462
0.537551
0.572948
0.537197
0.457504
0.44009
0.427039
0.417289
0.399953
0.450234
0.425808
0.403654
0.361909
0.389968
0.439092
0.448911
0.437608
0.431645
0.394157
0.401093
0.391675
0.36515
0.394391
0.401653
0.409318
0.403489
0.392334
0.401306
0.391109
0.41728
0.433232
0.408765
0.402439
0.408169
0.413702
0.417211
0.381277
0.41553
0.444337
0.420435
0.427418
0.455469
0.410856
0.366628
0.370901
0.356315
0.345418
0.343263
0.351232
0.373168
0.386093
0.384755
0.379069
0.398756
0.396338
0.357056
0.355091
0.361222
0.407882
0.463194
0.476806
0.506852
0.413735
0.419719
0.428589
0.403244
0.43832
0.469441
0.457945
0.391766
0.373259
0.370963
0.412487
0.397162
0.451607
0.383941
0.38906
0.377179
0.399562
0.409913
0.421511
0.400739
0.41468
0.463539
0.430801
0.416592
0.469681
0.451598
0.464627
0.442596
0.395081
0.380511
0.378829
0.37259
0.401516
0.420763
0.40924
0.425198
0.428247
0.371375
0.418874
0.433265
0.41619
0.451729
0.418525
0.444607
0.443297
0.488017
0.443248
0.430265
0.442171
0.44522
0.454929
0.471492
0.511466
0.541452
0.554601
0.554322
0.496502
0.402212
0.390045
0.410249
0.431973
0.435025
0.411952
0.428156
0.43538
0.408315
0.403324
0.389944
0.427444
0.434617
0.432347
0.413677
0.371266
0.36379
0.356756
0.351324
0.357825
0.384263
0.377235
0.363799
0.383489
0.382834
0.407798
0.4349
0.411844
0.421831
0.368408
0.35217
0.362664
0.3665
0.36812
0.386783
0.431134
0.485028
0.462974
0.455975
0.382869
0.371743
0.39608
0.419081
0.403458
0.408892
0.507985
0.456114
0.504207
0.525285
0.500905
0.497119
0.500537
0.508268
0.486707
0.459971
0.445822
0.446023
0.447309
0.446971
0.425755
0.423411
0.373537
0.358724
0.385222
0.380289
0.365537
0.399723
0.394083
0.368726
0.36354
0.35293
0.388529
0.404272
0.408437
0.390318
0.370142
0.354119
0.349439
0.365216
0.378069
0.395252
0.370799
0.359914
0.359634
0.369644
0.400309
0.384575
0.391748
0.409822
0.425077
0.441091
0.41748
0.42476
0.454974
0.472478
0.484813
0.474217
0.428814
0.407598
0.424271
0.411363
0.443834
0.447913
0.387072
0.419811
0.441635
0.429392
0.416701
0.436239
0.467175
0.439667
0.444746
0.489285
0.436063
0.433972
0.477103
0.441382
0.424308
0.378796
0.393359
0.425772
0.411604
0.389284
0.37811
0.357248
0.356491
0.387976
0.368929
0.365331
0.37745
0.358327
0.38501
0.394967
0.389472
0.376713
0.383802
0.398123
0.430525
0.396142
0.387334
0.369886
0.363991
0.375507
0.389885
0.370412
0.379631
0.386472
0.408046
0.445287
0.474629
0.433079
0.473114
0.480513
0.453536
0.414594
0.471848
0.432734
0.369946
0.350471
0.357201
0.386676
0.385024
0.401539
0.397769
0.386894
0.398456
0.402177
0.381842
0.37818
0.360198
0.349649
0.351873
0.391206
0.380218
0.355025
0.365957
0.363891
0.352469
0.366739
0.355642
0.343311
0.349322
0.348783
0.361309
0.381449
0.359177
0.363021
0.397001
0.418005
0.413081
0.410173
0.384575
0.402347
0.374425
0.398374
0.394401
0.393774
0.421548
0.416867
0.420919
0.424665
0.454471
0.47121
0.464766
0.444087
0.474594
0.457904
0.4263
0.43453
0.460674
0.425904
0.457349
0.472873
0.477464
0.468343
0.515372
0.417072
0.408376
0.427944
0.439782
0.464451
0.501932
0.521231
0.412546
0.433314
0.412017
0.397225
0.428349
0.412563
0.420376
0.432079
0.407682
0.422596
0.431148
0.391625
0.395443
0.388942
0.367335
0.395418
0.367734
0.367623
0.390163
0.413618
0.390964
0.398334
0.404942
0.425883
0.395289
0.388193
0.392758
0.406241
0.403573
0.415929
0.385756
0.358296
0.34216
0.344567
0.342435
0.363242
0.375048
0.366027
0.344796
0.340196
0.343826
0.343322
0.350061
0.349249
0.336991
0.343161
0.344393
0.352782
0.384179
0.378656
0.381153
0.372347
0.379737
0.374111
0.376795
0.368157
0.346719
0.340358
0.347986
0.348712
0.342859
0.343691
0.346284
0.34454
0.357166
0.3645
0.359015
0.368276
0.412614
0.389575
0.392376
0.435726
0.428321
0.421611
0.373077
0.388142
0.362181
0.359978
0.377407
0.39334
0.373817
0.392925
0.450684
0.45985
0.486049
0.506198
0.404566
0.420409
0.429563
0.463803
0.407232
0.366708
0.347919
0.353669
0.359795
0.379761
0.396556
0.381413
0.403766
0.416367
0.393287
0.375644
0.378382
0.377385
0.345371
0.348191
0.343072
0.359318
0.377852
0.345238
0.355907
0.361702
0.414132
0.401673
0.397769
0.392183
0.412898
0.408638
0.398771
0.394962
0.396873
0.385348
0.403204
0.378445
0.40159
0.44325
0.410195
0.38422
0.412731
0.456961
0.426665
0.404335
0.438448
0.447627
0.457149
0.440514
0.463965
0.425977
0.382831
0.372897
0.395332
0.357785
0.352387
0.362886
0.367831
0.369968
0.402083
0.427256
0.440963
0.434087
0.475815
0.436595
0.462005
0.445177
0.431482
0.412759
0.480026
0.491285
0.462452
0.485274
0.496172
0.555345
0.465415
0.428047
0.398594
0.424222
0.414594
0.416291
0.439866
0.43515
0.418582
0.410548
0.401008
0.364377
0.374758
0.387783
0.395813
0.469203
0.464656
0.421726
0.425915
0.430095
0.368134
0.390161
0.385885
0.381624
0.412836
0.411744
0.392907
0.367115
0.400655
0.373394
0.416731
0.415209
0.409413
0.411812
0.409539
0.428495
0.449061
0.452322
0.464971
0.418899
0.444111
0.474456
0.413666
0.423373
0.439186
0.496164
0.459787
0.400718
0.489589
0.445396
0.439451
0.413566
0.439573
0.429458
0.429518
0.385173
0.430595
0.462699
0.46145
0.432436
0.439136
0.417489
0.385653
0.386372
0.391704
0.403692
0.436946
0.429065
0.454595
0.583234
0.563272
0.518833
0.503161
0.46078
0.411312
0.411392
0.455158
0.427
0.489586
0.459164
0.420739
0.45344
0.4562
0.442115
0.442211
0.432764
0.441243
0.449769
0.430363
0.415325
0.469999
0.489391
0.508631
0.425774
0.406555
0.425734
0.457434
0.463252
0.421852
0.396628
0.402001
0.4416
0.431562
0.46777
0.483492
0.393946
0.367331
0.359783
0.369299
0.361939
0.375347
0.417661
0.483903
0.493194
0.443419
0.469241
0.43217
0.414641
0.419296
0.455444
0.368196
0.405761
0.426716
0.427149
0.417559
0.465416
0.419486
0.463088
0.515564
0.50659
0.493491
0.559994
0.532372
0.509254
0.493821
0.481095
0.488731
0.453917
0.490855
0.482779
0.458516
0.439946
0.42082
0.410694
0.405789
0.416004
0.450533
0.516601
0.469386
0.455408
0.422651
0.46292
0.453217
0.420965
0.453441
0.43575
0.450524
0.436615
0.455386
0.473551
0.482827
0.434105
0.499049
0.478083
0.496217
0.461947
0.458087
0.453094
0.490991
0.456734
0.387073
0.35711
0.372057
0.398501
0.42569
0.46225
0.432704
0.419255
0.399895
0.418839
0.463919
0.444355
0.413808
0.443703
0.411016
0.385254
0.371878
0.421438
0.481877
0.501697
0.519192
0.498076
0.508569
0.528399
0.553308
0.41037
0.370276
0.413642
0.381486
0.397057
0.408303
0.41025
0.419559
0.429924
0.423901
0.437219
0.408309
0.415417
0.427
0.403
0.394955
0.386721
0.368199
0.346842
0.35111
0.3884
0.383392
0.355117
0.381775
0.414976
0.435414
0.391574
0.367445
0.361257
0.365731
0.372529
0.360179
0.389979
0.425295
0.439395
0.446832
0.447801
0.438435
0.412877
0.380316
0.366698
0.383165
0.383443
0.395711
0.430172
0.43298
0.38904
0.37743
0.403731
0.404848
0.36897
0.347044
0.342952
0.350252
0.354895
0.378305
0.370289
0.35615
0.367235
0.418497
0.418203
0.432141
0.42366
0.455487
0.490771
0.564832
0.567588
0.547029
0.54475
0.5152
0.492933
0.504156
0.470638
0.522505
0.464116
0.510779
0.489797
0.487233
0.518665
0.54226
0.460365
0.407025
0.41344
0.405745
0.452111
0.468006
0.435766
0.440631
0.487458
0.465588
0.490201
0.42663
0.515358
0.475094
0.484576
0.475838
0.4421
0.52153
0.491087
0.497983
0.527221
0.518489
0.457225
0.447032
0.487618
0.508887
0.442332
0.474299
0.460058
0.448978
0.456083
0.453744
0.440441
0.396126
0.36901
0.385205
0.39385
0.397
0.387035
0.391015
0.38022
0.384798
0.404218
0.436242
0.42208
0.431052
0.417236
0.409756
0.442877
0.447853
0.447358
0.48637
0.455818
0.455688
0.478476
0.468436
0.453491
0.397287
0.442761
0.420619
0.447306
0.465778
0.446246
0.461273
0.467739
0.470419
0.48316
0.467858
0.41164
0.42759
0.383607
0.40526
0.486374
0.469885
0.465477
0.422128
0.501318
0.562409
0.562621
0.391138
0.374524
0.358883
0.382735
0.361171
0.348367
0.353855
0.346984
0.346497
0.353454
0.357614
0.39287
0.368714
0.370136
0.391454
0.370857
0.43705
0.438957
0.431448
0.424759
0.440267
0.431826
0.422518
0.433047
0.411702
0.480746
0.500567
0.52629
0.523616
0.493084
0.432182
0.482348
0.523405
0.479755
0.49517
0.486021
0.452025
0.458346
0.439813
0.465944
0.473794
0.464645
0.446305
0.427413
0.451593
0.461711
0.527351
0.504406
0.480711
0.467421
0.503541
0.495379
0.513169
0.493331
0.512917
0.462519
0.511662
0.54163
0.461631
0.374896
0.384674
0.404205
0.388072
0.42104
0.427165
0.39173
0.399256
0.405681
0.382439
0.396521
0.420342
0.41698
0.432766
0.393523
0.383767
0.378563
0.42116
0.393224
0.364729
0.363585
0.362761
0.366752
0.395486
0.365203
0.358233
0.359197
0.368294
0.365605
0.386884
0.402937
0.47577
0.429146
0.388529
0.38524
0.407399
0.390498
0.430073
0.44708
0.448487
0.399719
0.422232
0.43276
0.400555
0.392556
0.388683
0.392893
0.400268
0.378268
0.406045
0.441194
0.41841
0.445452
0.396125
0.400284
0.387974
0.39231
0.376619
0.368973
0.36917
0.360527
0.362898
0.36075
0.371009
0.358467
0.361585
0.355852
0.359999
0.363829
0.358579
0.361794
0.37335
0.374019
0.358513
0.387454
0.408318
0.403718
0.408129
0.373462
0.380188
0.415796
0.375903
0.402075
0.390639
0.390003
0.376063
0.364368
0.397436
0.369406
0.392263
0.440552
0.40566
0.364123
0.38068
0.395013
0.365148
0.359601
0.354412
0.37951
0.435809
0.392506
0.39246
0.410377
0.410231
0.414834
0.408894
0.382239
0.388746
0.397618
0.383039
0.371671
0.365197
0.375743
0.373857
0.378179
0.391889
0.434235
0.420528
0.41746
0.512401
0.427438
0.413945
0.398673
0.405901
0.413641
0.406721
0.388458
0.389966
0.377739
0.390048
0.39055
0.39578
