0.452026
0.604203
0.543907
0.581664
0.57698
0.584347
0.539449
0.475202
0.472016
0.456167
0.512221
0.550978
0.467253
0.485817
0.458547
0.453105
0.451273
0.509479
0.484313
0.44097
0.526819
0.488831
0.519861
0.463968
0.453817
0.468978
0.435558
0.426243
0.485825
0.482907
0.492417
0.494559
0.496206
0.505326
0.499829
0.486703
0.507118
0.467495
0.46416
0.485736
0.42363
0.493938
0.4916
0.494213
0.479801
0.469474
0.472318
0.461557
0.481331
0.462464
0.485152
0.490678
0.491275
0.496893
0.445732
0.459719
0.451662
0.482887
0.480225
0.474043
0.477896
0.471326
0.476818
0.469698
0.483011
0.455426
0.454099
0.435405
0.447945
0.423194
0.447983
0.482576
0.482284
0.475122
0.481909
0.441045
0.448726
0.453604
0.448805
0.43606
0.447463
0.495726
0.433104
0.406647
0.456673
0.490469
0.464333
0.470894
0.440223
0.439208
0.431031
0.477028
0.426728
0.460645
0.460267
0.411866
0.393824
0.373455
0.389856
0.404353
0.395096
0.410485
0.418436
0.428232
0.450014
0.493478
0.458276
0.493614
0.441879
0.415473
0.392693
0.404134
0.415646
0.401713
0.413043
0.412924
0.419667
0.402654
0.378042
0.384092
0.39994
0.406728
0.425292
0.387031
0.40182
0.401525
0.40753
0.401076
0.420674
0.379929
0.374987
0.379674
0.389202
0.422091
0.403438
0.37276
0.372048
0.355691
0.367699
0.382238
0.372503
0.357068
0.342368
0.351706
0.349843
0.354414
0.351593
0.373079
0.374416
0.377631
0.390511
0.38251
0.380057
0.397447
0.382425
0.36523
0.353742
0.359097
0.351532
0.349223
0.365635
0.368252
0.370224
0.360288
0.367303
0.380194
0.376595
0.402189
0.395333
0.37774
0.377635
0.3849
0.404394
0.380997
0.373169
0.384245
0.389479
0.400525
0.384042
0.391621
0.396779
0.418235
0.393591
0.395972
0.383328
0.437787
0.401343
0.423192
0.388954
0.369816
0.374696
0.371868
0.356638
0.34578
0.359162
0.372015
0.370213
0.384031
0.387929
0.372945
0.388269
0.355422
0.34425
0.345278
0.350858
0.348653
0.356208
0.345806
0.339765
0.34692
0.355423
0.36341
0.379075
0.387926
0.397368
0.417564
0.461209
0.475416
0.464907
0.387269
0.412455
0.451031
0.418176
0.448897
0.387189
0.424108
0.406761
0.388565
0.425216
0.406529
0.436569
0.430712
0.409594
0.381165
0.373915
0.398419
0.424053
0.410043
0.401785
0.415328
0.414287
0.406917
0.438727
0.417646
0.408527
0.424643
0.420563
0.402103
0.421322
0.4325
0.449836
0.446898
0.451803
0.444621
0.410618
0.404156
0.467983
0.459102
0.462637
0.513395
0.451879
0.48023
0.506744
0.481615
0.41332
0.42908
0.37313
0.392354
0.378998
0.471026
0.423033
0.463044
0.453457
0.408489
0.415555
0.387858
0.376988
0.370658
0.398449
0.41283
0.423086
0.426016
0.383718
0.417897
0.427849
0.40535
0.406947
0.389379
0.383143
0.373428
0.379654
0.380169
0.409915
0.37713
0.386893
0.38343
0.397198
0.396678
0.375538
0.415191
0.437522
0.3844
0.39345
0.416091
0.399387
0.396477
0.404847
0.417449
0.408173
0.415831
0.382166
0.454875
0.429914
0.419713
0.421534
0.415559
0.403032
0.40124
0.398375
0.387875
0.378436
0.364668
0.367392
0.358341
0.361496
0.345249
0.341831
0.339059
0.339287
0.335725
0.337536
0.340739
0.345332
0.343351
0.373725
0.37062
0.363211
0.351284
0.340887
0.337964
0.34263
0.347291
0.351219
0.358491
0.364405
0.366151
0.355642
0.357819
0.376602
0.413683
0.415825
0.510794
0.471981
0.472999
0.444303
0.472684
0.453755
0.483437
0.463867
0.479124
0.464334
0.446575
0.450118
0.386158
0.430597
0.435117
0.4001
0.419198
0.41456
0.415542
0.413067
0.424586
0.415603
0.436152
0.427578
0.406512
0.4117
0.414316
0.381371
0.366667
0.36749
0.360934
0.382681
0.37785
0.371
0.390273
0.373159
0.377963
0.395509
0.393116
0.407941
0.38275
0.403479
0.412088
0.405831
0.451245
0.430873
0.428132
0.393724
0.405561
0.472257
0.462578
0.418961
0.418938
0.510724
0.501985
0.447893
0.432022
0.444412
0.445094
0.440914
0.410641
0.417156
0.419474
0.412452
0.402415
0.413987
0.434481
0.438625
0.421455
0.432574
0.426378
0.412546
0.374337
0.390066
0.361691
0.365239
0.382798
0.401869
0.402079
0.390862
0.390733
0.418794
0.399628
0.401729
0.381724
0.434635
0.415173
0.440122
0.438566
0.399807
0.426994
0.435214
0.397354
0.371977
0.409075
0.432018
0.448995
0.445324
0.488531
0.415861
0.46919
0.478622
0.449282
0.384164
0.380442
0.39705
0.410627
0.391951
0.427193
0.399493
0.416311
0.459143
0.419485
0.447888
0.472899
0.49106
0.475572
0.432624
0.438669
0.397728
0.386119
0.353976
0.352026
0.381543
0.406515
0.400896
0.461769
0.417123
0.380892
0.381921
0.404333
0.385401
0.39214
0.419318
0.440838
0.454912
0.405784
0.38554
0.365077
0.375095
0.420006
0.465419
0.421954
0.406494
0.488102
0.418915
0.444523
0.48679
0.485758
0.438748
0.404162
0.453634
0.446652
0.423882
0.440059
0.414436
0.455348
0.390743
0.409757
0.391565
0.405124
0.404574
0.376009
0.369318
0.350371
0.363175
0.383596
0.401384
0.396056
0.408988
0.41538
0.427382
0.385832
0.399273
0.383417
0.349058
0.358139
0.404736
0.425608
0.456785
0.459824
0.394756
0.399451
0.42623
0.418945
0.430537
0.442476
0.440492
0.455391
0.428394
0.401722
0.409172
0.375209
0.366277
0.357938
0.356091
0.356322
0.352163
0.35393
0.365001
0.378107
0.397915
0.403678
0.407019
0.396868
0.392418
0.381305
0.359725
0.355312
0.353503
0.36804
0.377542
0.37438
0.395797
0.431436
0.414875
0.409619
0.416828
0.430719
0.374957
0.374145
0.384892
0.425204
0.438861
0.43456
0.405125
0.394169
0.374632
0.383963
0.402482
0.389605
0.414462
0.417471
0.43918
0.435404
0.454566
0.450244
0.451507
0.366023
0.464415
0.416196
0.448372
0.459982
0.420787
0.395177
0.36661
0.365448
0.350808
0.349349
0.349755
0.350508
0.38735
0.373714
0.396593
0.381681
0.358396
0.357185
0.355116
0.347612
0.359011
0.353059
0.383137
0.39274
0.453308
0.482993
0.449143
0.411116
0.411294
0.435115
0.422136
0.414876
0.407865
0.415249
0.420593
0.446958
0.447794
0.466598
0.470689
0.421031
0.409314
0.435359
0.415261
0.416992
0.417016
0.435315
0.450504
0.433821
0.419762
0.397075
0.38238
0.357845
0.357981
0.399686
0.425349
0.433846
0.439743
0.416196
0.394305
0.379389
0.386874
0.409505
0.4519
0.463904
0.438439
0.419972
0.429501
0.449841
0.419102
0.425249
0.44375
0.42764
0.399912
0.379786
0.369104
0.353994
0.365692
0.362227
0.368349
0.395168
0.414951
0.421799
0.452889
0.437124
0.414515
0.507791
0.495138
0.421627
0.429696
0.378199
0.351199
0.364069
0.380828
0.391141
0.365332
0.370805
0.374267
0.427171
0.46018
0.465361
0.461234
0.46472
0.408872
0.435537
0.451551
0.462591
0.437198
0.428597
0.39328
0.4135
0.389134
0.404561
0.428863
0.422279
0.394446
0.39613
0.425351
0.392803
0.375937
0.374725
0.374232
0.382644
0.35833
0.358723
0.351596
0.34465
0.352022
0.349923
0.353943
0.365253
0.359992
0.380008
0.373349
0.37248
0.35992
0.354337
0.350405
0.360487
0.377949
0.379111
0.364594
0.41195
0.398915
0.372733
0.381484
0.38484
0.394107
0.398622
0.4036
0.38422
0.375883
0.359526
0.353044
0.350819
0.341439
0.351281
0.381094
0.362846
0.376025
0.39645
0.380397
0.423282
0.388012
0.388056
0.394324
0.384757
0.370784
0.36476
0.359669
0.352696
0.359454
0.362464
0.364756
0.364397
0.360195
0.368176
0.352396
0.360314
0.366069
0.392868
0.396217
0.39309
0.389985
0.391553
0.402728
0.409317
0.403655
0.40744
0.421337
0.401589
0.40992
0.401426
0.409272
0.389874
0.38898
0.418834
0.385348
0.39644
0.392283
0.39063
0.386566
0.376952
0.372847
0.368449
0.363623
0.358709
0.369383
0.368952
0.368207
0.377088
0.367954
0.354578
0.338173
0.340813
0.34513
0.352907
0.368358
0.369168
0.348779
0.36138
0.351031
0.352739
0.376496
0.375677
0.397689
0.388308
0.395183
0.366182
0.347269
0.340126
0.338638
0.343658
0.337899
0.353696
0.384667
0.380662
0.38813
0.394467
0.404911
0.380056
0.356812
0.371273
0.396899
0.395878
0.409849
0.417416
0.389977
0.440713
0.406768
0.394357
0.407943
0.403478
0.37838
0.37223
0.418878
0.421494
0.392235
0.404508
0.419498
0.410538
0.372715
0.363357
0.365879
0.374035
0.365755
0.356969
0.351964
0.340024
0.366557
0.358945
0.36166
0.354495
0.379031
0.389802
0.395322
0.427244
0.455232
0.412919
0.458363
0.489366
0.449905
0.495533
0.476073
0.400322
0.382702
0.385753
0.38816
0.399203
0.407414
0.39085
0.411119
0.416645
0.395602
0.373351
0.371588
0.37305
0.39694
0.408371
0.407306
0.376462
0.376814
0.396885
0.409682
0.412034
0.451331
0.450462
0.477921
0.46571
0.457948
0.4688
0.424673
0.435597
0.454323
0.450633
0.469722
0.453646
0.458687
0.451149
0.46606
0.494433
0.47766
0.504113
0.479202
0.528081
0.546236
0.487819
0.508533
0.373965
0.364111
0.363394
0.368524
0.371703
0.386394
0.39322
0.395401
0.399346
0.430378
0.414297
0.385397
0.371894
0.372483
0.375515
0.390233
0.412619
0.442536
0.43898
0.47813
0.492947
0.470598
0.446753
0.425499
0.420917
0.507909
0.518545
0.459343
0.496176
0.453591
0.430457
0.401453
0.42249
0.402387
0.366063
0.391954
0.368382
0.370965
0.366285
0.3939
0.376731
0.36262
0.369598
0.362096
0.364243
0.386232
0.39187
0.413802
0.378367
0.375479
0.395809
0.383035
0.382763
0.380821
0.403045
0.37979
0.371536
0.371432
0.364633
0.3678
0.381261
0.393806
0.398514
0.425805
0.430095
0.432113
0.386863
0.402438
0.374174
0.361049
0.361359
0.368425
0.405171
0.408317
0.437466
0.451434
0.448164
0.430775
0.406077
0.403169
0.419945
0.416068
0.385741
0.436473
0.456249
0.432977
0.414313
0.413449
0.433331
0.452808
0.436846
0.430571
0.472905
0.462399
0.449546
0.457293
0.494966
0.49131
0.502861
0.526542
0.454145
0.416006
0.461306
0.531452
0.459746
0.457342
0.440434
0.423564
0.4274
0.410813
0.414965
0.397795
0.419124
0.413647
0.423194
0.455181
0.410277
0.397027
0.405496
0.383795
0.384834
0.402518
0.403548
0.406265
0.394399
0.387669
0.404403
0.411909
0.396705
0.396903
0.412085
0.418742
0.392287
0.389813
0.38081
0.385862
0.400359
0.407084
0.380562
0.369534
0.401398
0.417585
0.443888
0.444988
0.417034
0.409657
0.377221
0.368754
0.372871
0.447041
0.356551
0.356424
0.360429
0.359898
0.362459
0.362913
0.353269
0.347443
0.349176
0.34456
0.357925
0.360553
0.360642
0.35341
0.334828
0.341036
0.342075
0.34938
0.342499
0.342581
0.347055
0.353815
0.362795
0.359339
0.36889
0.35111
0.348186
0.356858
0.372932
0.36179
0.345975
0.344683
0.344333
0.355579
0.353229
0.354295
0.374378
0.38013
0.375299
0.380619
0.388711
0.38902
0.375853
0.403892
0.380467
0.366308
0.349101
0.343857
0.347038
0.352244
0.358284
0.358718
0.36862
0.363739
0.381402
0.379094
0.396633
0.374126
0.399204
0.375154
0.352205
0.365574
0.371457
0.389851
0.388172
0.384932
0.407959
0.3979
0.397149
0.36034
0.365296
0.385565
0.3739
0.367569
0.370196
0.369662
0.360238
0.389929
0.407942
0.400511
0.413256
0.384824
0.370757
0.396002
0.400556
0.428027
0.461669
0.430476
0.424842
0.446297
0.413694
0.45045
0.482822
0.478179
0.479956
0.464538
0.487428
0.479832
0.490953
0.441889
0.405517
0.382757
0.39396
0.387137
0.387888
0.388921
0.417812
0.44714
0.427621
0.448408
0.413506
0.402954
0.399358
0.413513
0.389922
0.411735
0.423672
0.429545
0.427544
0.420661
0.41903
0.418744
0.419124
0.412093
0.384031
0.40154
0.394828
0.380261
0.354052
0.349681
0.349326
0.357297
0.366621
0.350124
0.368012
0.354932
0.362326
0.386869
0.405079
0.388095
0.393973
0.406763
0.374619
0.364949
0.365743
0.391765
0.369931
0.37753
0.364395
0.378471
0.397812
0.403255
0.399249
0.386222
0.387487
0.37247
0.381335
0.388295
0.394023
0.408502
0.384434
0.386048
0.369707
0.353077
0.351724
0.342379
0.342581
0.355535
0.345442
0.338967
0.350437
0.345487
0.34951
0.363386
0.365251
0.370945
0.359891
0.363624
0.397645
0.405735
0.410821
0.392169
0.396085
0.398082
0.394109
0.366498
0.352246
0.359544
0.355046
0.348905
0.357253
0.353018
0.383456
0.409433
0.392373
0.363905
0.381478
0.39364
0.401785
0.372209
0.37897
0.371184
0.396334
0.379908
0.387236
0.429967
0.440693
0.486661
0.44452
0.412219
0.428345
0.437002
0.43742
0.414597
0.417498
0.401888
0.389103
0.38251
0.375421
0.379272
0.365586
0.369345
0.367842
0.372457
0.397129
0.392003
0.436226
0.462197
0.471966
0.43313
0.494821
0.457735
0.426668
0.45115
0.426861
0.410647
0.555298
0.545532
0.541671
0.489906
0.48198
0.51305
0.514475
0.455155
0.457203
0.431074
0.481165
0.514581
0.484079
0.531211
0.510117
0.532785
0.467028
0.46494
0.421839
0.394527
0.397695
0.368773
0.371595
0.390176
0.394527
0.397649
0.383639
0.39256
0.400001
0.41911
0.401915
0.402934
0.43106
0.374618
0.378294
0.363906
0.361437
0.367971
0.370074
0.37948
0.373534
0.380415
0.388665
0.372959
0.373641
0.399053
0.416963
0.424996
0.43509
0.437852
0.391742
0.395684
0.362402
0.353942
0.355757
0.34677
0.343461
0.348888
0.356978
0.355002
0.347865
0.354445
0.344195
0.348061
0.347973
0.345207
0.343122
0.346309
0.350001
0.361144
0.365998
0.379589
0.416462
0.424999
0.418809
0.395139
0.41806
0.433595
0.432322
0.411987
0.405242
0.407896
0.379412
0.362484
0.355141
0.356467
0.362842
0.354507
0.353312
0.350655
0.363702
0.368305
0.379576
0.398257
0.386519
0.413946
0.408219
0.403723
0.401121
0.416089
0.411825
0.397156
0.392514
0.398961
0.416568
0.424835
0.381722
0.36087
0.351606
0.34498
0.348267
0.346068
0.351314
0.35647
0.35584
0.354938
0.34867
0.347882
0.340132
0.34592
0.3465
0.345208
0.344099
0.347628
0.353069
0.377645
0.368667
0.370476
0.373979
0.353348
0.354834
0.3493
0.377251
0.401209
0.374289
0.364819
0.365225
0.377863
0.375611
0.371979
0.372594
0.38994
0.398716
0.404928
0.407848
0.415886
0.408553
0.388039
0.400856
0.365896
0.35906
0.366732
0.360257
0.367894
0.389686
0.393264
0.426903
0.405861
0.399415
0.377818
0.385316
0.372323
0.370593
0.366935
0.375029
0.406075
0.391033
0.406206
0.392263
0.38474
0.369341
0.35413
0.353953
0.35049
0.352909
0.35632
0.342074
0.345309
0.363312
0.375124
0.374227
0.37518
0.361923
0.353222
0.354592
0.360026
0.352867
0.366749
0.406332
0.387793
0.383135
0.380022
0.362047
0.365237
0.364044
0.376089
0.38586
0.369863
0.362404
0.346554
0.364953
0.37249
0.367357
0.365202
0.362427
0.365725
0.387756
0.404433
0.391051
0.379101
0.396733
0.401038
0.372317
0.357618
0.357966
0.393392
0.392132
0.368004
0.36529
0.36184
0.354491
0.341699
0.342805
0.344042
0.341588
0.343974
0.360939
0.378065
0.392886
0.380579
0.367768
0.360835
0.37546
0.378836
0.384892
0.366912
0.385144
0.390199
0.366668
0.361908
0.354573
0.354095
0.352663
0.349763
0.360652
0.375661
0.386747
0.405444
0.386453
0.366197
0.356143
0.347012
0.343853
0.346721
0.367046
0.343409
0.344484
0.347484
0.346541
0.342484
0.347368
0.342765
0.335962
0.351071
0.34894
0.357502
0.35932
0.382654
0.415913
0.418163
0.412465
0.396643
0.387461
0.371542
0.365505
0.366199
0.37584
0.386651
0.374497
0.373668
0.381455
0.395981
0.402417
0.376762
0.373535
0.398007
0.400142
0.373687
0.373854
0.35666
0.388214
0.355567
0.403719
0.406356
0.422576
0.390606
0.423136
0.411705
0.389744
0.380488
0.373359
0.373901
0.362246
0.359274
0.356667
0.357146
0.3678
0.390624
0.385786
0.386411
0.362209
0.348883
0.345569
0.340958
0.339172
0.357771
0.375979
0.362994
0.352583
0.38549
0.406732
0.376494
0.350894
0.351881
0.351577
0.358372
0.367832
0.397191
0.400905
0.392651
0.38903
0.354237
0.344576
0.358574
0.354911
0.375659
0.392207
0.384522
0.365396
0.360233
0.361887
0.357794
0.368649
0.365796
0.37965
0.362125
0.35009
0.352357
0.354841
0.357675
0.356414
0.370714
0.37542
0.385983
0.392726
0.417738
0.424526
0.425585
0.437392
0.440626
0.409803
0.408764
0.421965
0.409838
0.388092
0.395435
0.415831
0.380395
0.398602
0.435004
0.509887
0.528599
0.565175
0.504737
0.455981
0.444428
0.445592
0.433857
0.400907
0.396876
0.423228
0.417331
0.444939
0.433141
0.405005
0.406622
0.387885
0.384541
0.401606
0.409288
0.442896
0.437329
0.399078
0.37324
0.357135
0.351779
0.376829
0.401796
0.435253
0.424177
0.388956
0.395777
0.407155
0.441513
0.429542
0.368665
0.36155
0.347639
0.349603
0.349157
0.352596
0.353554
0.361468
0.354669
0.351689
0.354268
0.355103
0.349889
0.353677
0.35012
0.345071
0.349142
0.356132
0.343424
0.344408
0.346123
0.345485
0.352059
0.344978
0.351121
0.352446
0.375171
0.420333
0.445363
0.424805
0.383931
0.400451
0.390215
0.412157
0.402877
0.380949
0.389844
0.405541
0.3776
0.4
0.412697
0.415986
0.377297
0.378949
0.365764
0.389205
0.383461
0.375552
0.371616
0.38171
0.42913
0.389487
0.366614
0.363191
0.359432
0.355833
0.370636
0.368444
0.356084
0.351193
0.350678
0.376478
0.385165
0.387332
0.404182
0.407417
0.39638
0.406944
0.418546
0.403949
0.404514
0.377247
0.381159
0.386124
0.370674
0.371615
0.381521
0.379118
0.406693
0.407326
0.39493
0.387435
0.358403
0.372623
0.376541
0.375998
0.36389
0.387172
0.404404
0.392218
0.384025
0.392865
0.3996
0.412689
0.419079
0.379139
0.379259
0.395747
0.388711
0.411737
0.408226
0.395225
0.416679
0.401914
0.415062
0.392036
0.38816
0.394451
0.415213
0.424394
0.393961
0.390085
0.409989
0.414331
0.388862
0.430027
0.398801
0.407585
0.373112
0.390825
0.391438
0.367591
0.371258
0.357762
0.351064
0.341699
0.34388
0.348671
0.355238
0.370339
0.356601
0.369913
0.373484
0.362403
0.355672
0.366586
0.370242
0.3835
0.366693
0.348038
0.34887
0.368854
0.379864
0.36277
0.369344
0.37472
0.388248
0.381733
0.393565
0.383031
0.368531
0.36505
0.373925
0.37686
0.350495
0.360715
0.354414
0.3473
0.353572
0.359758
0.367406
0.366439
0.367655
0.35003
0.348623
0.340534
0.342625
0.345192
0.348787
0.369057
0.38363
0.361819
0.379013
0.380103
0.379481
0.374804
0.364046
0.371496
0.38686
0.38952
0.401381
0.413201
0.382511
0.377732
0.381079
0.392946
0.384495
0.383427
0.39747
0.36117
0.356721
0.361691
0.381717
0.391246
0.370992
0.35919
0.354209
0.346832
0.359478
0.385569
0.39356
0.385868
0.367791
0.388363
0.401327
0.370931
0.364469
0.390027
0.424428
0.388181
0.385884
0.371699
0.370481
0.360846
0.361572
0.361191
0.376712
0.389844
0.415246
0.445651
0.433619
0.461372
0.466948
0.457105
0.447051
0.464414
0.436564
0.406934
0.403395
0.431247
0.408455
0.453258
0.443329
0.458703
0.482923
0.433911
0.403011
0.431654
0.473327
0.450408
0.426351
0.396781
0.388281
0.377537
0.362402
0.37847
0.402004
0.407189
0.389628
0.395742
0.374475
0.377267
0.412222
0.459525
0.470047
0.507168
0.427731
0.446966
0.409842
0.385702
0.377168
0.400114
0.417462
0.451865
0.426848
0.39518
0.382769
0.38631
0.412099
0.436601
0.418399
0.399345
0.399067
0.411315
0.444084
0.42337
0.387808
0.359667
0.354024
0.366506
0.366179
0.387528
0.363094
0.356478
0.356497
0.36207
0.366482
0.376753
0.385228
0.382108
0.432184
0.45053
0.443606
0.40451
0.441944
0.463023
0.382031
0.463923
0.442819
0.486093
0.467554
0.459783
0.43219
0.440477
0.420413
0.451881
0.451242
0.507053
0.469099
0.493031
0.492767
0.46987
0.486191
0.497197
0.474372
0.470194
0.447504
0.43628
0.427045
0.449879
0.41444
0.417958
0.443863
0.465967
0.436692
0.425535
0.432576
0.409785
0.4349
0.413103
0.454035
0.437221
0.425038
0.386719
0.374733
0.369331
0.376936
0.421197
0.420927
0.418908
0.408843
0.394416
0.399218
0.432209
0.414827
0.431155
0.438481
0.447171
0.4134
0.432862
0.405427
0.418233
0.417639
0.410978
0.375338
0.382735
0.396661
0.420067
0.375567
0.41289
0.421982
0.378977
0.370524
0.369681
0.373333
0.406558
0.41329
0.394747
0.397157
0.430047
0.390381
0.41536
0.407711
0.405407
0.410346
0.400831
0.450296
0.443263
0.484094
0.463285
0.522338
0.422896
0.416042
0.501286
0.532457
0.473417
0.438239
0.476161
0.436215
0.450547
0.487516
0.465988
0.426172
0.408279
0.411982
0.437797
0.433516
0.463158
0.446782
0.4813
0.48006
0.432247
0.481515
0.481072
0.50522
0.463596
0.38277
0.392425
0.41225
0.388118
0.40249
0.39122
0.368883
0.355585
0.354672
0.368803
0.353321
0.364976
0.379815
0.37165
0.406066
0.422787
0.420256
0.402563
0.372457
0.35863
0.357442
0.351657
0.360316
0.379458
0.391343
0.373421
0.380986
0.369395
0.348758
0.351555
0.366336
0.386635
0.367448
0.353671
0.339898
0.342756
0.349787
0.345241
0.34043
0.339622
0.352358
0.349932
0.353308
0.365119
0.36762
0.384247
0.385879
0.371752
0.356219
0.36863
0.392892
0.422672
0.376842
0.362171
0.373376
0.382859
0.374512
0.366477
0.35624
0.368494
0.360937
0.374139
0.367449
0.382666
0.372101
0.362583
0.352931
0.366444
0.378814
0.381467
0.374398
0.376737
0.382695
0.379348
0.393905
0.397557
0.383635
0.385775
0.38882
0.403921
0.385841
0.38528
0.424861
0.427471
0.405485
0.377646
0.367954
0.354542
0.347892
0.354933
0.34438
0.348675
0.343198
0.348187
0.352155
0.360186
0.376074
0.370592
0.350809
0.356996
0.378085
0.400016
0.386886
0.377965
0.350305
0.363381
0.337945
0.342703
0.343852
0.343063
0.351257
0.371307
0.37852
0.402356
0.401093
0.398527
0.434742
0.406638
0.429304
0.411336
0.405231
0.41152
0.404816
0.410872
0.418311
0.404493
0.40576
0.378008
0.355711
0.382577
0.385938
0.366962
0.355091
0.360533
0.371524
0.378376
0.374732
0.384665
0.38335
0.393365
0.388517
0.370489
0.348002
0.353185
0.358651
0.380814
0.359556
0.377333
0.355481
0.362255
0.35634
0.368331
0.386383
0.391516
0.373518
0.360225
0.37088
0.360371
0.353932
0.364623
0.35892
0.378113
0.387957
0.384553
0.394942
0.385087
0.371394
0.384608
0.370208
0.383416
0.413529
0.403002
0.381432
0.375426
0.393302
0.402954
0.398494
0.40373
0.409899
0.407294
0.408557
0.38137
0.358004
0.348919
0.351484
0.358505
0.369308
0.389215
0.39683
0.398925
0.398368
0.377508
0.378066
0.368598
0.373171
0.372756
0.371625
0.389156
0.425515
0.408836
0.412171
0.44992
0.434946
0.430338
0.426163
0.396608
0.383158
0.375003
0.365177
0.370108
0.412975
0.420619
0.395787
0.381556
0.405693
0.408755
0.450246
0.440463
0.445128
0.440018
0.424141
0.443091
0.418592
0.409595
0.42425
0.400452
0.387396
0.39656
0.422533
0.412685
0.372591
0.386999
0.400342
0.432061
0.465325
0.451027
0.451797
0.494317
0.453031
0.435045
0.469984
0.454806
0.526562
0.557294
0.573237
0.54743
0.538189
0.472915
0.396427
0.469308
0.467957
0.494225
0.518132
0.4622
0.494255
0.422121
0.379731
0.387392
0.372232
0.346821
0.351922
0.349007
0.370179
0.36823
0.354867
0.35573
0.376567
0.358123
0.356511
0.359378
0.349881
0.353165
0.353959
0.365893
0.384214
0.368807
0.373316
0.369125
0.357596
0.36583
0.360852
0.369052
0.381667
0.389194
0.392299
0.409108
0.406824
0.413869
0.399671
0.404112
0.399682
0.409185
0.41389
0.428435
0.388265
0.446639
0.392908
0.406436
0.407383
0.418832
0.410099
0.416754
0.489589
0.395875
0.394033
0.414807
0.411399
0.374113
0.412955
0.390118
0.390408
0.407889
0.413956
0.424993
0.409475
0.406453
0.379727
0.399732
0.381751
0.407301
0.412771
0.381469
0.392224
0.396267
0.413577
0.392202
0.403335
0.414506
0.500558
0.471406
0.476509
0.428858
0.417769
0.387112
0.403665
0.474606
0.419947
0.383751
0.367768
0.380488
0.387055
0.445535
0.43516
0.405381
0.381428
0.364483
0.367799
0.35991
0.366574
0.392535
0.438251
0.440811
0.451245
0.442333
0.449368
0.37999
0.383461
0.415298
0.447617
0.406152
0.422487
0.402809
0.434956
0.445801
0.455043
0.440636
0.442473
0.427231
0.434458
0.440625
0.397232
0.410892
0.440228
0.443734
0.438513
0.434918
0.451748
0.492805
0.508744
0.510115
0.480067
0.482974
0.49203
0.498105
0.40865
0.399047
0.39791
0.380097
0.360265
0.356913
0.352411
0.367197
0.367618
0.359368
0.347712
0.360302
0.349161
0.349249
0.351153
0.343775
0.346393
0.342374
0.34681
0.353403
0.370284
0.387033
0.366319
0.372128
0.350243
0.354583
0.364062
0.383983
0.375175
0.392373
0.381933
0.388312
0.383946
0.360805
0.363705
0.370272
0.368907
0.381188
0.384312
0.386579
0.394692
0.391015
0.434376
0.480555
0.463891
0.467461
0.465888
0.516157
0.51827
0.502688
0.487432
0.492164
0.394293
0.384052
0.379626
0.395577
0.40652
0.445894
0.425773
0.398994
0.39527
0.38076
0.4026
0.387786
0.360483
0.349921
0.356591
0.370458
0.35499
0.387003
0.38623
0.386625
0.366156
0.357846
0.361193
0.353383
0.357126
0.352472
0.364671
0.390036
0.391374
0.374336
0.369522
0.345794
0.345283
0.343152
0.351307
0.362542
0.370501
0.366771
0.373158
0.365749
0.367015
0.373266
0.365476
0.362792
0.357171
0.348372
0.349078
0.369248
0.387873
0.414152
0.477175
0.470125
0.425996
0.448162
0.432615
0.407978
0.416511
0.447625
0.470994
0.411625
0.387934
0.390915
0.418137
0.392316
0.415283
0.417432
0.372532
0.364686
0.378369
0.410056
0.413413
0.441339
0.435895
0.436877
0.467285
0.406095
0.427961
0.395386
0.420147
0.430051
0.42438
0.388254
0.398438
0.373515
0.361459
0.357203
0.358242
0.360848
0.372115
0.396933
0.426957
0.454925
0.453441
0.458812
0.437232
0.521813
0.474252
0.435554
0.438504
0.433848
0.409245
0.431331
0.430462
0.464918
0.48233
0.471325
0.423868
0.45909
0.517407
0.500258
0.480023
0.459051
0.442779
0.482313
0.48178
0.480269
0.417333
0.394234
0.394239
0.379003
0.377494
0.377507
0.379533
0.400863
0.426713
0.461443
0.454701
0.444717
0.427029
0.428779
0.405895
0.432238
0.467994
0.441969
0.480129
0.433803
0.424479
0.391162
0.362543
0.349394
0.353307
0.375893
0.369006
0.354538
0.371459
0.396353
0.395407
0.394033
0.40102
0.417817
0.4107
0.444671
0.429584
0.437955
0.50177
0.473993
0.479531
0.453194
0.39703
0.371404
0.40426
0.413554
0.419921
0.429413
0.396321
0.465391
0.433822
0.434969
0.406793
0.43105
0.427234
0.425464
0.386503
0.377445
0.37938
0.381368
0.383799
0.432354
0.383268
0.369493
0.375103
0.388223
0.386837
0.382342
0.414192
0.466765
0.440858
0.453621
0.386022
0.356942
0.399203
0.412292
0.440069
0.469488
0.438839
0.436551
0.407631
0.431206
0.406057
0.407596
0.417086
0.436271
0.426193
0.376172
0.36533
0.362079
0.352929
0.371044
0.385736
0.395731
0.399032
0.39379
0.411769
0.421604
0.385751
0.400519
0.40947
0.410253
0.387471
0.405252
0.380973
0.392291
0.383582
0.371854
0.357107
0.395922
0.411025
0.403976
0.382446
0.369618
0.37688
0.393308
0.364922
0.368282
0.375017
0.385977
0.402055
0.412624
0.404974
0.39099
0.39609
0.372018
0.366283
0.382156
0.414551
0.399484
0.383504
0.378123
0.38563
0.380078
0.390234
0.414498
0.398756
0.393793
0.369343
0.360258
0.349805
0.347609
0.364354
0.342623
0.346344
0.352818
0.356039
0.369897
0.398656
0.417792
0.408312
0.382148
0.374249
0.348108
0.340807
0.350635
0.354847
0.349207
0.36477
0.3978
0.385118
0.377652
0.360341
0.354855
0.35995
0.355626
0.35183
0.3767
0.374405
0.380539
0.365184
0.370247
0.380473
0.370535
0.36942
0.399325
0.418531
0.401728
0.422227
0.392814
0.409679
0.396996
0.401427
0.427592
0.425635
0.390811
0.373419
0.372336
0.391917
0.43691
0.432485
0.411835
0.398243
0.450882
0.411934
0.364011
0.370504
0.387297
0.36215
0.363662
0.369343
0.373039
0.367984
0.377881
0.376682
0.367805
0.370982
0.369467
0.350058
0.343711
0.339682
0.349453
0.347867
0.341441
0.333792
0.349028
0.345272
0.343655
0.36402
0.358451
0.379962
0.395618
0.381921
0.397912
0.402119
0.386344
0.38319
0.403256
0.386889
0.390977
0.374547
0.381977
0.372839
0.440234
0.425596
0.423622
0.414252
0.437841
0.41966
0.415756
0.391083
0.400343
0.396465
0.45089
0.411921
0.382797
0.381484
0.413261
0.428382
0.409452
0.381935
0.387343
0.433579
0.411446
0.47316
0.433484
0.418539
0.431257
0.412761
0.414479
0.378231
0.368468
0.37414
0.387934
0.422315
0.451814
0.429323
0.496675
0.466162
0.431728
0.548305
0.529701
0.574873
0.514757
0.576634
0.564241
0.578251
0.484167
0.418913
0.430211
0.397807
0.395616
0.401451
0.399695
0.361672
0.395609
0.406035
0.405982
0.388873
0.390446
0.400632
0.417611
0.404367
0.384725
0.37484
0.370752
0.350142
0.35054
0.343961
0.360008
0.352922
0.342842
0.352277
0.365374
0.371408
0.382875
0.389954
0.382732
0.407343
0.3775
0.419022
0.397792
0.373403
0.386756
0.378841
0.412753
0.415804
0.387614
0.38452
0.370691
0.376871
0.390355
0.368283
0.355114
0.373118
0.375463
0.359881
0.348772
0.349135
0.365441
0.375317
0.386298
0.4039
0.379943
0.356609
0.351544
0.35475
0.348272
0.345523
0.350542
0.352719
0.368569
0.398563
0.427862
0.444414
0.436964
0.477248
0.440742
0.439191
0.44791
0.4305
0.456623
0.427512
0.459335
0.442128
0.399918
0.396506
0.397495
0.395403
0.404558
0.390775
0.381148
0.391834
0.396619
0.394632
0.414724
0.424556
0.367034
0.410356
0.403267
0.396495
0.391674
0.411749
0.380052
0.395683
0.38335
0.387433
0.40542
0.41967
0.41311
0.395672
0.405408
0.377376
0.377554
0.405419
0.401801
0.369759
0.349406
0.357202
0.369179
0.400658
0.390167
0.391616
0.418409
0.408005
0.396136
0.396414
0.40421
0.379641
0.39063
0.38453
0.366764
0.368058
0.409542
0.403016
0.384067
0.39012
0.408841
0.405145
0.413663
0.408776
0.398024
0.413828
0.407654
0.406169
0.435688
0.448269
0.433969
0.42361
0.480994
0.41559
0.414465
0.427174
0.435044
0.425636
0.436209
0.497497
0.455591
0.432535
0.430742
0.427303
0.437305
0.442313
0.425764
0.423926
0.429199
0.465735
0.457207
0.434764
0.392675
0.390804
0.391872
0.385675
0.378572
0.356494
0.346363
0.349594
0.353386
0.371281
0.395851
0.409375
0.391224
0.38408
0.393103
0.427284
0.43727
0.400605
0.415313
0.437718
0.417293
0.411975
0.372809
0.391877
0.411133
0.410257
0.414562
0.455221
0.454446
0.499965
0.427226
0.398858
0.376359
0.411783
0.416947
0.415157
0.383917
0.369487
0.375561
0.395991
0.413236
0.437839
0.420256
0.431556
0.485694
0.443592
0.397311
0.449967
0.425492
0.48924
0.431809
0.444099
0.418794
0.465813
0.471573
0.483807
0.519682
0.514678
0.510319
0.529827
0.494403
0.516715
0.505945
0.492702
0.463477
0.4846
0.480074
0.539183
0.551228
0.560099
0.533874
0.525024
0.555987
0.595549
0.589891
0.555172
0.491185
0.440914
0.472337
0.473673
0.432805
0.397691
0.417377
0.458148
0.423112
0.386495
0.392121
0.427504
0.450113
0.449778
0.412457
0.437612
0.424195
0.406852
0.362053
0.363832
0.366584
0.38623
0.406703
0.431344
0.454046
0.454169
0.443266
0.44256
0.443085
0.427098
0.4317
0.423173
0.379672
0.409018
0.396409
0.405044
0.401014
0.402762
0.384764
0.354963
0.376061
0.377362
0.387475
0.431957
0.383967
0.406247
0.400758
0.413504
0.389173
0.418029
0.409978
0.374694
0.387134
0.411976
0.399602
0.398329
0.385065
0.409118
0.424358
0.429363
0.440749
0.42782
0.42245
0.388081
0.413627
0.38754
0.399164
0.409872
0.417257
0.393465
0.429583
0.432195
0.392633
0.38742
0.376391
0.407163
0.401005
0.392109
0.421147
0.499801
0.438184
0.438487
0.423869
0.420368
0.411059
0.417004
0.425393
0.438283
0.471151
0.401569
0.439531
0.452353
0.450154
0.412142
0.419584
0.402301
0.36997
0.366113
0.364422
0.366325
0.375317
0.356214
0.355961
0.343202
0.345633
0.342461
0.345141
0.350858
0.351663
0.350653
0.376831
0.38131
0.380025
0.393546
0.392738
0.3767
0.385512
0.36395
0.394438
0.398736
0.406748
0.391675
0.393777
0.360097
0.350057
0.351278
0.357154
0.359241
0.360802
0.379961
0.405338
0.427078
0.439514
0.484886
0.465515
0.490687
0.493028
0.519369
0.476615
0.40574
0.399196
0.440826
0.420452
0.38877
0.438617
0.428593
0.417977
0.383041
0.424008
0.466057
0.471265
0.465266
0.527064
0.440899
0.412336
0.460855
0.402812
0.354327
0.374737
0.372751
0.374637
0.36644
0.397841
0.421105
0.39357
0.39311
0.423984
0.468817
0.447834
0.404071
0.387296
0.375453
0.377452
0.403158
0.38184
0.37333
0.400149
0.397608
0.393011
0.416875
0.411118
0.435203
0.408687
0.40015
0.38267
0.435685
0.392411
0.433014
0.449309
0.474445
0.46571
0.432054
0.375454
0.425751
0.427167
0.460069
0.495905
0.440862
0.461654
0.481697
0.434995
0.4926
0.428176
0.428861
0.406599
0.382211
0.371057
0.386035
0.395123
0.369144
0.371658
0.373734
0.379786
0.393455
0.411924
0.443872
0.404859
0.394491
0.416517
0.404121
0.443661
0.43374
0.42094
0.426872
0.376389
0.34911
0.41724
0.430088
0.41568
0.452293
0.392766
0.427593
0.46792
0.45884
0.412899
0.416152
0.42593
0.433259
0.464711
0.444217
0.430745
0.459861
0.488217
0.486852
0.446454
0.42624
0.431005
0.43799
0.443788
0.440121
0.45275
0.437764
0.43514
0.469917
0.463304
0.470511
0.476374
0.506839
0.549649
0.57032
0.51899
0.533459
0.572897
0.567824
0.559233
0.517589
0.541291
0.471956
0.430938
0.406439
0.367357
0.397454
0.386852
0.451994
0.374813
0.420956
0.429452
0.439202
0.437737
0.43019
0.381786
0.438819
0.424222
0.448483
0.436234
0.420059
0.421819
0.39627
0.416954
0.390996
0.410571
0.408225
0.375739
0.388214
0.428906
0.485395
0.413484
0.438154
0.411979
0.447302
0.424589
0.404053
0.379713
0.365082
0.365239
0.363035
0.364501
0.354597
0.35663
0.351228
0.348828
0.356261
0.360483
0.366597
0.391845
0.400652
0.35891
0.372617
0.360013
0.371725
0.388615
0.378921
0.359983
0.397481
0.431959
0.391359
0.407813
0.432626
0.44731
0.397791
0.421245
0.421473
0.428784
0.384004
0.36033
0.347118
0.353056
0.351735
0.362646
0.371259
0.370256
0.362283
0.369938
0.366683
0.374823
0.389942
0.402685
0.419688
0.477701
0.493056
0.474796
0.442883
0.476148
0.438319
0.482804
0.44436
0.379518
0.377082
0.353753
0.39275
0.373971
0.372257
0.365101
0.353749
0.371781
0.439943
0.458831
0.383983
0.387824
0.405343
0.412927
0.387564
0.442285
0.487758
0.542192
0.456359
0.497765
0.40649
0.47278
0.553519
0.533227
0.50875
0.528041
0.49597
0.493871
0.514246
0.487119
0.498237
0.475775
0.523602
0.511038
0.499377
0.518825
0.489835
0.446495
0.475226
0.445603
0.472752
0.429232
0.411759
0.436733
0.497068
0.42618
0.463117
0.468924
0.413688
0.429038
0.415202
0.442847
0.428466
0.386811
0.375463
0.362127
0.355446
0.360169
0.374104
0.401048
0.393476
0.369412
0.36719
0.362366
0.377921
0.403052
0.408205
0.397225
0.387409
0.372573
0.373075
0.349864
0.363696
0.376344
0.353262
0.348988
0.361271
0.38405
0.393875
0.399126
0.405254
0.412101
0.405019
0.407977
0.384202
0.393463
0.37225
0.361916
0.353843
0.350808
0.359097
0.344333
0.350146
0.359412
0.387883
0.375409
0.378763
0.395477
0.397472
0.360949
0.382411
0.364055
0.355096
0.36042
0.353196
0.378386
0.358272
0.375901
0.406558
0.397037
0.389145
0.389585
0.379253
0.40057
0.392964
0.414929
0.410906
0.419061
0.432194
0.434922
0.433629
0.442355
0.401368
0.402539
0.439138
0.449946
0.453336
0.465914
0.492355
0.445626
0.479819
0.483249
0.501014
0.451895
0.477816
0.415705
0.408076
0.3894
0.434562
0.44403
0.409855
0.375322
0.425315
0.468442
0.411058
0.4874
0.451879
0.39816
0.38077
0.398373
0.44262
0.395467
0.433827
0.451771
0.422716
0.433194
0.430252
0.423398
0.41317
0.423877
0.465423
0.470997
0.454614
0.464377
0.435442
0.400878
0.450576
0.473824
0.484434
0.494868
0.440406
0.424339
0.432886
0.433133
0.447586
0.492036
0.500662
0.404423
0.445209
0.430046
0.421423
0.415849
0.378338
0.377164
0.370649
0.392651
0.432089
0.414159
0.434513
0.422411
0.398291
0.401415
0.386727
0.373474
0.37948
0.372018
0.3563
0.352556
0.357073
0.355925
0.380011
0.396237
0.381377
0.361148
0.36324
0.365647
0.378197
0.373199
0.37773
0.366409
0.347909
0.375179
0.392937
0.389289
0.394404
0.389075
0.390533
0.395505
0.394183
0.356901
0.380425
0.383461
0.391264
0.390862
0.439804
0.42316
0.428014
0.409956
0.394954
0.364845
0.372746
0.410413
0.388697
0.363424
0.374549
0.366371
0.362715
0.363249
0.362664
0.382884
0.397373
0.396202
0.361915
0.378717
0.370443
0.365913
0.392924
0.380701
0.392015
0.382558
0.40267
0.469243
0.404731
0.475229
0.461972
0.482262
0.438547
0.420888
0.44875
0.464345
0.496097
0.488121
0.482897
0.461036
0.475585
0.400959
0.363731
0.46989
0.47376
0.456856
0.49141
0.442809
0.388473
0.373148
0.362959
0.354987
0.34651
0.348435
0.363116
0.366897
0.372669
0.408973
0.372458
0.392456
0.416731
0.404839
0.381072
0.397473
0.394312
0.38244
0.394872
0.395066
0.401556
0.412931
0.396951
0.387836
0.381711
0.374706
0.375759
0.381511
0.35916
0.356978
0.351239
0.345737
0.355735
0.347612
0.370758
0.405449
0.388842
0.382574
0.367012
0.353753
0.354493
0.348178
0.384406
0.374427
0.354665
0.356537
0.347528
0.359853
0.368085
0.369119
0.361198
0.346118
0.345221
0.342509
0.350137
0.349046
0.34426
0.344654
0.358144
0.359258
0.365964
0.380639
0.384795
0.366789
0.350925
0.355026
0.365004
0.390162
0.388605
0.417065
0.410222
0.41726
0.419937
0.409875
0.411341
0.421279
0.385953
0.388589
0.380398
0.399851
0.412338
0.376854
0.36705
0.404934
0.393451
0.396856
0.408906
0.376963
0.405015
0.381086
0.421822
0.423787
0.42593
0.40999
0.415432
0.425348
0.411325
0.428538
0.431739
0.455357
0.461128
0.461703
0.490783
0.436548
0.467058
0.478363
0.445084
0.440344
0.446721
0.501341
0.479055
0.437099
0.443857
0.42449
0.417786
0.43031
0.463671
0.466954
0.447552
0.421921
0.426005
0.438555
0.445081
0.48675
0.46114
0.480355
0.504314
0.446302
0.493679
0.469
0.456574
0.536019
0.50339
0.443377
0.414621
0.402423
0.406086
0.419637
0.415529
0.447558
0.458444
0.42044
0.453829
0.466589
0.482906
0.512051
0.510862
0.58013
0.462555
0.40907
0.417306
0.419342
0.433605
0.417286
0.430561
0.417112
0.393364
0.396968
0.401661
0.413662
0.439587
0.421034
0.419818
0.412322
0.406214
0.437569
0.430837
0.42852
0.406906
0.414791
0.415065
0.420429
0.42962
0.434828
0.414536
0.392793
0.392108
0.394198
0.398294
0.386713
0.388305
0.380418
0.345796
0.402741
0.388335
0.395512
0.372624
0.353813
0.35954
0.377706
0.388925
0.38407
0.429115
0.40832
0.410599
0.378767
0.393063
0.395775
0.396749
0.388946
0.418759
0.427633
0.423003
0.408815
0.402468
0.383718
0.379402
0.402588
0.392519
0.389259
0.408166
0.407621
0.394922
0.408942
0.403137
0.427441
0.403648
0.424139
0.378584
0.356244
0.356021
0.356478
0.343201
0.340099
0.337905
0.350877
0.338563
0.344948
0.353922
0.362255
0.390407
0.361269
0.382804
0.367424
0.351098
0.345166
0.339518
0.336249
0.347736
0.346035
0.338938
0.343823
0.341592
0.352683
0.349898
0.346019
0.350044
0.34841
0.337155
0.334984
0.345254
0.340964
0.342675
0.345454
0.34054
0.36216
0.37114
0.390152
0.390127
0.37635
0.374387
0.377002
0.385076
0.368707
0.37529
0.378644
0.38296
0.365332
0.379145
0.377937
0.372596
0.387933
0.370107
0.35161
0.345433
0.346938
0.337962
0.341509
0.348259
0.347063
0.346129
0.350364
0.34904
0.342447
0.346724
0.340895
0.341465
0.348904
0.342405
0.341764
0.34802
0.352892
0.362033
0.37141
0.36021
0.355417
0.35708
0.370609
0.362424
0.383653
0.402361
0.43039
0.38997
0.382818
0.383786
0.39649
0.410385
0.446517
0.437633
0.431854
0.440622
0.401884
0.426233
0.38222
0.365062
0.377383
0.395073
0.378803
0.356845
0.358465
0.360056
0.359555
0.374698
0.399891
0.398179
0.376666
0.372736
0.376708
0.37988
0.404563
0.422975
0.463409
0.45114
0.465204
0.48116
0.459309
0.520258
0.49691
0.514927
0.406259
0.411951
0.36435
0.433679
0.435986
0.421252
0.379554
0.4249
0.469494
0.469584
0.461958
0.438867
0.391174
0.375416
0.368662
0.354095
0.349029
0.341618
0.351756
0.358707
0.35526
0.362986
0.376838
0.376348
0.405046
0.388358
0.397186
0.378522
0.377446
0.392297
0.414429
0.427748
0.419265
0.389895
0.38502
0.406213
0.375366
0.373801
0.376012
0.376669
0.394986
0.377949
0.356294
0.343097
0.346017
0.34829
0.347659
0.341073
0.342207
0.349806
0.353386
0.381612
0.381225
0.369105
0.346441
0.345901
0.350943
0.360647
0.352103
0.355005
0.388223
0.421367
0.40946
0.406958
0.399765
0.402144
0.402317
0.390891
0.394806
0.389073
0.405833
0.420925
0.414753
0.402958
0.401639
0.403881
0.388175
0.395494
0.391522
0.403332
0.396304
0.383612
0.380969
0.382361
0.429297
0.396381
0.375837
0.368577
0.404906
0.408339
0.4223
0.464617
0.416162
0.416267
0.39132
0.359473
0.42877
0.396376
0.41847
0.466524
0.448442
0.444975
0.4056
0.412756
0.409105
0.408475
0.433911
0.452538
0.442944
0.440754
0.483313
0.436305
0.459315
0.420503
0.457482
0.482585
0.455758
0.445558
0.418294
0.383547
0.38574
0.37768
0.373749
0.375753
0.411352
0.379143
0.355976
0.359003
0.346138
0.359247
0.358127
0.361447
0.379728
0.366164
0.355139
0.369041
0.385037
0.403062
0.399573
0.417739
0.441054
0.423473
0.459552
0.441061
0.439531
0.419539
0.481449
0.480959
0.41092
0.458797
0.464001
0.448911
0.470567
0.460909
0.428129
0.424705
0.417812
0.418417
0.408066
0.471965
0.499326
0.465855
0.514007
0.464352
0.469582
0.464469
0.481433
0.499668
0.479138
0.516367
0.545516
0.561281
0.565949
0.44541
0.414446
0.428477
0.41847
0.409401
0.439599
0.437718
0.427326
0.392048
0.391235
0.430879
0.413092
0.43174
0.406632
0.41286
0.407477
0.440312
0.429228
0.450468
0.426287
0.427248
0.424833
0.444613
0.450979
0.414942
0.424328
0.403097
0.413446
0.405554
0.422822
0.388171
0.363719
0.365431
0.371856
0.378273
0.366298
0.384121
0.404541
0.388158
0.401167
0.454914
0.472153
0.458748
0.465033
0.462965
0.428488
0.420893
0.447644
0.413423
0.41619
0.443705
0.425035
0.381278
0.365133
0.365141
0.395656
0.390991
0.386322
0.387145
0.370662
0.395867
0.406408
0.423974
0.395297
0.43284
0.40754
0.390484
0.376214
0.363462
0.370108
0.398056
0.40358
0.381404
0.37661
0.395416
0.422988
0.404737
0.410192
0.420665
0.414953
0.408898
0.41053
0.409739
0.396199
0.409827
0.43501
0.439715
0.418553
0.43209
0.466336
0.471358
0.415405
0.471081
0.478145
0.428172
0.418584
0.436076
0.452557
0.433049
0.463061
0.482495
0.424136
0.416456
0.408621
0.430115
0.426613
0.419796
0.463931
0.511664
0.489007
0.485655
0.46229
0.429466
0.379189
0.407234
0.532389
0.469379
0.469584
0.44625
0.418495
0.431673
0.450259
0.419939
0.397209
0.437237
0.462764
0.436298
0.416385
0.403931
0.454137
0.451633
0.421554
0.414754
0.389574
0.379793
0.399007
0.460705
0.462982
0.457465
0.473466
0.476706
0.448078
0.435627
0.409598
0.44176
0.44484
0.447144
0.400782
0.387044
0.39165
0.379389
0.376311
0.412988
0.392838
0.375233
0.382725
0.424213
0.439218
0.432889
0.408709
0.454908
0.440781
0.472867
0.433494
0.542613
0.607128
0.608876
0.547413
0.555085
0.544325
0.486753
0.476658
0.516336
0.520799
0.460785
0.438373
0.412239
0.410694
0.417128
0.404707
0.427994
0.474988
0.434956
0.420234
0.449265
0.475998
0.506471
0.455486
0.467801
0.435698
0.415111
0.410747
0.450102
0.471344
0.458929
0.476625
0.462936
0.429258
0.441056
0.422651
0.460178
0.451673
0.444713
0.439071
0.416279
0.441411
0.443609
0.447604
0.431214
0.447277
0.452558
0.441392
0.434732
0.436732
0.416311
0.406253
0.427779
0.472509
0.480617
0.484903
0.501584
0.487925
0.496386
0.496347
0.513273
0.498998
0.412842
0.40124
0.42293
0.424642
0.427384
0.414256
0.400957
0.418341
0.391174
0.43256
0.432241
0.437335
0.499934
0.451862
0.46562
0.442911
0.403878
0.391314
0.400965
0.399383
0.398902
0.438121
0.421055
0.444336
0.438697
0.435826
0.453977
0.481173
0.505626
0.463226
0.442832
0.38231
0.365775
0.374574
0.358491
0.35986
0.362445
0.369735
0.367852
0.361779
0.362473
0.367789
0.373376
0.396514
0.425478
0.467485
0.472435
0.499324
0.512391
0.472621
0.455333
0.447721
0.440972
0.476707
0.473284
0.420177
0.435991
0.39859
0.425159
0.437248
0.402165
0.429963
0.448556
0.472563
0.398925
0.364543
0.368419
0.406064
0.430831
0.4212
0.430999
0.435476
0.415606
0.41158
0.418679
0.480111
0.470003
0.416482
0.417096
0.423065
0.470656
0.493127
0.492786
0.561182
0.510897
0.484961
0.48413
0.499574
0.531921
0.565428
0.59
0.537709
0.509823
0.499889
0.523542
0.514906
0.502655
0.469152
0.479966
0.456626
0.493924
0.491966
0.500008
0.448695
0.458929
0.477029
0.46659
0.521835
0.502213
0.45782
0.479733
0.435207
0.470336
0.422025
0.432163
0.43024
0.410135
0.401831
0.417934
0.397054
0.405126
0.41214
0.407651
0.439972
0.424951
0.442631
0.501269
0.523069
0.515483
0.45597
0.494848
0.472736
0.427835
0.442266
0.464035
0.450924
0.403977
0.434805
0.468804
0.448331
0.493072
0.455712
0.424477
0.408692
0.454703
0.428511
0.449376
0.45129
0.417753
0.45083
0.437567
0.441742
0.467499
0.427783
0.437936
0.466454
0.476841
0.415729
0.450275
0.511507
0.493017
0.476614
0.477197
0.466584
0.399307
0.486106
0.508097
0.482442
0.471201
0.480272
0.516931
0.470489
0.512272
0.487535
0.449564
0.423595
0.446294
0.447103
0.448475
0.464081
0.463845
0.4757
0.520279
0.499407
0.430683
0.420611
0.377128
0.369311
0.354395
0.360578
0.366819
0.37609
0.39582
0.401988
0.398384
0.433714
0.4492
0.47752
0.459885
0.42603
0.423653
0.414716
0.429747
0.404595
0.416435
0.390987
0.416637
0.449836
0.384748
0.482997
0.464982
0.437917
0.444386
0.419496
0.403758
0.456091
0.439115
0.434818
0.455909
0.404495
0.376248
0.386672
0.375071
0.370097
0.375799
0.386628
0.452023
0.464808
0.492715
0.491854
0.511426
0.517996
0.496394
0.533677
0.505659
0.496552
0.512543
0.481697
0.526152
0.499449
0.539293
0.50501
0.558835
0.571476
0.558603
0.528562
0.423524
0.420147
0.367993
0.361022
0.381359
0.411117
0.41696
0.406163
0.370384
0.384406
0.393751
0.40325
0.397843
0.415188
0.42524
0.392007
0.434008
0.421305
0.410558
0.43321
0.43195
0.405148
0.414682
0.452246
0.432754
0.436433
0.44348
0.42321
0.391337
0.38988
0.408992
0.434611
0.389473
0.444855
0.431313
0.415262
0.412732
0.390597
0.392794
0.390114
0.411903
0.378372
0.372175
0.372191
0.356089
0.345334
0.345647
0.347481
0.357689
0.368333
0.403915
0.404265
0.38275
0.349984
0.360373
0.357034
0.378757
0.403844
0.407911
0.422679
0.404322
0.458279
0.428427
0.372517
0.370131
0.363467
0.369992
0.359839
0.355945
0.359681
0.37915
0.380672
0.36044
0.363922
0.357752
0.366736
0.412349
0.409286
0.434428
0.456859
0.433533
0.430733
0.434463
0.459296
0.495293
0.398427
0.446133
0.426931
0.42881
0.41268
0.38812
0.377083
0.370348
0.364625
0.380279
0.379586
0.386053
0.380283
0.384703
0.397632
0.385303
0.429201
0.43121
0.437036
0.434176
0.422693
0.409106
0.359151
0.359626
0.391988
0.397724
0.411289
0.415837
0.40342
0.3868
0.372356
0.348068
0.344758
0.350472
0.34242
0.342272
0.357032
0.344737
0.360997
0.347909
0.359207
0.377262
0.397664
0.373452
0.351355
0.349378
0.369778
0.366004
0.365765
0.41779
0.427901
0.409494
0.420879
0.406689
0.450862
0.450802
0.4119
0.414797
0.458957
0.451689
0.516435
0.48531
0.522949
0.598844
0.589277
0.575845
0.553084
0.534066
0.563105
0.548515
0.546763
0.535701
0.517584
0.513243
0.504617
0.459982
0.520719
0.523283
0.508658
0.455147
0.433116
0.510683
0.527405
0.525212
0.489895
0.444472
0.477914
0.530919
0.473075
0.531852
0.491525
0.473614
0.477753
0.490381
0.500815
0.527174
0.522265
0.535019
0.552929
0.529548
0.48755
0.412123
0.403117
0.401421
0.421731
0.39966
0.422675
0.415442
0.408882
0.387593
0.422667
0.427046
0.448375
0.489938
0.459373
0.460574
0.432443
0.43922
0.431766
0.440834
0.493884
0.504318
0.439133
0.446023
0.49273
0.513067
0.513591
0.420317
0.431562
0.414465
0.506875
0.521647
0.503927
0.464837
0.469221
0.513175
0.482428
0.473159
0.539334
0.439961
0.437212
0.473293
0.401893
0.496354
0.532436
0.522742
0.471971
0.494585
0.516873
0.494737
0.496402
0.528014
0.518824
0.536427
0.512692
0.514454
0.485847
0.43756
0.437202
0.452164
0.442786
0.487954
0.508908
0.469615
0.550015
0.469823
0.454492
0.444063
0.442115
0.464554
0.500614
0.441256
0.48338
0.440358
0.451879
0.446586
0.466619
0.448085
0.481181
0.437572
0.450489
0.428563
0.43325
0.386483
0.386042
0.365875
0.374908
0.376255
0.392859
0.399863
0.385109
0.409253
0.391417
0.381628
0.392294
0.38389
0.392345
0.396859
0.388633
0.367845
0.381348
0.388324
0.393
0.414128
0.394719
0.442726
0.453474
0.420846
0.41941
0.440542
0.422794
0.416271
0.426546
0.416644
0.395337
0.423596
0.446277
0.44277
0.434196
0.462697
0.479432
0.446652
0.405939
0.481089
0.472908
0.496809
0.485945
0.46817
0.439792
0.461056
0.452228
0.453365
0.494582
0.476945
0.476596
0.453789
0.460685
0.460088
0.427849
0.392368
0.407704
0.449609
0.437801
0.423258
0.417444
0.426641
0.454285
0.463747
0.462481
0.452969
0.437811
0.464978
0.473808
0.447887
0.455666
0.475633
0.481527
0.465284
0.469631
0.472504
0.496933
0.469248
0.470805
0.450792
0.409781
0.403688
0.431264
0.426578
0.395779
0.381306
0.375453
0.400723
0.455295
0.48195
0.497371
0.475717
0.456501
0.457894
0.468166
0.427849
0.426364
0.452387
0.506767
0.54138
0.586021
0.555904
0.581325
0.540716
0.397594
0.374997
0.411858
0.375803
0.370122
0.380915
0.365334
0.352914
0.356298
0.395134
0.391574
0.355266
0.354055
0.351327
0.346218
0.350566
0.35721
0.340141
0.352862
0.348504
0.349353
0.340629
0.365148
0.345355
0.357379
0.369324
0.398815
0.388245
0.378656
0.359881
0.362526
0.366529
0.392462
0.398411
0.37603
0.36554
0.383955
0.440496
0.439062
0.447293
0.425401
0.438406
0.425938
0.439053
0.436502
0.404255
0.423923
0.462969
0.448565
0.413491
0.427891
0.41786
0.447311
0.417152
0.434176
0.403365
0.418264
0.467089
0.49823
0.492671
0.497155
0.515069
0.524192
0.532572
0.516905
0.527514
0.514278
0.476958
0.41537
0.40404
0.466653
0.473095
0.471286
0.485782
0.51751
0.556671
0.494669
0.489669
0.513092
0.464358
0.456864
0.482238
0.504369
0.503891
0.490546
0.470335
0.45783
0.445422
0.460095
0.456175
0.473966
0.450637
0.38283
0.45498
0.487861
0.445603
0.512852
0.478611
0.468444
0.45334
0.449795
0.444851
0.436897
0.43249
0.404368
0.438515
0.488203
0.424584
0.494651
0.508233
0.543531
0.528592
0.485325
0.507484
0.541682
0.428951
0.446399
0.442733
0.511416
0.489438
0.522182
0.508614
0.486907
0.496034
0.519731
0.504392
0.473238
0.516045
0.539901
0.494246
0.464361
0.450424
0.532414
0.49712
0.505198
0.55233
0.53709
0.486072
0.481601
0.449553
0.416937
0.43458
0.378192
0.373472
0.37525
0.383671
0.394573
0.409849
0.401852
0.390531
0.384681
0.398232
0.437758
0.466116
0.408566
0.390989
0.389913
0.39225
0.390539
0.415554
0.407641
0.407193
0.374341
0.381801
0.394968
0.400517
0.405386
0.422172
0.418792
0.417479
0.415741
0.433943
0.430106
0.425408
0.391184
0.376657
0.36321
0.406604
0.385484
0.367827
0.403342
0.43303
0.421074
0.399968
0.377062
0.367537
0.361135
0.3617
0.360882
0.368519
0.368572
0.355284
0.36492
0.374335
0.390996
0.400973
0.376791
0.361828
0.35149
0.363587
0.354837
0.357685
0.364092
0.368653
0.368115
0.357306
0.369004
0.384663
0.39094
0.392189
0.397484
0.425716
0.474911
0.485929
0.426923
0.432294
0.393829
0.391598
0.383103
0.375858
0.39839
0.401675
0.419535
0.387917
0.395575
0.397847
0.41741
0.454815
0.428185
0.449559
0.484551
0.482897
0.405882
0.404288
0.399687
0.39938
0.397278
0.412485
0.444045
0.460136
0.417608
0.433542
0.414184
0.399618
0.389267
0.386748
0.400656
0.382392
0.386594
0.393087
0.384899
0.395918
0.399975
0.387002
0.382683
0.426373
0.385152
0.380653
0.369663
0.386378
0.402044
0.456809
0.465313
0.393721
0.436774
0.391942
0.458064
0.44686
0.43276
0.4105
0.385946
0.392453
0.41607
0.389999
0.386296
0.393738
0.384548
0.387594
0.393747
0.395511
0.376597
0.370095
0.366158
0.369081
0.374187
0.371052
0.361116
0.366018
0.356399
0.363585
0.364254
0.356803
0.357492
0.373428
0.365075
0.373569
0.360593
0.356483
0.361094
0.360173
0.357365
0.355092
0.356
0.359899
0.355152
0.363647
0.361105
0.36247
0.358951
0.36488
0.36314
0.361486
0.359844
0.354783
0.364566
0.369172
0.370554
0.375102
0.37968
0.368447
0.360128
0.359079
0.362648
0.390589
0.414677
0.418688
0.392646
0.406971
0.399068
0.402859
0.419648
0.406996
0.380193
0.369956
0.374228
0.379121
0.380489
0.414719
0.420776
0.387199
0.367593
0.391173
0.405959
0.397613
0.397051
0.383875
0.392142
0.388172
0.390854
0.366581
0.374811
0.357191
0.367352
0.400183
0.405888
0.364371
0.369247
0.381785
0.384518
0.41148
0.426645
0.457352
0.422731
0.408572
0.388376
0.359306
0.366387
0.370426
0.386779
0.414456
0.389946
0.367503
0.366887
0.363482
0.360542
0.359121
0.356992
0.3518
0.357078
0.383835
0.386821
0.460977
0.430482
0.394289
0.392368
0.392143
0.384035
0.408538
0.422204
0.396413
0.401835
0.42083
0.415499
0.417841
0.408408
0.414837
0.4027
0.389604
0.37706
0.388325
0.386537
0.397828
0.394761
0.395467
0.387723
0.375539
0.381358
0.370216
0.376329
0.364926
0.363658
0.367398
0.379031
0.3859
0.371206
0.367206
0.372218
0.38678
0.387201
0.395398
0.433339
0.424025
0.438855
0.426895
0.420226
0.401821
0.404064
0.469394
0.549682
0.515738
0.498079
0.390918
0.395646
0.485935
0.4816
0.422124
0.361614
0.355194
0.360195
0.363364
0.3574
0.383628
0.385016
0.429037
0.403321
0.389663
0.423245
0.425907
0.4085
0.426743
0.3969
0.418634
0.397341
0.380344
0.395605
0.388518
0.384791
0.393202
0.386052
0.380436
0.371246
0.382784
0.397495
0.395378
0.380733
0.394282
0.379657
0.399092
0.396134
0.388847
0.407129
0.398451
0.400419
0.380626
0.376021
0.418726
0.394198
0.409591
0.377152
0.397855
