0.543894
0.501401
0.494677
0.474618
0.48313
0.462508
0.498253
0.475638
0.478323
0.47419
0.476488
0.473172
0.471404
0.44204
0.472256
0.446609
0.455404
0.452757
0.440282
0.393361
0.441654
0.437754
0.411044
0.394354
0.404439
0.390875
0.391569
0.365633
0.352136
0.380224
0.373491
0.360189
0.374965
0.388705
0.38616
0.396339
0.408793
0.370183
0.368081
0.36756
0.348095
0.360872
0.438333
0.426098
0.406053
0.414865
0.408056
0.416244
0.442316
0.43686
0.486793
0.405683
0.439813
0.390477
0.413431
0.402966
0.385093
0.387384
0.409259
0.404865
0.421508
0.406588
0.369579
0.343737
0.343344
0.357169
0.348039
0.372999
0.460657
0.46922
0.435635
0.418898
0.423473
0.396029
0.371589
0.387509
0.404234
0.425395
0.460786
0.44588
0.416655
0.427135
0.397124
0.386342
0.398664
0.425006
0.407826
0.44683
0.428413
0.407155
0.451267
0.437151
0.373473
0.412713
0.417712
0.389926
0.440203
0.454023
0.435607
0.40611
0.370616
0.407817
0.377996
0.426863
0.42246
0.426099
0.36184
0.371739
0.39346
0.363984
0.410719
0.397268
0.411261
0.400736
0.444475
0.433173
0.374055
0.365783
0.3655
0.380012
0.442943
0.431287
0.42012
0.430876
0.38092
0.419142
0.419271
0.430297
0.413156
0.365321
0.423001
0.453518
0.371591
0.414186
0.443697
0.429207
0.407836
0.392926
0.365018
0.353449
0.368723
0.364288
0.387045
0.392229
0.354508
0.376272
0.3944
0.364098
0.364592
0.370871
0.398301
0.406658
0.39695
0.397083
0.367836
0.370486
0.346455
0.359701
0.378417
0.357063
0.361296
0.383384
0.399237
0.408902
0.398309
0.397109
0.364489
0.355682
0.401003
0.45722
0.415136
0.403136
0.383641
0.39279
0.439017
0.44982
0.457471
0.47777
0.509918
0.368629
0.402713
0.382325
0.439587
0.452277
0.480359
0.39892
0.375981
0.368916
0.391314
0.383893
0.373593
0.416499
0.373801
0.426324
0.415523
0.424587
0.43385
0.468852
0.475619
0.468418
0.412571
0.421798
0.396672
0.401016
0.402938
0.392893
0.405404
0.398808
0.377485
0.356285
0.355497
0.342785
0.352245
0.35665
0.364501
0.381132
0.367537
0.357699
0.380035
0.373411
0.394764
0.373957
0.374423
0.395634
0.426487
0.445395
0.483148
0.409307
0.411485
0.41714
0.415666
0.418321
0.382726
0.354376
0.376177
0.384774
0.374267
0.393992
0.385985
0.375707
0.345843
0.353427
0.374644
0.402025
0.358215
0.376871
0.383233
0.380565
0.441339
0.42769
0.386637
0.374757
0.43733
0.451574
0.50766
0.482772
0.493881
0.46815
0.383627
0.398987
0.399859
0.368415
0.377647
0.422425
0.371154
0.350075
0.34797
0.350761
0.403004
0.419548
0.375409
0.357379
0.398666
0.404555
0.368182
0.351332
0.34738
0.350251
0.366869
0.372457
0.372167
0.402691
0.384384
0.376876
0.397215
0.380171
0.385187
0.352139
0.363986
0.357746
0.384227
0.370051
0.363648
0.370891
0.393678
0.373324
0.35653
0.348861
0.376986
0.380124
0.360223
0.373726
0.361454
0.349993
0.343225
0.36267
0.404246
0.373016
0.384824
0.385002
0.379144
0.409252
0.370265
0.37093
0.35686
0.358237
0.373185
0.376393
0.366217
0.375095
0.364067
0.358657
0.374554
0.425523
0.409916
0.40475
0.511595
0.423432
0.423864
0.400664
0.394113
0.400636
0.410378
0.352078
0.355307
0.350914
0.347919
0.350087
0.410803
0.39888
0.398528
0.381995
0.389078
0.361592
0.393565
0.4034
0.377361
0.395955
0.369675
0.390721
0.398209
0.400633
0.40126
0.403218
0.409392
0.38275
0.349953
0.364735
0.367118
0.362889
0.376302
0.377334
0.355362
0.363777
0.34361
0.373283
0.375448
0.392454
0.387588
0.370973
0.358671
0.386504
0.389107
0.371672
0.395903
0.451512
0.428589
0.450255
0.437895
0.385392
0.39556
0.433785
0.416883
0.416687
0.40717
0.415136
0.367548
0.363074
0.396029
0.432559
0.457238
0.442187
0.483889
0.473622
0.429376
0.44068
0.429746
0.384878
0.412176
0.429025
0.419697
0.397301
0.394969
0.390779
0.407197
0.422373
0.463633
0.481618
0.452361
0.432315
0.466439
0.439483
0.385439
0.362625
0.403256
0.361152
0.371845
0.349953
0.345633
0.372824
0.384069
0.371151
0.365315
0.367622
0.378893
0.388332
0.400905
0.378938
0.347402
0.362147
0.378073
0.348306
0.37065
0.415108
0.408513
0.388711
0.370227
0.380182
0.366188
0.367086
0.374562
0.362083
0.382243
0.382277
0.392012
0.40528
0.362077
0.390192
0.374048
0.402033
0.426004
0.382523
0.404952
0.440697
0.413792
0.396326
0.437557
0.461434
0.544767
0.466587
0.440117
0.361266
0.363554
0.35474
0.371452
0.369435
0.403105
0.409486
0.409205
0.425109
0.401776
0.406207
0.395819
0.398983
0.436797
0.424558
0.397759
0.409304
0.381577
0.420199
0.431287
0.436479
0.427748
0.480802
0.465416
0.374282
0.359286
0.350061
0.358541
0.361499
0.384251
0.369521
0.38771
0.466326
0.497357
0.395163
0.407528
0.367599
0.376509
0.35705
0.377972
0.349168
0.3686
0.361431
0.401464
0.435903
0.424383
0.406727
0.392814
0.436429
0.415053
0.372164
0.394785
0.467796
0.433484
0.454561
0.481706
0.458914
0.38395
0.426184
0.428903
0.447663
0.36247
0.379868
0.416942
0.46874
0.401499
0.432024
0.417913
0.390478
0.381828
0.42965
0.399635
0.428211
0.375271
0.391145
0.406633
0.392644
0.386714
0.381787
0.382233
0.390984
0.391067
0.389851
0.369036
0.352528
0.393675
0.354838
0.374748
0.35652
0.373213
0.387482
0.404751
0.402356
0.410675
0.397644
0.371044
0.371854
0.34944
0.342652
0.37228
0.391245
0.384616
0.42394
0.406549
0.405821
0.409257
0.433601
0.391432
0.43581
0.5087
0.544105
0.408455
0.393097
0.400727
0.36303
0.351222
0.385367
0.391702
0.395575
0.372419
0.361697
0.381107
0.350696
0.389491
0.447474
0.44348
0.400566
0.391267
0.400459
0.399006
0.392867
0.374067
0.398404
0.394105
0.387459
0.399162
0.406319
0.441488
0.426715
0.448423
0.431683
0.435082
0.379922
0.366396
0.403108
0.419963
0.397375
0.4506
0.401956
0.393511
0.439061
0.44522
0.468035
0.514214
0.483514
0.543154
0.555305
0.442021
0.414326
0.437398
0.380945
0.434719
0.435032
0.398113
0.3794
0.40286
0.400648
0.396084
0.429035
0.39987
0.41463
0.414505
0.42256
0.439332
0.404481
0.363584
0.346344
0.36743
0.381917
0.396303
0.35585
0.407832
0.490601
0.418512
0.416418
0.474068
0.403374
0.384702
0.425881
0.389449
0.390318
0.412479
0.425889
0.430817
0.462391
0.443263
0.381735
0.385931
0.414031
0.414809
0.415653
0.434034
0.436216
0.462929
0.438072
0.455046
0.523769
0.549636
0.441482
0.405731
0.425806
0.433262
0.405314
0.418432
0.424917
0.373854
0.353564
0.374578
0.374407
0.394303
0.422985
0.379493
0.363114
0.380166
0.460128
0.444724
0.379161
0.40504
0.471568
0.492925
0.506753
0.498557
0.476689
0.449788
0.440455
0.405755
0.373643
0.374712
0.390401
0.35898
0.387539
0.399885
0.359062
0.364992
0.382065
0.361245
0.389321
0.398569
0.432116
0.428608
0.476837
0.443378
0.41371
0.446194
0.407079
0.433229
0.444656
0.447978
0.44994
0.457062
0.404316
0.411917
0.390376
0.359931
0.374899
0.369597
0.386829
0.383042
0.410771
0.386456
0.376039
0.374548
0.397428
0.456822
0.460216
0.438277
0.464822
0.363809
0.373383
0.395753
0.393254
0.391856
0.365052
0.366477
0.366377
0.363416
0.361425
0.346167
0.358731
0.366045
0.40408
0.408735
0.390251
0.393826
0.411383
0.413246
0.460676
0.453444
0.460184
0.441692
0.440532
0.473588
0.489249
0.411413
0.447444
0.509202
0.420261
0.406487
0.421515
0.423017
0.422757
0.392682
0.381497
0.372239
0.402764
0.39508
0.411844
0.390523
0.410388
0.384247
0.345833
0.358356
0.360784
0.341669
0.347413
0.341886
0.351407
0.381361
0.377773
0.377769
0.347435
0.347893
0.343812
0.348882
0.362697
0.393079
0.406915
0.424238
0.376858
0.365317
0.383805
0.436899
0.4946
0.411392
0.431134
0.400831
0.351595
0.380584
0.391766
0.404522
0.379891
0.351305
0.351437
0.360648
0.374481
0.403749
0.401895
0.400454
0.393109
0.390348
0.422307
0.397273
0.436837
0.425037
0.446765
0.454818
0.381621
0.372295
0.364166
0.382011
0.440818
0.446756
0.453574
0.425438
0.484665
0.484959
0.50742
0.42741
0.410961
0.420387
0.43003
0.426228
0.396177
0.375255
0.43232
0.443933
0.421616
0.380872
0.393129
0.403374
0.383315
0.401546
0.412654
0.420674
0.45097
0.442502
0.442292
0.43443
0.467643
0.458884
0.424899
0.430415
0.428072
0.426732
0.451058
0.425785
0.390218
0.409157
0.442729
0.569725
0.502764
0.419469
0.441496
0.464207
0.448208
0.444199
0.440522
0.442673
0.425866
0.484198
0.476503
0.415695
0.457184
0.398952
0.43873
0.461494
0.36523
0.366036
0.425099
0.476847
0.45019
0.418365
0.408375
0.425698
0.438069
0.454382
0.507523
0.545748
0.502658
0.481282
0.477973
0.46283
0.420843
0.408461
0.476512
0.464124
0.443723
0.446487
0.440006
0.442145
0.453595
0.478496
0.476043
0.490396
0.444972
0.478445
0.378114
0.387749
0.448758
0.419373
0.428679
0.430422
0.429297
0.378928
0.477802
0.510067
0.529689
0.390992
0.397822
0.406977
0.417674
0.427172
0.415431
0.40633
0.383205
0.351998
0.38048
0.390247
0.408357
0.361941
0.368134
0.420358
0.443581
0.423639
0.374913
0.384055
0.431421
0.383241
0.396671
0.345903
0.356336
0.367855
0.393325
0.431053
0.46342
0.564405
0.542509
0.505267
0.489672
0.487334
0.49324
0.527802
0.438668
0.422277
0.441282
0.46926
0.465246
0.488051
0.490396
0.46999
0.498282
0.521776
0.456448
0.495168
0.461023
0.453133
0.454791
0.394457
0.389616
0.390226
0.384332
0.420347
0.426046
0.423878
0.456403
0.455911
0.471875
0.427001
0.434337
0.460126
0.465482
0.472056
0.429068
0.39876
0.475201
0.455161
0.560425
0.386158
0.372144
0.353586
0.349691
0.357935
0.37513
0.3806
0.437166
0.42669
0.433013
0.427431
0.501371
0.515023
0.448903
0.508978
0.485038
0.463966
0.448623
0.471533
0.433179
0.480744
0.504821
0.481224
0.500389
0.492614
0.521351
0.460533
0.381763
0.398342
0.416576
0.399842
0.398806
0.422525
0.392973
0.401831
0.371972
0.363805
0.378635
0.361175
0.373448
0.433401
0.404989
0.396892
0.422333
0.440163
0.418673
0.414775
0.39088
0.388892
0.423801
0.4288
0.398441
0.3902
0.372295
0.364183
0.363572
0.362198
0.35776
0.361217
0.361592
0.371792
0.388279
0.404649
0.380267
0.394743
0.395394
0.379843
0.379469
0.406767
0.393982
0.385287
0.361514
0.390443
0.396506
0.411063
0.410007
0.387479
0.384747
0.369545
0.37665
0.413355
0.423831
0.465409
0.432942
0.378339
0.410504
0.403731
0.389412
0.385369
0.389929
0.393206
0.39881
