0.544077
0.501003
0.49462
0.474599
0.483149
0.46255
0.49814
0.476433
0.47752
0.473607
0.477146
0.473373
0.471644
0.441895
0.472316
0.446423
0.455433
0.452154
0.441696
0.392974
0.441257
0.438922
0.410441
0.394672
0.404002
0.391585
0.391645
0.365866
0.351885
0.380376
0.373252
0.360235
0.374511
0.388953
0.386545
0.396157
0.408419
0.370656
0.367666
0.367851
0.348225
0.360489
0.437654
0.42642
0.406353
0.414896
0.408183
0.416162
0.443356
0.436579
0.487411
0.403391
0.440798
0.390437
0.413419
0.402529
0.384492
0.387813
0.409591
0.404732
0.42156
0.406714
0.368721
0.343251
0.344035
0.356523
0.348519
0.373463
0.461452
0.468699
0.435823
0.418678
0.423141
0.396176
0.371536
0.387454
0.404183
0.425669
0.460734
0.445757
0.416736
0.426951
0.397646
0.386123
0.398566
0.425116
0.407705
0.446784
0.428802
0.406869
0.450252
0.438731
0.373382
0.412439
0.418211
0.388617
0.440375
0.45358
0.435945
0.407047
0.371106
0.406674
0.379335
0.426777
0.420856
0.427811
0.36203
0.371299
0.394008
0.364102
0.409638
0.397631
0.41177
0.399892
0.444953
0.431544
0.375928
0.365198
0.366223
0.378143
0.443995
0.430834
0.420487
0.430656
0.381299
0.418882
0.419259
0.430377
0.41284
0.365406
0.422937
0.453766
0.371294
0.414479
0.443982
0.428457
0.407624
0.392647
0.364419
0.353746
0.368894
0.36403
0.387398
0.392219
0.35424
0.376937
0.394115
0.363706
0.364502
0.371207
0.398205
0.406975
0.39862
0.394994
0.367987
0.370273
0.346405
0.359618
0.378979
0.356543
0.361658
0.383188
0.399422
0.409315
0.397908
0.396864
0.364036
0.35589
0.402521
0.458243
0.413539
0.403202
0.38349
0.392737
0.440097
0.449555
0.457205
0.478082
0.509839
0.368623
0.402693
0.382296
0.439364
0.452123
0.480729
0.399186
0.375981
0.3689
0.391301
0.383898
0.373585
0.41658
0.373795
0.426289
0.415601
0.424539
0.433968
0.468762
0.475606
0.468319
0.412527
0.421846
0.396485
0.401002
0.402997
0.392881
0.405241
0.399115
0.377374
0.356323
0.355522
0.342827
0.352177
0.356654
0.364486
0.381147
0.367242
0.357875
0.380089
0.373379
0.394825
0.373896
0.374449
0.395537
0.42661
0.44559
0.483028
0.409186
0.411573
0.417128
0.416092
0.418117
0.382033
0.354365
0.376229
0.384772
0.374246
0.393968
0.387037
0.374843
0.345624
0.35324
0.375285
0.401454
0.358239
0.376995
0.383117
0.380717
0.441433
0.427941
0.386461
0.374672
0.437204
0.451763
0.507729
0.482592
0.494117
0.467575
0.383983
0.398852
0.399492
0.368342
0.3777
0.422561
0.371006
0.35008
0.348073
0.350319
0.403223
0.419464
0.375645
0.357189
0.398706
0.404632
0.367765
0.351318
0.347234
0.350817
0.366296
0.372599
0.372193
0.403437
0.383334
0.377812
0.396735
0.380316
0.384676
0.351928
0.364373
0.357577
0.384229
0.370365
0.363508
0.371387
0.394278
0.372077
0.356027
0.349427
0.377147
0.380879
0.358875
0.375387
0.359484
0.34988
0.343572
0.364343
0.402924
0.373452
0.385214
0.384371
0.380249
0.408307
0.370126
0.371881
0.355246
0.359211
0.372535
0.376694
0.365896
0.375266
0.364197
0.358653
0.374693
0.425686
0.409915
0.4047
0.511882
0.42305
0.424349
0.400172
0.394863
0.400731
0.410583
0.352259
0.354897
0.351373
0.347812
0.349707
0.410408
0.398551
0.398632
0.382429
0.38905
0.361635
0.393474
0.403603
0.377433
0.395646
0.369607
0.391216
0.397694
0.401857
0.400321
0.40327
0.409543
0.382585
0.349233
0.365177
0.367989
0.361462
0.376914
0.377358
0.354997
0.363395
0.343799
0.373668
0.375577
0.392478
0.387826
0.370939
0.358494
0.386798
0.389169
0.370868
0.396593
0.453676
0.42738
0.45009
0.437979
0.384805
0.395228
0.435576
0.415396
0.416854
0.407226
0.414881
0.367835
0.362882
0.396457
0.432263
0.457353
0.442235
0.483579
0.473786
0.429363
0.440712
0.429737
0.384896
0.412109
0.428985
0.419899
0.397186
0.395572
0.390536
0.406965
0.422057
0.4635
0.481789
0.452788
0.432358
0.466166
0.439375
0.386153
0.362341
0.403126
0.361428
0.371864
0.349894
0.345702
0.372802
0.383846
0.371638
0.365253
0.367545
0.378819
0.38844
0.401918
0.376777
0.347599
0.361877
0.379303
0.347012
0.372129
0.415085
0.410009
0.386895
0.369961
0.381747
0.365064
0.366424
0.374424
0.362103
0.382904
0.38353
0.391141
0.405916
0.361097
0.39011
0.373716
0.403121
0.425743
0.382039
0.405783
0.440844
0.413318
0.396375
0.437777
0.461469
0.544757
0.466519
0.440091
0.361186
0.363532
0.354718
0.371514
0.369378
0.403071
0.409533
0.409146
0.42519
0.401778
0.406129
0.395865
0.398936
0.436665
0.424621
0.398256
0.409121
0.381216
0.420323
0.431088
0.436485
0.427821
0.48089
0.464874
0.373953
0.359406
0.350015
0.358626
0.361544
0.38439
0.369222
0.388026
0.466997
0.496473
0.395815
0.407188
0.366998
0.376235
0.35695
0.37785
0.349572
0.36837
0.361258
0.402291
0.436071
0.423867
0.406773
0.393462
0.436364
0.414724
0.371867
0.395497
0.467994
0.432936
0.454571
0.482032
0.45869
0.383852
0.426073
0.429598
0.446821
0.362544
0.379666
0.417306
0.468681
0.401485
0.431978
0.418097
0.390293
0.382085
0.429506
0.399639
0.42826
0.372914
0.39426
0.405969
0.390281
0.388159
0.375693
0.392851
0.382943
0.39208
0.39491
0.357448
0.358151
0.389701
0.350428
0.375289
0.364549
0.371178
0.405558
0.4108
0.393922
0.419347
0.369393
0.372518
0.356506
0.344086
0.359065
0.391427
0.388679
0.41198
0.41349
0.403946
0.40499
0.435019
0.395309
0.430254
0.504601
0.545234
0.40848
0.39305
0.400724
0.36298
0.351248
0.385158
0.391832
0.395654
0.372387
0.361788
0.38108
0.350688
0.388777
0.447879
0.443548
0.400841
0.391191
0.400573
0.399095
0.392216
0.373522
0.400263
0.393266
0.387132
0.399369
0.40629
0.443102
0.424811
0.449985
0.430324
0.434944
0.379121
0.368489
0.402993
0.420044
0.397512
0.449709
0.401838
0.394633
0.438227
0.445839
0.4687
0.513872
0.483577
0.543125
0.555268
0.441968
0.414482
0.437092
0.381063
0.434493
0.435522
0.398118
0.379443
0.402219
0.401002
0.395914
0.429621
0.399541
0.415403
0.414129
0.423157
0.439334
0.403707
0.363635
0.346238
0.367743
0.381793
0.39621
0.355946
0.40871
0.49044
0.417895
0.416786
0.474115
0.403196
0.385032
0.425718
0.389172
0.390698
0.412014
0.427164
0.430252
0.463519
0.44175
0.381013
0.387538
0.413592
0.413689
0.415984
0.434483
0.436709
0.462561
0.438572
0.454873
0.523821
0.549623
0.441584
0.40561
0.426221
0.433073
0.405336
0.418462
0.42487
0.373839
0.353658
0.37452
0.374376
0.394388
0.42298
0.379697
0.363073
0.380064
0.460044
0.444905
0.379341
0.40483
0.472193
0.492361
0.506653
0.499242
0.476474
0.44979
0.438712
0.405162
0.374263
0.3744
0.389957
0.358823
0.389272
0.398816
0.358292
0.365727
0.381578
0.361333
0.389601
0.399715
0.4312
0.429481
0.478199
0.441891
0.413678
0.445988
0.407287
0.433195
0.444839
0.447846
0.450321
0.456887
0.404418
0.412033
0.390101
0.35992
0.374917
0.369616
0.386832
0.383228
0.410398
0.386457
0.376308
0.374569
0.39818
0.45594
0.460481
0.438608
0.463699
0.363038
0.374332
0.395508
0.393902
0.39099
0.364206
0.366937
0.366019
0.363426
0.361492
0.346138
0.360433
0.365083
0.404724
0.408049
0.389947
0.393894
0.411526
0.415168
0.460422
0.45305
0.460104
0.441838
0.441016
0.473524
0.48891
0.411455
0.447462
0.509383
0.42074
0.406525
0.420325
0.423342
0.422967
0.392359
0.381244
0.372342
0.402449
0.396115
0.411266
0.390677
0.410355
0.384089
0.344709
0.35876
0.360369
0.341601
0.347756
0.341837
0.351792
0.381195
0.377959
0.377647
0.347181
0.347929
0.343628
0.349174
0.362785
0.393311
0.407128
0.423697
0.376755
0.365644
0.383664
0.437536
0.494358
0.411527
0.431302
0.399153
0.351531
0.381238
0.392643
0.403765
0.37974
0.350802
0.352205
0.359814
0.378274
0.400074
0.403192
0.40013
0.392298
0.390273
0.422232
0.397742
0.439514
0.423361
0.447207
0.454948
0.380502
0.371763
0.36426
0.382901
0.443101
0.446749
0.45124
0.4262
0.484936
0.485381
0.50734
0.427938
0.410994
0.419397
0.429977
0.426358
0.395793
0.375895
0.432764
0.443808
0.420607
0.380594
0.39464
0.401897
0.383269
0.402264
0.41262
0.421397
0.450287
0.443
0.442229
0.434893
0.466882
0.459152
0.424826
0.430465
0.427922
0.426999
0.450969
0.425676
0.390157
0.409112
0.44267
0.569652
0.502958
0.419601
0.440827
0.464788
0.447647
0.444999
0.440241
0.442945
0.425281
0.483004
0.47787
0.416059
0.456925
0.399066
0.438749
0.461271
0.365169
0.36608
0.425561
0.47672
0.449907
0.419045
0.407715
0.425581
0.438132
0.454622
0.507409
0.545763
0.502653
0.480843
0.478602
0.461902
0.421292
0.408377
0.476781
0.463644
0.443754
0.447151
0.439695
0.442517
0.454085
0.476921
0.477119
0.489697
0.445501
0.477831
0.377743
0.388078
0.448696
0.419344
0.429134
0.430587
0.428452
0.379212
0.478222
0.510048
0.529701
0.39424
0.395848
0.415298
0.42169
0.417584
0.406221
0.383171
0.351997
0.380451
0.390533
0.408041
0.361882
0.368138
0.42067
0.443299
0.423616
0.374917
0.384468
0.431219
0.382764
0.396938
0.345891
0.356437
0.368066
0.393257
0.430932
0.463498
0.564257
0.542625
0.505234
0.489654
0.487433
0.493166
0.527879
0.438918
0.422331
0.441114
0.469073
0.465436
0.48796
0.490354
0.469962
0.498299
0.521769
0.456473
0.495119
0.461012
0.452826
0.455092
0.394527
0.38948
0.390342
0.384363
0.420153
0.426179
0.423451
0.456293
0.456428
0.471899
0.426431
0.434345
0.461041
0.465004
0.472181
0.428536
0.399549
0.474846
0.45528
0.560472
0.386074
0.372582
0.352606
0.3491
0.358829
0.37453
0.381418
0.437233
0.427629
0.432763
0.427547
0.501485
0.515027
0.45042
0.508283
0.485493
0.462034
0.449458
0.471551
0.432417
0.483033
0.502897
0.482179
0.500197
0.492835
0.521305
0.460645
0.381575
0.398112
0.416909
0.40005
0.398481
0.422314
0.393297
0.401966
0.372254
0.363755
0.378609
0.361099
0.373206
0.432065
0.406938
0.396544
0.420835
0.441657
0.416782
0.416105
0.390661
0.390024
0.42596
0.428059
0.394192
0.388687
0.370315
0.362075
0.365583
0.358154
0.359344
0.361466
0.366526
0.366729
0.40529
0.398158
0.392132
0.39045
0.388176
0.379825
0.380969
0.418813
0.380686
0.366905
0.367093
0.412075
0.404047
0.412954
0.38962
0.387874
0.368988
0.375243
0.412124
0.422799
0.464525
0.43222
0.380261
0.409962
0.40303
0.389269
0.385497
0.38968
0.393433
0.3988
