0.504054
0.479836
0.472418
0.45511
0.434547
0.403287
0.372349
0.375026
0.388039
0.370335
0.428729
0.408379
0.396849
0.376168
0.386683
0.431242
0.396939
0.434284
0.401606
0.436427
0.401999
0.431338
0.396246
0.39627
0.395104
0.4097
0.406949
0.408216
0.415761
0.414891
0.364558
0.378792
0.373148
0.396193
0.361272
0.374243
0.395023
0.40541
0.402685
0.473638
0.405077
0.411663
0.390313
0.413569
0.45549
0.404777
0.389184
0.358954
0.377561
0.39617
0.436723
0.39894
0.378426
0.368009
0.37508
0.407812
0.41302
0.470544
0.389411
0.363572
0.386297
0.360732
0.388777
0.370849
0.369271
0.373444
0.365986
0.35689
0.38413
0.382168
0.366543
0.36791
0.402178
0.43846
0.377518
0.369547
0.38413
0.391383
0.396908
0.361554
0.364551
0.378327
0.377096
0.411216
0.414502
0.420147
0.390748
0.461767
0.421375
0.407266
0.43396
0.444296
0.368446
0.373076
0.381935
0.36122
0.395954
0.371472
0.382456
0.382913
0.41223
0.427742
0.445236
0.371126
0.410612
0.414105
0.41793
0.397615
0.369456
0.43802
0.372113
0.363412
0.417055
0.404437
0.458291
0.429439
0.406048
0.412728
0.405268
0.387556
0.375327
0.370257
0.396059
0.375669
0.37623
0.414627
0.465884
0.38295
0.380795
0.398213
0.410093
0.420444
0.41031
0.420587
0.519992
0.421667
0.403541
0.407808
0.372172
0.427559
0.416836
0.413513
0.418858
0.421292
0.467485
0.451306
0.394985
0.389597
0.423519
0.471006
0.3858
0.375242
0.384538
0.444539
0.428595
0.435175
0.382732
0.387549
0.450658
0.383604
0.369583
0.357587
0.395398
0.431521
0.452888
0.464174
0.417036
0.391442
0.402054
0.371302
0.344197
0.372774
0.34902
0.39989
0.418522
0.395916
0.385377
0.370508
0.395832
0.422855
0.404598
0.423553
0.473771
0.422504
0.414587
0.389522
0.425959
0.449838
0.432532
0.418506
0.483675
0.448666
0.440613
0.410498
0.429704
0.483492
0.480383
0.443973
0.444453
0.469413
0.425446
0.426424
0.487464
0.40095
0.379605
0.412423
0.385444
0.406771
0.520555
0.462273
0.486232
0.483596
0.416535
0.435238
0.455654
0.469122
0.364446
0.397775
0.465982
0.470614
0.473838
0.496424
0.416726
0.403287
0.369572
0.402784
0.412894
0.375418
0.362787
0.389981
0.393594
0.3817
0.396195
0.412705
0.399651
