0.516369
0.565961
0.578207
0.499121
0.462815
0.533091
0.482411
0.440229
0.49399
0.470929
0.502204
0.479803
0.459359
0.435098
0.487985
0.494299
0.506522
0.492121
0.484134
0.470461
0.46054
0.500675
0.464787
0.46048
0.484461
0.483337
0.487801
0.456315
0.471533
0.48196
0.471645
0.472541
0.458525
0.445813
0.422836
0.492307
0.474248
0.450835
0.453189
0.443254
0.460767
0.430149
0.47668
0.456595
0.432938
0.453268
0.459585
0.402461
0.384858
0.403348
0.410386
0.445711
0.474783
0.46253
0.401028
0.409758
0.409442
0.413358
0.387068
0.396386
0.416381
0.38843
0.410524
0.40731
0.377224
0.394598
0.397257
0.369095
0.369143
0.369238
0.347963
0.351246
0.36179
0.37478
0.38438
0.387524
0.377646
0.354754
0.351738
0.368538
0.362868
0.37383
0.389264
0.385421
0.381326
0.393496
0.378709
0.3951
0.390144
0.404868
0.393162
0.414523
0.411017
0.375664
0.370719
0.350696
0.367517
0.38134
0.383069
0.357943
0.346687
0.352671
0.345446
0.347397
0.365233
0.391031
0.429913
0.470599
0.408093
0.434038
0.420243
0.41263
0.402677
0.421459
0.421102
0.381533
0.408535
0.407778
0.413223
0.42502
0.418928
0.413575
0.429157
0.452875
0.432706
0.418905
0.469186
0.484971
0.477911
0.470499
0.405155
0.382822
0.441603
0.456522
0.414345
0.385301
0.38314
0.417833
0.404645
0.422811
0.40506
0.385767
0.376973
0.395846
0.380805
0.394722
0.383615
0.427997
0.393139
0.40787
0.401489
0.401859
0.421574
0.427994
0.415728
0.410377
0.394606
0.375278
0.363057
0.353247
0.341801
0.337571
0.339405
0.343756
0.372468
0.356658
0.338866
0.344814
0.356294
0.365581
0.35643
0.401295
0.472751
0.464127
0.467886
0.465439
0.476587
0.448202
0.406658
0.431633
0.420632
0.40988
0.420682
0.42704
0.410209
0.402697
0.368582
0.367766
0.377171
0.382362
0.384282
0.401949
0.392784
0.407606
0.440714
0.406608
0.440735
0.43897
0.480142
0.465128
0.442592
0.43293
0.41691
0.410537
0.411647
0.440232
0.428957
0.402609
0.380447
0.367038
0.398127
0.394464
0.407634
0.39263
0.420373
0.43912
0.416775
0.413601
0.391793
0.440552
0.46612
0.444356
0.461521
0.378467
0.40615
0.409819
0.409248
0.444334
0.468134
0.461268
0.439663
0.384506
0.357063
0.395559
0.437869
0.389269
0.397695
0.391985
0.448329
0.407602
0.370704
0.437677
0.408856
0.458896
0.455708
0.468543
0.429126
0.433092
0.428703
0.424877
0.398068
0.405295
0.373098
0.356548
0.394244
0.400786
0.41989
0.394453
0.362047
0.397288
0.444753
0.417976
0.414154
0.425585
0.444559
0.430686
0.400517
0.362968
0.359212
0.350993
0.365304
0.395435
0.406258
0.392382
0.358064
0.359498
0.375297
0.409221
0.411637
0.426138
0.375417
0.404584
0.436208
0.399068
0.3805
0.397063
0.417138
0.437944
0.453433
0.401961
0.444416
0.457683
0.397071
0.359241
0.35037
0.356287
0.383928
0.381922
0.356808
0.351197
0.361012
0.411506
0.468546
0.413563
0.430485
0.412287
0.425812
0.459392
0.442278
0.424187
0.412733
0.429866
0.437867
0.407205
0.367924
0.386955
0.429215
0.424956
0.385258
0.398032
0.457943
0.434072
0.434602
0.426188
0.430193
0.381383
0.360786
0.364322
0.394262
0.427528
0.424225
0.500207
0.438793
0.37704
0.364978
0.382114
0.370055
0.438637
0.44709
0.451923
0.439055
0.454141
0.41068
0.402529
0.415172
0.409084
0.410787
0.383692
0.375189
0.368506
0.354647
0.348958
0.353224
0.36287
0.378679
0.362714
0.35269
0.373095
0.376565
0.397526
0.37881
0.389356
0.402212
0.375588
0.355502
0.343357
0.371408
0.371948
0.396809
0.396439
0.391139
0.369308
0.361622
0.359809
0.364314
0.365402
0.356829
0.37191
0.395378
0.391989
0.407673
0.396758
0.418172
0.40876
0.398036
0.392289
0.399171
0.391476
0.384187
0.371374
0.361149
0.368728
0.372836
0.361842
0.339216
0.348905
0.368721
0.355643
0.352462
0.376379
0.393339
0.377281
0.342803
0.342129
0.349265
0.384306
0.395835
0.383965
0.370436
0.39619
0.409903
0.421404
0.396506
0.405924
0.373911
0.420396
0.400388
0.409239
0.364636
0.371602
0.357103
0.347801
0.364952
0.361243
0.388127
0.433983
0.422968
0.477176
0.495495
0.397333
0.386499
0.400537
0.398775
0.410727
0.375935
0.380786
0.407713
0.378088
0.398698
0.428518
0.469387
0.457575
0.449945
0.440789
0.461336
0.457284
0.457742
0.483471
0.492978
0.537096
0.498895
0.369139
0.365693
0.38172
0.392632
0.419016
0.392868
0.372154
0.387106
0.436586
0.460503
0.47914
0.427681
0.485811
0.478303
0.464789
0.417898
0.394082
0.378944
0.367713
0.386182
0.366065
0.363376
0.382645
0.40105
0.38533
0.38264
0.391408
0.376112
0.368216
0.37505
0.397116
0.429495
0.404237
0.388439
0.360759
0.393752
0.423383
0.445516
0.414991
0.416129
0.405626
0.447612
0.422175
0.430879
0.43715
0.456072
0.457518
0.489564
0.501664
0.451901
0.486105
0.472455
0.432045
0.416124
0.409371
0.415522
0.437367
0.405746
0.394157
0.394463
0.404378
0.391542
0.407631
0.397092
0.416609
0.388183
0.384037
0.402052
0.376927
0.41544
0.441999
0.406488
0.370444
0.405047
0.357233
0.360939
0.360594
0.348162
0.350315
0.361801
0.344928
0.3425
0.346038
0.343567
0.356554
0.365159
0.350423
0.365343
0.34534
0.350054
0.355417
0.3788
0.377076
0.387238
0.392401
0.366836
0.34585
0.352863
0.359014
0.367977
0.387587
0.37956
0.379701
0.362707
0.387899
0.392404
0.399444
0.365593
0.380175
0.369217
0.365751
0.393319
0.404302
0.38252
0.398007
0.443793
0.426653
0.430907
0.464184
0.478778
0.476097
0.487174
0.418986
0.38821
0.38616
0.408566
0.439625
0.427347
0.401959
0.400152
0.42111
0.424789
0.419423
0.424358
0.388628
0.395997
0.358221
0.35034
0.359788
0.360058
0.369581
0.394712
0.401718
0.373819
0.374784
0.375653
0.371443
0.398858
0.394358
0.379306
0.384899
0.400378
0.38548
0.360399
0.346942
0.348947
0.343297
0.347698
0.358468
0.366319
0.365342
0.406854
0.39902
0.398366
0.370473
0.355406
0.351176
0.360697
0.403303
0.372838
0.397262
0.374379
0.380559
0.386289
0.423618
0.476477
0.414958
0.434424
0.419722
0.399014
0.380445
0.373383
0.36815
0.384218
0.407968
0.466467
0.464279
0.44606
0.436458
0.484842
0.541188
0.485174
0.514445
0.451893
0.461195
0.501299
0.52385
0.490405
0.436256
0.392537
0.371328
0.395916
0.392093
0.39867
0.407888
0.407774
0.376454
0.364549
0.371395
0.376324
0.38397
0.376532
0.42132
0.432144
0.400233
0.366818
0.353734
0.344045
0.354128
0.353501
0.347132
0.346117
0.344314
0.351794
0.370477
0.417094
0.407675
0.421729
0.425027
0.407708
0.37571
0.355249
0.358865
0.352706
0.364838
0.386412
0.406504
0.402249
0.412655
0.392639
0.415806
0.392185
0.352171
0.348475
0.350854
0.353893
0.353466
0.342071
0.347628
0.344075
0.357899
0.370385
0.368163
0.353612
0.383231
0.371749
0.371321
0.37408
0.38063
0.40101
0.412303
0.397855
0.382321
0.363135
0.365031
0.394466
0.416036
0.384563
0.378744
0.369643
0.393727
0.399114
0.382443
0.357552
0.350117
0.352084
0.348788
0.374965
0.370813
0.354443
0.355935
0.383202
0.388057
0.370231
0.364929
0.379989
0.365975
0.357039
0.370783
0.361617
0.382003
0.39258
0.391185
0.383111
0.360497
0.388664
0.36647
0.353466
0.343128
0.34355
0.356923
0.391386
0.364777
0.374597
0.374602
0.388591
0.365939
0.354832
0.351443
0.367831
0.395525
0.375816
0.351908
0.356542
0.342486
0.3468
0.345034
0.343892
0.345681
0.352575
0.382435
0.417134
0.399923
0.374323
0.36674
0.38286
0.372746
0.396744
0.381173
0.396991
0.376349
0.368485
0.377656
0.416472
0.406636
0.402137
0.377332
0.368317
0.358031
0.361903
0.389397
0.371957
0.347036
0.339935
0.369388
0.357655
0.398369
0.358363
0.351711
0.370133
0.394671
0.389044
0.3488
0.35684
0.393353
0.364401
0.35969
0.367216
0.372714
0.349792
0.357827
0.360298
0.378442
0.402561
0.42434
0.435278
0.411184
0.417968
0.391565
0.399645
0.415859
0.520873
0.529848
0.451032
0.437379
0.39818
0.421909
0.436016
0.40389
0.388503
0.411164
0.435445
0.374189
0.356605
0.405352
0.41739
0.395546
0.431783
0.378986
0.351576
0.349216
0.357604
0.353953
0.353763
0.352116
0.348214
0.352064
0.344388
0.345586
0.347967
0.353778
0.407435
0.427887
0.39479
0.398999
0.393347
0.385838
0.403145
0.404059
0.37451
0.385069
0.373683
0.400027
0.383466
0.362294
0.365425
0.352193
0.368058
0.384333
0.409757
0.402452
0.410101
0.385056
0.383046
0.370862
0.388796
0.406073
0.37907
0.368156
0.373048
0.392045
0.390004
0.395188
0.415722
0.381086
0.389647
0.410127
0.40616
0.407485
0.390006
0.409771
0.405381
0.401896
0.40295
0.409323
0.39289
0.386892
0.364696
0.35107
0.342536
0.357956
0.364339
0.369671
0.359276
0.3718
0.364323
0.355729
0.374354
0.369932
0.384305
0.388889
0.367322
0.375655
0.355137
0.350339
0.358818
0.366939
0.356091
0.343987
0.343877
0.365991
0.374813
0.377779
0.370126
0.376835
0.391133
0.402869
0.377255
0.389445
0.390806
0.362117
0.367543
0.383833
0.358186
0.352186
0.38799
0.377566
0.394607
0.3681
0.40827
0.38395
0.372529
0.359189
0.374361
0.409056
0.444601
0.460487
0.455001
0.442472
0.406724
0.423677
0.451493
0.467688
0.41229
0.463654
0.417458
0.385573
0.369991
0.401336
0.394995
0.375719
0.432877
0.488758
0.437206
0.398463
0.389212
0.438244
0.405384
0.385421
0.424121
0.408895
0.409588
0.427111
0.367046
0.362376
0.378096
0.355971
0.36146
0.378357
0.39156
0.449062
0.423293
0.431343
0.444673
0.471027
0.450974
0.433565
0.451418
0.481976
0.488462
0.477825
0.488367
0.459363
0.432097
0.429547
0.436755
0.4461
0.429917
0.420527
0.440031
0.422119
0.373637
0.37884
0.428798
0.40441
0.407344
0.425731
0.43899
0.428106
0.411295
0.415847
0.379286
0.408606
0.394387
0.398797
0.370789
0.392432
0.403141
0.41339
0.408245
0.404309
0.415074
0.456314
0.481238
0.441044
0.495472
0.469207
0.459017
0.465912
0.447214
0.41164
0.435675
0.454987
0.480621
0.458567
0.493866
0.410082
0.407438
0.395617
0.372288
0.355346
0.362312
0.37469
0.402588
0.415041
0.371466
0.356842
0.365886
0.383293
0.367026
0.359689
0.375732
0.347168
0.345584
0.342255
0.347521
0.351916
0.370393
0.382517
0.363843
0.39425
0.384345
0.371958
0.373989
0.361211
0.366734
0.374458
0.373435
0.355706
0.379334
0.376777
0.381068
0.394791
0.384536
0.39599
0.38706
0.425228
0.389684
0.359787
0.352376
0.344582
0.347548
0.357021
0.371933
0.357291
0.392773
0.372116
0.356916
0.339355
0.345981
0.367471
0.395727
0.406557
0.421754
0.420217
0.40633
0.409705
0.410166
0.369949
0.381798
0.362338
0.365906
0.374145
0.384452
0.390849
0.361197
0.355628
0.370407
0.366258
0.359527
0.37858
0.379897
0.36705
0.357073
0.361957
0.384933
0.38942
0.377331
0.377445
0.40051
0.389463
0.388078
0.399398
0.41063
0.404445
0.360692
0.34947
0.373715
0.394047
0.391627
0.379204
0.368305
0.378683
0.412503
0.417217
0.441837
0.418131
0.38292
0.368443
0.406776
0.395151
0.405419
0.442947
0.440608
0.43712
0.411112
0.415971
0.390088
0.419116
0.380215
0.413559
0.456506
0.47369
0.447132
0.459666
0.542433
0.557883
0.501091
0.43419
0.488819
0.482617
0.449192
0.38329
0.354462
0.353149
0.367351
0.357838
0.36161
0.356744
0.353514
0.368881
0.376738
0.362773
0.362698
0.373159
0.386286
0.412103
0.404726
0.400117
0.410622
0.409304
0.420339
0.406263
0.414548
0.453472
0.393429
0.412144
0.39588
0.387288
0.421054
0.411237
0.391343
0.391279
0.404982
0.389681
0.403842
0.404034
0.468386
0.459079
0.416377
0.426182
0.415735
0.370649
0.409506
0.427434
0.375942
0.36476
0.378763
0.435306
0.442724
0.401038
0.432251
0.41089
0.42505
0.444333
0.444298
0.430521
0.412034
0.435168
0.438758
0.45259
0.50449
0.491587
0.484051
0.433732
0.398138
0.361888
0.357448
0.364878
0.351078
0.353511
0.348585
0.345567
0.347078
0.376875
0.371125
0.352102
0.372498
0.383996
0.385091
0.371909
0.36721
0.374885
0.386112
0.39288
0.469087
0.454904
0.507094
0.502571
0.47511
0.385394
0.397353
0.431898
0.403961
0.389058
0.381921
0.352022
0.363883
0.382098
0.378201
0.360397
0.35751
0.354276
0.393127
0.371557
0.345482
0.346951
0.365752
0.3706
0.366139
0.369481
0.358924
0.349669
0.381073
0.449331
0.449839
0.433085
0.420933
0.455909
0.389894
0.40909
0.409543
0.381532
0.379647
0.421055
0.437257
0.440546
0.417227
0.418894
0.413891
0.388373
0.362041
0.358552
0.376405
0.4334
0.465447
0.46522
0.470159
0.432053
0.419557
0.443653
0.480781
0.438905
0.508217
0.470208
0.462536
0.479306
0.400609
0.384907
0.376226
0.398303
0.442438
0.448783
0.424059
0.437578
0.458163
0.440531
0.385109
0.350676
0.371237
0.364675
0.392331
0.398093
0.413059
0.437417
0.470604
0.474772
0.421826
0.391167
0.416314
0.418638
0.449746
0.417879
0.426335
0.398494
0.379863
0.394112
0.391222
0.376489
0.386908
0.422164
0.456005
0.378611
0.399169
0.455629
0.43905
0.419056
0.41353
0.427634
0.368468
0.35637
0.383341
0.397742
0.40436
0.401729
0.410291
0.391872
0.395923
0.381597
0.366449
0.411361
0.381457
0.38132
0.367127
0.379761
0.402694
0.401062
0.387507
0.372356
0.405432
0.384223
0.382341
0.402237
0.395442
0.365028
0.348661
0.352912
0.350131
0.363751
0.41125
0.392476
0.356679
0.347312
0.352269
0.385628
0.378636
0.358624
0.35391
0.368906
0.37505
0.373336
0.367447
0.403887
0.409667
0.401941
0.400279
0.426948
0.389036
0.37749
0.433653
0.405819
0.43167
0.367326
0.376431
0.365925
0.370555
0.377044
0.368713
0.359358
0.34167
0.348836
0.339513
0.34441
0.355199
0.377191
0.385535
0.401872
0.384295
0.39501
0.381042
0.386007
0.437624
0.419744
0.428433
0.39393
0.407325
0.414406
0.389025
0.424527
0.388649
0.411931
0.459572
0.419942
0.417727
0.377022
0.378017
0.436384
0.459356
0.447794
0.539002
0.544742
0.569674
0.530818
0.425157
0.394849
0.398495
0.381164
0.403541
0.392739
0.411043
0.388937
0.368706
0.347849
0.354038
0.347013
0.362237
0.38263
0.39515
0.399536
0.385086
0.385039
0.410134
0.388843
0.373962
0.379709
0.364035
0.367205
0.350461
0.370429
0.396223
0.363961
0.353598
0.345183
0.35469
0.393293
0.438815
0.454828
0.450171
0.447287
0.432511
0.437619
0.394153
0.399375
0.387983
0.394742
0.399684
0.400735
0.401837
0.398826
0.386868
0.391517
0.418355
0.398713
0.382719
0.402015
0.369926
0.356544
0.394576
0.40118
0.40209
0.403832
0.383177
0.378028
0.386764
0.394362
0.399088
0.409678
0.40225
0.412493
0.426207
0.433671
0.45843
0.414159
0.430125
0.443381
0.463619
0.43298
0.432611
0.426249
0.442136
0.45222
0.395975
0.39106
0.372795
0.348447
0.361322
0.400132
0.387459
0.410295
0.418758
0.42679
0.41182
0.385873
0.408197
0.44545
0.471598
0.404209
0.398588
0.411383
0.375695
0.39081
0.426703
0.453277
0.433033
0.423671
0.46649
0.427211
0.469418
0.488011
0.514941
0.520324
0.499762
0.487902
0.473174
0.547481
0.544946
0.539387
0.591208
0.52474
0.456322
0.45147
0.411533
0.436842
0.388227
0.443628
0.42914
0.429647
0.380045
0.364123
0.404798
0.44396
0.449967
0.438109
0.43359
0.393647
0.403611
0.401997
0.386051
0.366659
0.39459
0.403253
0.407463
0.402275
0.400651
0.39243
0.402925
0.394346
0.422098
0.434122
0.406626
0.407655
0.39986
0.404894
0.432048
0.391049
0.389582
0.4043
0.467288
0.433713
0.414445
0.425767
0.443648
0.427277
0.452314
0.407361
0.383746
0.365058
0.369255
0.354131
0.344666
0.343707
0.351257
0.371308
0.381296
0.391669
0.377913
0.384007
0.402
0.387683
0.352077
0.355109
0.36422
0.411722
0.4513
0.477807
0.499905
0.462564
0.405918
0.411108
0.437431
0.40233
0.434888
0.471254
0.485356
0.435669
0.384266
0.374014
0.370424
0.408068
0.393744
0.447907
0.424473
0.379414
0.391766
0.37654
0.400403
0.409167
0.418247
0.403206
0.411556
0.41622
0.471535
0.427552
0.412199
0.45265
0.463381
0.470518
0.464872
0.419222
0.386062
0.384458
0.374519
0.372716
0.397496
0.425206
0.403197
0.421661
0.423971
0.417975
0.375356
0.422366
0.423365
0.435
0.446637
0.419528
0.447609
0.436741
0.470061
0.473207
0.427711
0.440752
0.444682
0.437091
0.466385
0.473926
0.525902
0.543769
0.55287
0.562858
0.529642
0.447447
0.385743
0.395363
0.410126
0.436477
0.4322
0.405365
0.434568
0.43637
0.420004
0.406726
0.398432
0.385678
0.433825
0.434275
0.430489
0.423887
0.387653
0.365629
0.359877
0.354425
0.351292
0.361611
0.388893
0.37505
0.363407
0.383279
0.369062
0.415954
0.414382
0.43151
0.412642
0.416997
0.356712
0.351496
0.364653
0.366926
0.368232
0.378223
0.412005
0.479799
0.462055
0.450752
0.470554
0.380584
0.372125
0.371124
0.365004
0.450081
0.384674
0.406893
0.430407
0.509969
0.470253
0.469579
0.531069
0.506008
0.497781
0.502194
0.500534
0.507476
0.507909
0.454958
0.46835
0.424413
0.465365
0.439557
0.446156
0.421614
0.43444
0.380803
0.358715
0.369244
0.395659
0.367264
0.376144
0.406802
0.383382
0.369853
0.363754
0.356686
0.363441
0.398249
0.402551
0.408736
0.389394
0.370947
0.354202
0.351908
0.353213
0.381431
0.386027
0.379644
0.372596
0.357754
0.366414
0.368057
0.403972
0.385689
0.394819
0.401491
0.420421
0.43389
0.428081
0.415294
0.449834
0.465545
0.46389
0.490856
0.468403
0.430189
0.406342
0.434129
0.392654
0.438784
0.468134
0.396201
0.419777
0.409126
0.439606
0.430738
0.416704
0.445402
0.462643
0.449053
0.42758
0.479029
0.464524
0.430538
0.443005
0.497227
0.417454
0.421581
0.401425
0.36793
0.41664
0.431061
0.408538
0.382318
0.378272
0.358381
0.355269
0.377313
0.381611
0.361465
0.376576
0.373677
0.358502
0.389895
0.392747
0.390714
0.37783
0.379796
0.393493
0.427002
0.418611
0.383253
0.394658
0.369171
0.366129
0.361506
0.39264
0.375763
0.373641
0.383516
0.385087
0.393503
0.441077
0.476943
0.449989
0.432437
0.494114
0.480616
0.460026
0.396363
0.466343
0.482085
0.386245
0.363511
0.347441
0.361131
0.388614
0.38178
0.412237
0.38665
0.390145
0.394244
0.405653
0.394426
0.378906
0.378733
0.358254
0.348493
0.351758
0.38932
0.38451
0.359046
0.353397
0.377362
0.354788
0.354959
0.368771
0.353552
0.342851
0.349029
0.347325
0.359258
0.380256
0.366393
0.354532
0.384293
0.406338
0.414455
0.416118
0.409253
0.383636
0.400836
0.38061
0.394688
0.394975
0.393523
0.399782
0.433107
0.405894
0.420786
0.427454
0.453351
0.476977
0.44856
0.468892
0.436007
0.492188
0.444228
0.426445
0.434685
0.459904
0.426978
0.438878
0.474773
0.488541
0.471353
0.464603
0.517096
0.433441
0.404252
0.417015
0.453053
0.436642
0.475201
0.510028
0.52157
0.411988
0.42894
0.419254
0.402995
0.404891
0.427963
0.416519
0.409798
0.433042
0.422984
0.415577
0.422343
0.418768
0.389813
0.400331
0.386727
0.366177
0.394896
0.372083
0.362532
0.383217
0.419185
0.393863
0.394495
0.391736
0.420246
0.422692
0.392916
0.386662
0.394647
0.405414
0.39922
0.417594
0.413973
0.369241
0.356903
0.341264
0.344476
0.341733
0.358226
0.375697
0.37405
0.348468
0.337791
0.34661
0.341127
0.348807
0.347398
0.349064
0.334293
0.345076
0.343872
0.352717
0.382972
0.381603
0.376657
0.373979
0.381201
0.371566
0.37716
0.384494
0.353688
0.342526
0.341896
0.348979
0.350133
0.341583
0.343417
0.348176
0.342436
0.353637
0.367437
0.355807
0.364828
0.387364
0.414951
0.37892
0.400987
0.44176
0.42899
0.422266
0.376716
0.384485
0.371193
0.35961
0.364649
0.399119
0.375433
0.377765
0.412219
0.456961
0.472403
0.490152
0.505617
0.40491
0.407468
0.421307
0.419685
0.455239
0.445962
0.37804
0.356513
0.34448
0.357474
0.365568
0.384005
0.395359
0.383027
0.398723
0.41944
0.394895
0.390487
0.374063
0.385313
0.367518
0.343895
0.348043
0.341319
0.354555
0.381742
0.354991
0.349507
0.355075
0.386914
0.406716
0.405671
0.397096
0.393816
0.411031
0.408787
0.406449
0.389335
0.399315
0.392902
0.380622
0.410236
0.373309
0.405684
0.441707
0.416424
0.376536
0.411898
0.442825
0.447652
0.411173
0.406138
0.446223
0.443974
0.459267
0.433075
0.48217
0.442044
0.392941
0.378808
0.38177
0.384988
0.353889
0.354682
0.365601
0.367685
0.36723
0.403351
0.421831
0.43848
0.44927
0.434158
0.451074
0.459159
0.462499
0.443307
0.426825
0.412163
0.477609
0.490498
0.470637
0.470891
0.491808
0.524644
0.567963
0.429709
0.421568
0.431083
0.424915
0.392042
0.428174
0.412845
0.414112
0.435224
0.434771
0.426415
0.446898
0.415748
0.410507
0.411326
0.371019
0.370994
0.374755
0.393531
0.408388
0.474387
0.47076
0.415772
0.43652
0.428993
0.409077
0.36448
0.39204
0.388349
0.380985
0.41262
0.417408
0.399056
0.371775
0.381925
0.392784
0.386779
0.415135
0.414771
0.409346
0.411216
0.406592
0.437563
0.423349
0.467684
0.444272
0.451408
0.429753
0.445044
0.474799
0.412627
0.41751
0.422074
0.501964
0.483952
0.429436
0.422939
0.484719
0.449394
0.432403
0.420635
0.438634
0.436903
0.419225
0.435974
0.415205
0.386325
0.450406
0.465078
0.461465
0.432139
0.442161
0.427841
0.389511
0.378434
0.401545
0.378543
0.429412
0.421018
0.44729
0.452958
0.575137
0.577836
0.548709
0.478678
0.519711
0.444135
0.410619
0.411919
0.456276
0.427485
0.469349
0.474638
0.444824
0.420461
0.458454
0.478339
0.437291
0.440596
0.442302
0.439869
0.434269
0.442288
0.446609
0.438901
0.430175
0.414026
0.466878
0.485122
0.493455
0.501593
0.471574
0.417877
0.422217
0.408564
0.414747
0.435558
0.475423
0.451335
0.394195
0.40192
0.423491
0.432916
0.433136
0.477847
0.481041
0.397104
0.369041
0.359326
0.368845
0.362316
0.366093
0.397337
0.458141
0.495187
0.485475
0.435774
0.482248
0.425662
0.409071
0.432223
0.431128
0.445832
0.365144
0.411238
0.426009
0.427582
0.414197
0.475409
0.418041
0.44234
0.488782
0.537636
0.486785
0.512331
0.577475
0.523333
0.511546
0.506791
0.47214
0.474784
0.496646
0.455717
0.480619
0.506796
0.461469
0.45136
0.42628
0.414516
0.409288
0.407741
0.412439
0.444229
0.476491
0.513322
0.475706
0.442236
0.460772
0.407292
0.456845
0.486032
0.418486
0.428566
0.454956
0.4356
0.439255
0.450049
0.450579
0.448106
0.478218
0.48601
0.469961
0.446273
0.494979
0.474891
0.492902
0.500073
0.437572
0.448733
0.453864
0.477746
0.499434
0.413005
0.37122
0.357543
0.37417
0.404611
0.426278
0.462174
0.432288
0.432333
0.395629
0.415901
0.418621
0.463528
0.446295
0.413001
0.44525
0.444269
0.395864
0.385848
0.371801
0.412733
0.475055
0.503859
0.501834
0.521513
0.505948
0.504083
0.520725
0.565118
0.543679
0.418452
0.366124
0.40001
0.403109
0.381687
0.400729
0.419712
0.411945
0.416884
0.429202
0.417801
0.436606
0.435875
0.399095
0.409815
0.440094
0.413102
0.390164
0.400498
0.373489
0.360662
0.346242
0.355883
0.395355
0.379125
0.354606
0.380323
0.409926
0.412609
0.430537
0.368338
0.366934
0.356161
0.377746
0.364161
0.361366
0.407035
0.443039
0.432858
0.445997
0.448327
0.436825
0.419351
0.382493
0.366486
0.380251
0.384754
0.387481
0.416018
0.433917
0.428502
0.370449
0.388491
0.401343
0.405212
0.371575
0.34659
0.343418
0.351859
0.354397
0.363977
0.385189
0.351648
0.367904
0.382797
0.418365
0.41773
0.449127
0.412781
0.455574
0.499693
0.55951
0.583099
0.537126
0.556696
0.535383
0.515824
0.482191
0.524617
0.450371
0.510264
0.511301
0.460198
0.504901
0.499314
0.477836
0.505951
0.52709
0.543671
0.476992
0.402409
0.409074
0.417889
0.402789
0.440291
0.47547
0.446421
0.428555
0.482502
0.464515
0.475768
0.491301
0.422404
0.499863
0.48614
0.494154
0.473423
0.492189
0.45284
0.456429
0.522819
0.489788
0.498911
0.523309
0.515089
0.510645
0.449464
0.447264
0.488032
0.505668
0.4738
0.440468
0.482134
0.461432
0.44827
0.459603
0.464852
0.435688
0.421526
0.380231
0.372539
0.391151
0.394399
0.391658
0.387868
0.394507
0.377819
0.384926
0.404394
0.430199
0.427739
0.43444
0.41888
0.410781
0.424715
0.443387
0.460844
0.439353
0.486797
0.470714
0.447752
0.461615
0.476894
0.47075
0.456611
0.395955
0.44437
0.42215
0.430801
0.467531
0.445679
0.466839
0.450479
0.482881
0.461209
0.488288
0.468808
0.420458
0.425618
0.399462
0.38006
0.451071
0.490784
0.460235
0.451614
0.435175
0.516348
0.570059
0.56205
0.384647
0.391472
0.377199
0.354768
0.38702
0.361073
0.348224
0.353266
0.347116
0.349755
0.352214
0.350881
0.383907
0.382811
0.360962
0.382903
0.383982
0.381458
0.439316
0.440147
0.429616
0.432153
0.427
0.443674
0.421283
0.43138
0.421974
0.433645
0.491967
0.509873
0.52526
0.523243
0.492562
0.414242
0.475578
0.478395
0.536209
0.492738
0.481953
0.482227
0.495074
0.483659
0.44166
0.460264
0.441816
0.452602
0.472244
0.479641
0.453428
0.446067
0.423322
0.452903
0.459935
0.517351
0.514438
0.51526
0.44608
0.477871
0.502602
0.504782
0.4985
0.497085
0.522468
0.481915
0.488332
0.502309
0.54388
0.48375
0.434272
0.402789
0.3753
0.39035
0.403963
0.390968
0.427788
0.424066
0.391237
0.395144
0.411859
0.382815
0.394695
0.411868
0.417263
0.422429
0.429841
0.384842
0.384637
0.377169
0.418237
0.408657
0.371153
0.360344
0.36456
0.363743
0.372953
0.396213
0.358445
0.360017
0.358939
0.368624
0.359603
0.388607
0.392172
0.442424
0.461929
0.413856
0.387606
0.38705
0.410696
0.390016
0.410036
0.445549
0.474442
0.430172
0.398212
0.401844
0.441935
0.426137
0.415779
0.392033
0.391273
0.388878
0.397578
0.393668
0.395161
0.378114
0.406085
0.448759
0.409948
0.446332
0.424037
0.39362
0.403085
0.388757
0.386529
0.394573
0.370735
0.369192
0.371534
0.360234
0.361675
0.359805
0.36624
0.369035
0.358087
0.360018
0.355343
0.358489
0.362755
0.359735
0.364326
0.358207
0.364014
0.373291
0.373798
0.36008
0.378343
0.41726
0.398229
0.402007
0.408816
0.373245
0.374517
0.417464
0.382633
0.391619
0.399117
0.389591
0.390541
0.37155
0.361457
0.402854
0.367638
0.383816
0.423886
0.433947
0.392354
0.364927
0.381839
0.398057
0.366529
0.359638
0.356435
0.364472
0.41001
0.424036
0.392679
0.394932
0.409763
0.410865
0.416592
0.410398
0.394662
0.385935
0.390564
0.395341
0.382956
0.369705
0.369675
0.368375
0.382423
0.368106
0.385198
0.404002
0.433211
0.419873
0.407396
0.499753
0.516513
0.393688
0.483532
0.384797
0.358635
0.371773
0.40519
0.400735
0.422742
0.411092
0.411806
0.385658
0.388538
0.388481
0.376075
0.389915
0.391604
0.386658
0.394005
0.398753
0.394709
0.39305
0.405113
0.390539
