0.50398
0.479312
0.474468
0.455244
0.435633
0.403095
0.372623
0.374908
0.387166
0.372683
0.42201
0.428708
0.39812
0.406655
0.349748
0.427501
0.405192
0.410743
0.428168
0.403346
0.435383
0.401617
0.431747
0.397845
0.393752
0.394165
0.406427
0.40933
0.416457
0.402825
0.426818
0.363313
0.37689
0.37417
0.398778
0.360597
0.372599
0.397906
0.403449
0.400546
0.474268
0.405078
0.411692
0.390279
0.413499
0.455489
0.404765
0.389167
0.358947
0.377526
0.396391
0.436773
0.398954
0.378499
0.367788
0.375652
0.407818
0.412876
0.471148
0.389299
0.363901
0.386285
0.359924
0.388656
0.371279
0.36929
0.374193
0.365887
0.356811
0.382615
0.382942
0.366361
0.368146
0.402166
0.438269
0.377708
0.369117
0.384085
0.389692
0.401961
0.361351
0.366721
0.37465
0.375946
0.411502
0.414419
0.419654
0.392269
0.461931
0.421312
0.407348
0.43412
0.443979
0.368212
0.373034
0.382051
0.361083
0.395921
0.371533
0.382498
0.382971
0.412445
0.427737
0.445579
0.371654
0.410048
0.414126
0.415349
0.412676
0.365642
0.43154
0.377733
0.36397
0.415956
0.40438
0.458182
0.427409
0.405076
0.417424
0.405055
0.387572
0.375292
0.370217
0.396048
0.375628
0.376285
0.414548
0.466612
0.387169
0.382158
0.379624
0.402431
0.396163
0.432317
0.398862
0.41843
0.4311
0.524295
0.421933
0.40316
0.414959
0.364796
0.412572
0.428059
0.397613
0.432867
0.40616
0.425181
0.470062
0.456156
0.420444
0.369084
0.389954
0.430913
0.4716
0.386061
0.375241
0.383532
0.444463
0.428484
0.435266
0.383159
0.387466
0.450919
0.383388
0.369714
0.3578
0.395114
0.431432
0.452659
0.464413
0.417341
0.391604
0.401787
0.371651
0.34459
0.372439
0.34909
0.399626
0.418469
0.396825
0.386986
0.367738
0.396657
0.421572
0.40556
0.422868
0.47376
0.422226
0.407482
0.409849
0.400185
0.439108
0.446426
0.434056
0.417135
0.484214
0.444522
0.44056
0.410885
0.429296
0.483499
0.479556
0.444736
0.443816
0.469302
0.42657
0.429563
0.484458
0.400963
0.379583
0.412434
0.385396
0.406834
0.520947
0.462074
0.486674
0.483566
0.416408
0.435375
0.455605
0.469185
0.364687
0.396837
0.465471
0.475231
0.466217
0.498174
0.417048
0.403341
0.371008
0.404434
0.413598
0.381316
0.361114
0.381616
0.387555
0.391382
0.389821
0.387866
0.420551
0.406949
0.391663
