0.543382
0.502601
0.494591
0.474527
0.48328
0.462517
0.498183
0.474837
0.479337
0.474331
0.476122
0.473559
0.470466
0.441705
0.472457
0.449025
0.45479
0.453332
0.436657
0.394141
0.443459
0.434092
0.412035
0.394105
0.404885
0.390023
0.391253
0.3652
0.352691
0.380389
0.372833
0.360799
0.375573
0.388462
0.385959
0.396364
0.408693
0.369967
0.368536
0.367409
0.348024
0.360981
0.439144
0.425592
0.405942
0.414635
0.40812
0.415693
0.44174
0.437472
0.486176
0.40702
0.438791
0.391096
0.412826
0.403447
0.385724
0.386863
0.408893
0.405373
0.420936
0.407015
0.369969
0.344276
0.34287
0.357521
0.347881
0.372116
0.460069
0.46949
0.435524
0.419025
0.423683
0.395988
0.371597
0.387513
0.404278
0.425069
0.460896
0.445948
0.416606
0.427655
0.396309
0.386633
0.398695
0.424896
0.407886
0.446748
0.42843
0.407121
0.452067
0.436017
0.373577
0.412656
0.417615
0.390703
0.440413
0.453478
0.435908
0.405472
0.370076
0.408746
0.377201
0.426385
0.423899
0.425049
0.360667
0.372814
0.392978
0.364196
0.411144
0.397029
0.410755
0.402167
0.443396
0.434362
0.37256
0.366369
0.364893
0.381252
0.442142
0.431795
0.41986
0.430884
0.380993
0.418936
0.419577
0.430102
0.413398
0.365071
0.423197
0.45328
0.37196
0.413896
0.443337
0.430094
0.407656
0.393005
0.365889
0.353045
0.368845
0.364211
0.386717
0.392472
0.354796
0.375819
0.3944
0.364498
0.364551
0.369925
0.397811
0.407416
0.396355
0.397749
0.3684
0.370538
0.346054
0.360165
0.377478
0.35782
0.360552
0.384113
0.398738
0.408491
0.398885
0.397064
0.365074
0.355457
0.398976
0.456465
0.416885
0.402769
0.383996
0.392692
0.438277
0.450037
0.457647
0.477622
0.509909
0.368614
0.402753
0.382287
0.439545
0.452522
0.480076
0.398822
0.375926
0.368896
0.391285
0.384073
0.37338
0.416474
0.373811
0.426141
0.41558
0.424428
0.433747
0.468922
0.475695
0.468319
0.412539
0.421818
0.396749
0.400966
0.403079
0.392721
0.405418
0.398546
0.377612
0.356179
0.355658
0.342572
0.3523
0.356696
0.364551
0.381018
0.367679
0.357821
0.379923
0.373229
0.394782
0.374111
0.374413
0.395681
0.426231
0.44512
0.483333
0.409352
0.411687
0.417023
0.415329
0.418765
0.383132
0.354454
0.375713
0.385016
0.374275
0.393807
0.385232
0.376872
0.34615
0.352761
0.373886
0.402319
0.359166
0.376241
0.383376
0.380625
0.440881
0.427596
0.386686
0.374983
0.437205
0.451461
0.507525
0.482838
0.493927
0.46819
0.383663
0.398579
0.40044
0.368287
0.377736
0.422111
0.371297
0.350157
0.347878
0.350899
0.402947
0.41967
0.375023
0.357308
0.398515
0.40339
0.372752
0.351593
0.347518
0.347297
0.368838
0.371425
0.371096
0.394765
0.395832
0.368699
0.400593
0.374023
0.396047
0.356156
0.356456
0.363825
0.374778
0.37091
0.368168
0.366477
0.385579
0.377079
0.37614
0.344926
0.371447
0.373545
0.374163
0.354364
0.384105
0.352188
0.344881
0.345234
0.38671
0.38672
0.375372
0.386019
0.380475
0.395265
0.399134
0.365084
0.37755
0.347363
0.366947
0.367423
0.383386
0.360302
0.375595
0.366748
0.355427
0.376248
0.429169
0.407708
0.405194
0.511547
0.423159
0.423787
0.401007
0.393564
0.400813
0.410079
0.352257
0.355335
0.350846
0.347556
0.350497
0.41133
0.398591
0.398794
0.381333
0.3895
0.361316
0.392143
0.405858
0.377035
0.39517
0.372601
0.387125
0.400648
0.396471
0.405559
0.402877
0.407224
0.390516
0.355831
0.35614
0.366149
0.362608
0.371601
0.382369
0.364827
0.357577
0.35249
0.359434
0.374522
0.389243
0.385673
0.373264
0.372708
0.373316
0.379088
0.39156
0.364692
0.424733
0.455255
0.418978
0.448972
0.434869
0.381199
0.389895
0.450832
0.406461
0.416637
0.409224
0.41376
0.366854
0.361343
0.403043
0.427277
0.464234
0.439596
0.485833
0.473815
0.429375
0.440669
0.429738
0.384877
0.412129
0.42911
0.419582
0.397688
0.394362
0.390909
0.407289
0.422479
0.463673
0.48144
0.451915
0.43276
0.466545
0.439026
0.384609
0.362979
0.403393
0.361037
0.3718
0.350697
0.345519
0.37124
0.382424
0.373952
0.365255
0.367521
0.375572
0.387405
0.38991
0.400684
0.350081
0.355925
0.371292
0.363344
0.350481
0.403038
0.412814
0.408841
0.37381
0.368058
0.384079
0.360035
0.363956
0.376517
0.36318
0.384788
0.390885
0.390313
0.402173
0.357254
0.392167
0.372839
0.417113
0.414234
0.38875
0.408354
0.438557
0.408058
0.398236
0.440098
0.461267
0.544849
0.46668
0.439989
0.361215
0.363538
0.354741
0.371443
0.369431
0.403132
0.409481
0.40918
0.425116
0.401843
0.406131
0.39583
0.399003
0.436794
0.424477
0.397779
0.409281
0.381952
0.420079
0.431283
0.436433
0.427731
0.48105
0.465132
0.374202
0.359389
0.35
0.35854
0.36143
0.384216
0.369673
0.387499
0.465361
0.498228
0.3948
0.407716
0.367859
0.376904
0.357241
0.377382
0.349104
0.368664
0.361819
0.399957
0.436551
0.424626
0.406672
0.392575
0.436285
0.415394
0.372313
0.394045
0.467854
0.433422
0.454674
0.481547
0.459315
0.384171
0.425956
0.428469
0.448613
0.362531
0.37984
0.416569
0.468441
0.401604
0.431905
0.417986
0.390459
0.381851
0.429602
0.399618
0.428325
0.375292
0.391024
0.406565
0.392751
0.386593
0.381936
0.382003
0.391221
0.391234
0.389479
0.369498
0.352374
0.393742
0.35483
0.374649
0.356604
0.373213
0.387247
0.404538
0.403158
0.4096
0.398705
0.370613
0.37149
0.350022
0.342807
0.371787
0.391591
0.384239
0.423408
0.406865
0.405815
0.408539
0.433635
0.392034
0.435095
0.508354
0.544082
0.408484
0.393103
0.400755
0.363035
0.351211
0.385399
0.391684
0.395603
0.372436
0.361752
0.381005
0.350767
0.389053
0.447628
0.443705
0.399945
0.391636
0.400262
0.398986
0.393699
0.374268
0.397247
0.394935
0.387072
0.39892
0.406452
0.43929
0.428891
0.448132
0.431676
0.435994
0.380387
0.364282
0.402323
0.42088
0.397696
0.450968
0.402007
0.392487
0.43985
0.443089
0.468276
0.514506
0.483421
0.543354
0.555244
0.441974
0.414304
0.437487
0.380889
0.434727
0.434762
0.398191
0.379236
0.403685
0.399725
0.396714
0.428318
0.400304
0.414281
0.414761
0.422432
0.439069
0.404819
0.363499
0.34646
0.367539
0.381875
0.396234
0.355712
0.407033
0.490296
0.419314
0.416179
0.474119
0.403413
0.384626
0.425825
0.389652
0.389896
0.412888
0.425199
0.430921
0.462315
0.44364
0.381983
0.385429
0.413711
0.416069
0.415117
0.4336
0.436453
0.462634
0.437933
0.455135
0.523801
0.549597
0.441589
0.405881
0.425189
0.433586
0.405186
0.418528
0.424814
0.373858
0.353565
0.374655
0.37412
0.394336
0.422953
0.379553
0.363116
0.380176
0.460014
0.444477
0.378904
0.405536
0.470972
0.493162
0.50667
0.498327
0.477237
0.449597
0.440628
0.405893
0.373503
0.374911
0.390478
0.359057
0.386887
0.400362
0.359314
0.364715
0.382152
0.361328
0.38895
0.397909
0.432928
0.428273
0.475336
0.444524
0.413816
0.446152
0.406896
0.433405
0.444455
0.448025
0.449822
0.457351
0.403917
0.411868
0.390381
0.359932
0.374845
0.369604
0.386855
0.382871
0.411112
0.386697
0.373801
0.374614
0.390179
0.458611
0.453712
0.461552
0.450791
0.38456
0.359534
0.399094
0.39003
0.398817
0.374555
0.351462
0.382919
0.363058
0.357329
0.352832
0.349257
0.371483
0.369954
0.414874
0.397533
0.392208
0.396241
0.412513
0.422469
0.461104
0.455497
0.457158
0.445254
0.443658
0.477169
0.481666
0.411639
0.449379
0.509687
0.419175
0.407931
0.421286
0.422014
0.422943
0.398408
0.380824
0.373945
0.397645
0.394985
0.413389
0.392144
0.401765
0.407406
0.350408
0.34525
0.37282
0.343953
0.344618
0.346315
0.341865
0.370828
0.376306
0.376272
0.37204
0.34402
0.347009
0.344082
0.355222
0.361142
0.397814
0.414944
0.416562
0.374633
0.370537
0.380824
0.44146
0.494512
0.410296
0.432942
0.407277
0.351043
0.375295
0.386767
0.407248
0.381597
0.363647
0.345804
0.36638
0.352921
0.405144
0.395855
0.409202
0.39648
0.394468
0.390791
0.422157
0.413869
0.42411
0.435692
0.451381
0.437128
0.384832
0.359903
0.36412
0.394884
0.440924
0.450334
0.454502
0.428198
0.482609
0.488212
0.506496
0.42692
0.411611
0.419933
0.430503
0.426372
0.396471
0.374547
0.432221
0.444043
0.422064
0.380822
0.392652
0.403946
0.383416
0.40129
0.41258
0.420218
0.451111
0.44246
0.442292
0.434764
0.466977
0.459226
0.424857
0.430434
0.427827
0.426913
0.451042
0.425728
0.390285
0.409124
0.442926
0.569825
0.502454
0.419195
0.441955
0.463817
0.448933
0.443878
0.440116
0.443014
0.425795
0.484868
0.474902
0.415887
0.457333
0.398993
0.438511
0.461619
0.365335
0.3661
0.424118
0.477285
0.449946
0.41854
0.408478
0.425619
0.43818
0.454302
0.507623
0.545816
0.502672
0.481461
0.477663
0.463139
0.420753
0.408471
0.476511
0.464091
0.443742
0.446123
0.440259
0.442439
0.453021
0.479071
0.475576
0.49065
0.444811
0.478449
0.378227
0.387602
0.44862
0.419497
0.428409
0.430371
0.429817
0.378678
0.477135
0.510245
0.52968
0.390972
0.39778
0.407056
0.418161
0.427375
0.415138
0.406271
0.383231
0.352058
0.380453
0.39023
0.408448
0.361905
0.368125
0.420185
0.443719
0.423693
0.374967
0.383675
0.431511
0.383626
0.39658
0.345986
0.356101
0.367975
0.392855
0.431457
0.463203
0.564682
0.542275
0.505336
0.489684
0.487296
0.493261
0.527859
0.438114
0.422326
0.441209
0.469234
0.465341
0.488033
0.49041
0.469882
0.498257
0.521761
0.456482
0.495166
0.461012
0.453317
0.454607
0.394336
0.389647
0.390211
0.384293
0.420436
0.42589
0.424161
0.456493
0.455715
0.47194
0.427105
0.434269
0.459824
0.465616
0.47207
0.429099
0.398458
0.475276
0.455108
0.56041
0.386003
0.372236
0.354559
0.350105
0.35649
0.375814
0.380068
0.436945
0.425701
0.433517
0.427516
0.501139
0.514757
0.447121
0.508621
0.484379
0.46616
0.448007
0.472678
0.433581
0.479479
0.50572
0.480195
0.500519
0.49265
0.521357
0.460343
0.381912
0.398608
0.416225
0.399738
0.399016
0.422622
0.392936
0.401501
0.371708
0.364163
0.378399
0.361409
0.373697
0.434379
0.403396
0.397051
0.423295
0.43998
0.418911
0.414131
0.391018
0.388777
0.423582
0.428731
0.398705
0.390114
0.372478
0.364421
0.363232
0.362459
0.357236
0.362121
0.360384
0.372535
0.384605
0.40348
0.384713
0.393622
0.394912
0.381817
0.37863
0.401203
0.399443
0.385254
0.361839
0.384376
0.400755
0.410286
0.410541
0.388069
0.384817
0.369481
0.3765
0.412851
0.424058
0.465232
0.433871
0.37483
0.413483
0.40396
0.388852
0.385154
0.390243
0.392937
0.398791
