0.520423
0.580518
0.554605
0.465557
0.50286
0.489348
0.479584
0.464345
0.471228
0.500612
0.492192
0.449627
0.466866
0.493496
0.500052
0.492241
0.487218
0.473468
0.459711
0.501325
0.460611
0.472095
0.477248
0.485499
0.471755
0.462074
0.478247
0.471034
0.479531
0.467609
0.444499
0.436393
0.468943
0.477047
0.456126
0.457424
0.445009
0.455985
0.430865
0.4769
0.454057
0.439186
0.45046
0.44129
0.394358
0.394678
0.402259
0.42359
0.470904
0.479522
0.414352
0.405898
0.40625
0.417589
0.393872
0.390383
0.415759
0.394138
0.404869
0.408451
0.378236
0.394704
0.394469
0.369047
0.371506
0.366486
0.347093
0.35176
0.364318
0.377705
0.386148
0.388449
0.364777
0.356673
0.354102
0.370685
0.366703
0.378703
0.399281
0.378215
0.391398
0.377326
0.395593
0.387685
0.405899
0.391736
0.415368
0.408025
0.373265
0.36934
0.352465
0.368631
0.38578
0.379692
0.348743
0.34833
0.350168
0.344663
0.361452
0.38829
0.432469
0.472805
0.398524
0.44011
0.407608
0.413085
0.412293
0.429069
0.401741
0.385375
0.414585
0.413367
0.433601
0.449477
0.423785
0.443415
0.466181
0.475694
0.500069
0.42679
0.383608
0.425366
0.444451
0.426755
0.386944
0.381889
0.418158
0.404507
0.423898
0.402249
0.384581
0.376047
0.396786
0.381676
0.39736
0.393557
0.409621
0.405835
0.393238
0.41365
0.410341
0.429092
0.422977
0.41085
0.399497
0.385677
0.365631
0.358973
0.343063
0.339223
0.336882
0.343676
0.364562
0.361895
0.342537
0.344308
0.351474
0.365549
0.356847
0.398136
0.467613
0.465891
0.46692
0.465031
0.473688
0.445412
0.418221
0.407389
0.417549
0.414257
0.425366
0.422007
0.412451
0.378777
0.363663
0.380239
0.381069
0.37598
0.399229
0.391226
0.403708
0.438172
0.413914
0.435941
0.43851
0.483833
0.456253
0.441506
0.429488
0.41912
0.409999
0.419593
0.430766
0.429245
0.394401
0.369157
0.382812
0.396944
0.402936
0.400224
0.408327
0.431192
0.418523
0.425761
0.389656
0.43914
0.464971
0.449287
0.44977
0.379162
0.405812
0.413584
0.416131
0.445927
0.481229
0.447708
0.423221
0.372311
0.36876
0.408951
0.430926
0.386789
0.38861
0.412016
0.447157
0.379452
0.386836
0.447783
0.438655
0.435808
0.486637
0.425113
0.442821
0.428934
0.433432
0.395512
0.404058
0.380655
0.356337
0.391187
0.401428
0.418844
0.393648
0.361332
0.400055
0.45066
0.408526
0.419867
0.424706
0.448028
0.419344
0.395015
0.362279
0.356149
0.354239
0.373993
0.40415
0.399016
0.379093
0.355144
0.366668
0.381982
0.422427
0.412164
0.402875
0.381551
0.431701
0.417713
0.380229
0.397197
0.408054
0.433467
0.447345
0.417062
0.436686
0.454547
0.402589
0.359546
0.35049
0.359094
0.384535
0.377351
0.355975
0.353428
0.367193
0.423295
0.461818
0.421527
0.424447
0.451835
0.424718
0.414819
0.430848
0.433936
0.406149
0.362653
0.395221
0.434711
0.411182
0.386615
0.441097
0.433833
0.428938
0.429587
0.379226
0.361597
0.364061
0.402396
0.436887
0.4315
0.491212
0.422331
0.362119
0.378188
0.37198
0.382575
0.467211
0.461435
0.421434
0.451806
0.408944
0.396411
0.425328
0.395816
0.404562
0.37537
0.37264
0.359854
0.346636
0.350167
0.363895
0.373236
0.368175
0.353193
0.366666
0.373827
0.402667
0.378561
0.389312
0.400711
0.374784
0.353918
0.34444
0.370544
0.382447
0.401582
0.388417
0.387131
0.367741
0.35412
0.362029
0.364155
0.361994
0.361199
0.38993
0.392597
0.394947
0.406464
0.414564
0.405226
0.40838
0.386722
0.400422
0.393511
0.384148
0.373342
0.36097
0.368792
0.372154
0.359854
0.340613
0.350707
0.364384
0.359105
0.355504
0.383194
0.393319
0.36419
0.339911
0.339532
0.368334
0.382975
0.400683
0.365016
0.388771
0.407718
0.415407
0.404192
0.406896
0.376569
0.418847
0.398448
0.41162
0.366293
0.370881
0.35774
0.34839
0.363712
0.362994
0.39085
0.439997
0.434984
0.473189
0.477279
0.388909
0.388679
0.404624
0.404871
0.395273
0.369609
0.396641
0.397732
0.383616
0.410767
0.449997
0.473745
0.450192
0.437882
0.46068
0.459131
0.452049
0.479548
0.50243
0.52674
0.498572
0.368508
0.36791
0.382256
0.392653
0.422616
0.384202
0.372394
0.395544
0.439609
0.483986
0.456866
0.426507
0.515847
0.4717
0.425926
0.414902
0.383695
0.372068
0.379257
0.370034
0.36489
0.376789
0.402234
0.381572
0.384008
0.388762
0.379923
0.369578
0.373899
0.39623
0.430462
0.404463
0.382807
0.361004
0.398706
0.438925
0.439905
0.406482
0.416211
0.41477
0.438093
0.422793
0.442827
0.441282
0.458689
0.476387
0.493521
0.483192
0.458341
0.484494
0.439797
0.416446
0.410509
0.416142
0.434238
0.406444
0.393535
0.396904
0.403253
0.3901
0.408586
0.398025
0.41258
0.386396
0.38921
0.397092
0.384346
0.431351
0.429365
0.390109
0.389943
0.374654
0.358202
0.363185
0.350512
0.347553
0.359586
0.353154
0.339581
0.346902
0.342727
0.355211
0.3636
0.350882
0.364981
0.34424
0.350999
0.360329
0.377475
0.380388
0.385624
0.389864
0.3568
0.346336
0.354543
0.365031
0.375607
0.385256
0.387571
0.360393
0.377315
0.388301
0.400832
0.377084
0.37697
0.371073
0.366199
0.383583
0.406138
0.385986
0.396843
0.442867
0.427209
0.429061
0.462778
0.492971
0.469808
0.469453
0.404296
0.39075
0.389298
0.434701
0.437886
0.40557
0.399174
0.416325
0.427561
0.419767
0.420457
0.391326
0.397768
0.35938
0.349924
0.359549
0.36058
0.372777
0.396097
0.400022
0.367728
0.380441
0.37189
0.378441
0.402253
0.389335
0.376166
0.391536
0.395867
0.376627
0.348843
0.346253
0.343926
0.348911
0.354034
0.367244
0.360689
0.399607
0.402037
0.39717
0.374896
0.355717
0.351227
0.360888
0.403195
0.372427
0.397175
0.375636
0.383053
0.386747
0.441079
0.45549
0.427756
0.431753
0.411401
0.386185
0.376317
0.369772
0.369228
0.392703
0.454428
0.465496
0.45893
0.431019
0.488442
0.528295
0.489922
0.506306
0.441193
0.492524
0.508769
0.5223
0.454796
0.402015
0.372062
0.390184
0.390782
0.396226
0.410949
0.413785
0.374926
0.363733
0.37094
0.376211
0.384059
0.377866
0.419783
0.435025
0.39615
0.360958
0.351117
0.346455
0.356208
0.349934
0.347062
0.346612
0.344088
0.358534
0.38185
0.421968
0.408917
0.425971
0.414545
0.395493
0.360168
0.360492
0.352399
0.359061
0.378187
0.406391
0.399236
0.411878
0.392277
0.421293
0.374817
0.348376
0.348091
0.352668
0.357811
0.345684
0.343447
0.345162
0.348365
0.371658
0.36579
0.353685
0.389897
0.365368
0.376956
0.371958
0.395207
0.409426
0.405108
0.38803
0.3604
0.366291
0.389663
0.416784
0.387347
0.378138
0.370365
0.392816
0.399607
0.379249
0.355706
0.351573
0.349102
0.355262
0.374685
0.367209
0.352988
0.361228
0.393136
0.381585
0.363624
0.370576
0.376565
0.354296
0.368164
0.365111
0.373918
0.397813
0.389021
0.383823
0.361358
0.387991
0.365513
0.35213
0.34316
0.343529
0.371477
0.380497
0.36528
0.380976
0.378643
0.378129
0.357897
0.353872
0.356369
0.383683
0.39219
0.354107
0.344823
0.354246
0.346743
0.344675
0.343489
0.346637
0.352287
0.387699
0.413953
0.397243
0.37065
0.370232
0.378892
0.382043
0.395709
0.380298
0.390544
0.365784
0.37157
0.409486
0.403821
0.41614
0.383239
0.369201
0.359651
0.357452
0.387376
0.374777
0.347906
0.339597
0.36906
0.359023
0.39633
0.355131
0.351794
0.381809
0.396117
0.369968
0.351808
0.371231
0.382732
0.360543
0.362187
0.369547
0.363954
0.351982
0.357001
0.372007
0.389228
0.421935
0.431613
0.420549
0.418328
0.39111
0.402171
0.413145
0.531149
0.505757
0.447858
0.426318
0.405539
0.424888
0.424639
0.397489
0.393569
0.432141
0.407259
0.361738
0.371339
0.426597
0.397064
0.417102
0.405761
0.354024
0.349199
0.356466
0.353486
0.354605
0.351919
0.348043
0.350585
0.344438
0.348609
0.346962
0.359506
0.425401
0.408529
0.394679
0.40328
0.391891
0.389666
0.415889
0.377635
0.380581
0.376194
0.390535
0.392153
0.361575
0.364529
0.350978
0.374863
0.389949
0.403375
0.413241
0.40366
0.378257
0.378218
0.381037
0.395711
0.396497
0.365468
0.377229
0.377963
0.398878
0.38829
0.41049
0.393005
0.407189
0.407183
0.39855
0.40109
0.410986
0.396225
0.403565
0.411334
0.392954
0.387
0.36436
0.349198
0.343119
0.362022
0.364136
0.367018
0.362217
0.379461
0.350672
0.369317
0.365602
0.374119
0.391179
0.378464
0.369821
0.361125
0.355872
0.354572
0.365654
0.359131
0.344012
0.344175
0.364504
0.374562
0.377995
0.368843
0.377996
0.392851
0.400112
0.380035
0.387504
0.388308
0.355576
0.377793
0.37351
0.353926
0.368033
0.389941
0.379232
0.383665
0.386225
0.398031
0.376219
0.362818
0.36598
0.400575
0.441187
0.465372
0.452462
0.442919
0.407121
0.424837
0.453854
0.459155
0.419081
0.461231
0.40747
0.379288
0.375847
0.404999
0.388607
0.386055
0.452315
0.473711
0.430222
0.381233
0.412949
0.434987
0.384116
0.415032
0.414847
0.403539
0.433044
0.375883
0.359917
0.376381
0.357896
0.360371
0.377815
0.390478
0.447816
0.423454
0.427377
0.450034
0.473903
0.447433
0.429756
0.465973
0.482917
0.474662
0.497933
0.460066
0.432004
0.42834
0.443021
0.438906
0.428326
0.419916
0.444275
0.412041
0.371971
0.406885
0.417602
0.396229
0.421353
0.429016
0.434275
0.420167
0.416572
0.394975
0.390741
0.395932
0.415493
0.372568
0.376798
0.411407
0.403174
0.409741
0.405058
0.413943
0.454001
0.48341
0.43707
0.511545
0.457985
0.454408
0.467842
0.443969
0.423958
0.426556
0.455261
0.480574
0.467732
0.483999
0.39276
0.402185
0.396849
0.359895
0.362827
0.36314
0.37804
0.418764
0.399747
0.359604
0.353449
0.385018
0.367822
0.36426
0.37031
0.34248
0.348676
0.340107
0.350475
0.358684
0.375368
0.378059
0.363718
0.409064
0.364008
0.3816
0.361205
0.364001
0.372022
0.377813
0.355156
0.378217
0.376964
0.3805
0.394966
0.385336
0.395147
0.397844
0.417064
0.380891
0.351901
0.350223
0.345722
0.35068
0.370286
0.356604
0.375683
0.38713
0.363512
0.343926
0.341825
0.358682
0.390034
0.400424
0.422836
0.420373
0.40585
0.410329
0.410766
0.369398
0.382747
0.361665
0.366773
0.375584
0.386685
0.388466
0.352577
0.366831
0.365975
0.362487
0.36132
0.389194
0.366008
0.365648
0.35901
0.373122
0.38758
0.384435
0.378019
0.392998
0.396148
0.381862
0.400411
0.406674
0.407932
0.364235
0.349426
0.372906
0.393643
0.390815
0.377572
0.371071
0.379752
0.415427
0.430775
0.432528
0.406854
0.377433
0.372989
0.418282
0.385059
0.419717
0.445892
0.436032
0.42983
0.416572
0.391106
0.412611
0.389387
0.404826
0.447701
0.469808
0.45344
0.456531
0.544133
0.550472
0.482147
0.44364
0.509876
0.474544
0.381603
0.373797
0.347673
0.366835
0.357101
0.367259
0.356888
0.351523
0.362126
0.376299
0.367731
0.362667
0.368815
0.388756
0.410368
0.404445
0.401323
0.411912
0.414367
0.413183
0.407094
0.414811
0.446255
0.40248
0.394329
0.401126
0.396969
0.424522
0.397883
0.387808
0.409298
0.387136
0.404639
0.400016
0.463851
0.458315
0.415114
0.431935
0.40694
0.374523
0.415279
0.41696
0.37235
0.362671
0.395419
0.446433
0.414728
0.410717
0.423549
0.450027
0.432406
0.434426
0.411567
0.443022
0.448475
0.505957
0.487317
0.419155
0.378842
0.353879
0.364325
0.356902
0.354719
0.350248
0.345051
0.346101
0.369227
0.372707
0.355423
0.369334
0.384629
0.384903
0.369818
0.368596
0.377456
0.385946
0.408391
0.471001
0.470223
0.515073
0.488394
0.386264
0.395966
0.434318
0.399994
0.389951
0.372777
0.354581
0.363456
0.393065
0.367007
0.355216
0.357071
0.373551
0.383264
0.35978
0.343654
0.358512
0.367222
0.370577
0.3715
0.359834
0.349639
0.373748
0.439081
0.449563
0.433774
0.421532
0.455183
0.387253
0.409823
0.412342
0.373648
0.38915
0.426364
0.436964
0.436043
0.408676
0.430736
0.39346
0.361878
0.359043
0.377542
0.436608
0.458353
0.480223
0.443942
0.421761
0.438638
0.482974
0.439479
0.502013
0.472745
0.462292
0.471164
0.39347
0.382758
0.377991
0.406414
0.446486
0.417353
0.449047
0.46237
0.418171
0.356001
0.364331
0.361331
0.388505
0.392534
0.411246
0.428806
0.447403
0.486334
0.449902
0.379724
0.411336
0.420886
0.446138
0.42058
0.424977
0.410873
0.378663
0.383061
0.404729
0.373872
0.388285
0.406631
0.459988
0.392836
0.390236
0.448067
0.444505
0.418625
0.417795
0.415329
0.365499
0.360144
0.390434
0.396535
0.414988
0.393988
0.407259
0.393073
0.38839
0.365732
0.399299
0.393999
0.374127
0.375419
0.375656
0.400059
0.401217
0.38868
0.373086
0.406326
0.380747
0.383038
0.399696
0.39541
0.358568
0.352392
0.347784
0.353098
0.383654
0.411956
0.373618
0.344493
0.353019
0.366876
0.388424
0.357724
0.357353
0.366085
0.375246
0.372921
0.367572
0.405652
0.411143
0.40233
0.399938
0.426848
0.372848
0.399789
0.430875
0.41879
0.396563
0.376515
0.362789
0.372156
0.372869
0.372537
0.366111
0.342409
0.348627
0.337503
0.346702
0.35274
0.369457
0.387935
0.401233
0.385195
0.395096
0.380761
0.393215
0.43036
0.424619
0.419207
0.394678
0.427748
0.390678
0.404053
0.410973
0.396622
0.435807
0.42983
0.431391
0.395821
0.370741
0.408449
0.446515
0.475216
0.507012
0.551244
0.546773
0.539947
0.421099
0.398179
0.390943
0.388439
0.39897
0.394941
0.411865
0.378988
0.358977
0.348235
0.354364
0.349479
0.374473
0.385808
0.388217
0.411934
0.380507
0.397314
0.398194
0.377486
0.382626
0.358233
0.37489
0.349726
0.365607
0.395641
0.368439
0.353558
0.345923
0.35415
0.394015
0.438782
0.459959
0.443005
0.437735
0.450548
0.398122
0.412929
0.396645
0.386896
0.389557
0.353684
0.384647
0.392215
0.406622
0.40557
0.384935
0.383375
0.376196
0.39936
0.400056
0.408673
0.402483
0.411913
0.432692
0.432211
0.449269
0.417919
0.428193
0.465744
0.444297
0.436321
0.428217
0.427343
0.464631
0.402419
0.391261
0.375821
0.348583
0.359188
0.399676
0.388376
0.412155
0.41708
0.426165
0.406454
0.39052
0.41056
0.447746
0.468045
0.391235
0.412123
0.400054
0.372564
0.407144
0.424761
0.468768
0.408404
0.458341
0.446799
0.43667
0.474179
0.522056
0.517365
0.506489
0.493507
0.47059
0.529592
0.551393
0.531612
0.588463
0.530556
0.456397
0.445515
0.421292
0.425991
0.38993
0.456349
0.42252
0.422709
0.365555
0.374355
0.418501
0.452874
0.445215
0.431457
0.418463
0.399276
0.399611
0.386095
0.368369
0.397759
0.399032
0.41085
0.404012
0.39099
0.401649
0.396908
0.404497
0.428094
0.430846
0.399015
0.398246
0.413881
0.412468
0.408158
0.384902
0.412262
0.44924
0.427218
0.431317
0.432368
0.425992
0.383355
0.365089
0.366584
0.351662
0.343363
0.347822
0.350881
0.379274
0.390086
0.383582
0.377038
0.399116
0.396963
0.361319
0.353269
0.358367
0.391098
0.436619
0.474643
0.494907
0.483166
0.401498
0.415957
0.436167
0.401555
0.440878
0.467825
0.460912
0.402849
0.370679
0.370812
0.402567
0.396104
0.448726
0.41056
0.380745
0.391122
0.387619
0.395999
0.418816
0.415992
0.400861
0.41413
0.458528
0.451979
0.399571
0.451531
0.465325
0.467145
0.460736
0.420105
0.382653
0.388037
0.371343
0.376243
0.403378
0.422027
0.409481
0.424522
0.428535
0.381331
0.396147
0.440133
0.411229
0.466693
0.414003
0.428813
0.45005
0.44915
0.489193
0.431303
0.434032
0.445006
0.437318
0.464062
0.47272
0.517706
0.541566
0.557058
0.551755
0.511342
0.42222
0.379992
0.419939
0.401506
0.446092
0.412339
0.424715
0.442267
0.422747
0.40692
0.398804
0.386327
0.436268
0.431505
0.43307
0.42081
0.375828
0.36418
0.360463
0.353274
0.352386
0.368605
0.386586
0.368294
0.374407
0.375057
0.40851
0.400685
0.439191
0.410478
0.420368
0.365082
0.352599
0.360584
0.36852
0.367837
0.37818
0.411688
0.484324
0.457819
0.459911
0.447505
0.368862
0.373003
0.376107
0.442588
0.393092
0.398409
0.469709
0.496849
0.441653
0.536337
0.519369
0.501342
0.50089
0.493177
0.513414
0.502963
0.463244
0.463739
0.425541
0.465153
0.448197
0.428341
0.430463
0.42079
0.372993
0.359091
0.381347
0.38479
0.364927
0.389092
0.399984
0.381745
0.357794
0.36329
0.364138
0.396576
0.40586
0.406873
0.388714
0.366329
0.353983
0.349464
0.362143
0.37934
0.392716
0.373987
0.363938
0.357059
0.368045
0.389054
0.394165
0.384282
0.396403
0.416042
0.422938
0.449668
0.409731
0.427736
0.453332
0.479932
0.474091
0.479647
0.445874
0.398488
0.443275
0.387084
0.446164
0.459881
0.405835
0.405568
0.415906
0.442707
0.429232
0.415922
0.441205
0.465065
0.444616
0.435666
0.485356
0.454004
0.425641
0.461817
0.46195
0.43272
0.404767
0.374163
0.409091
0.42794
0.410153
0.383504
0.378534
0.356628
0.356112
0.384301
0.372738
0.366222
0.374307
0.366232
0.371828
0.392706
0.39043
0.396559
0.367139
0.388469
0.41919
0.420259
0.388612
0.390999
0.369195
0.367483
0.364533
0.396257
0.371519
0.369095
0.38683
0.38759
0.437974
0.450058
0.465098
0.433932
0.472313
0.487078
0.467684
0.39269
0.466102
0.478441
0.382953
0.361959
0.347275
0.365825
0.389505
0.390779
0.398169
0.398085
0.386889
0.398374
0.404635
0.384738
0.375533
0.368846
0.349679
0.352421
0.373988
0.391124
0.362563
0.352459
0.377819
0.354707
0.354977
0.36801
0.351899
0.343769
0.349697
0.348838
0.361414
0.381742
0.359542
0.360151
0.391413
0.41292
0.41887
0.414243
0.392824
0.38839
0.400826
0.380492
0.396243
0.393678
0.393189
0.428552
0.414329
0.420401
0.424851
0.45002
0.476786
0.449589
0.464433
0.444559
0.486736
0.437953
0.417012
0.458135
0.448457
0.429327
0.457617
0.465986
0.481734
0.476852
0.498867
0.466239
0.407731
0.412829
0.441311
0.433173
0.468152
0.507522
0.524301
0.415516
0.423139
0.423332
0.395055
0.414736
0.425618
0.409875
0.432641
0.419404
0.414703
0.424697
0.421842
0.390815
0.397968
0.387019
0.367803
0.395285
0.368383
0.36591
0.384178
0.419148
0.392075
0.398955
0.396834
0.419571
0.409465
0.387199
0.395544
0.399522
0.401613
0.40775
0.419904
0.372537
0.357312
0.341876
0.343677
0.343337
0.362567
0.376984
0.36673
0.346016
0.33875
0.343694
0.343801
0.350389
0.34783
0.342239
0.340724
0.341574
0.345897
0.368325
0.389968
0.374683
0.37975
0.3787
0.373002
0.377492
0.381732
0.35691
0.344711
0.341344
0.348221
0.349585
0.341785
0.343763
0.34646
0.343267
0.357109
0.365525
0.35667
0.366596
0.397434
0.405849
0.386914
0.413815
0.436874
0.425531
0.407921
0.370796
0.386466
0.358112
0.359974
0.391527
0.382107
0.376903
0.402941
0.451368
0.463771
0.490871
0.503999
0.40215
0.431634
0.403714
0.463012
0.444351
0.378611
0.355084
0.345921
0.357156
0.369599
0.390399
0.392541
0.377371
0.415116
0.411399
0.393565
0.376205
0.376427
0.384287
0.347535
0.346563
0.345276
0.347081
0.378009
0.360779
0.348336
0.35616
0.381098
0.407407
0.405796
0.397556
0.392158
0.414058
0.408113
0.402486
0.392924
0.396855
0.387175
0.39366
0.39826
0.378879
0.416741
0.440203
0.401591
0.398374
0.414952
0.453085
0.42605
0.403769
0.437706
0.442678
0.456325
0.437947
0.475973
0.445775
0.393204
0.379176
0.384537
0.380391
0.352621
0.357709
0.368068
0.361376
0.376537
0.400441
0.430551
0.445414
0.435051
0.462336
0.453102
0.44952
0.458104
0.435303
0.417032
0.435532
0.482877
0.488959
0.468157
0.486467
0.505476
0.566302
0.45395
0.42557
0.414956
0.406275
0.426611
0.408938
0.438705
0.425807
0.445256
0.413349
0.414873
0.389623
0.367562
0.373136
0.388379
0.396109
0.45721
0.465595
0.439542
0.432587
0.426424
0.405936
0.365737
0.394347
0.383242
0.388744
0.409226
0.416158
0.393302
0.366219
0.399779
0.378277
0.409111
0.407709
0.416804
0.410475
0.395829
0.436596
0.430982
0.449023
0.454077
0.459444
0.418418
0.445745
0.469535
0.423151
0.417729
0.420974
0.496381
0.491862
0.401274
0.467036
0.471297
0.424332
0.441821
0.409674
0.442144
0.431661
0.431526
0.388828
0.412755
0.458983
0.478498
0.442874
0.42603
0.444573
0.388565
0.385706
0.397296
0.379307
0.419009
0.427576
0.438521
0.453801
0.577938
0.579874
0.528306
0.490992
0.496435
0.428941
0.413734
0.412667
0.457414
0.433787
0.490319
0.460864
0.423041
0.44653
0.462373
0.433858
0.446954
0.435059
0.438933
0.442857
0.447139
0.434972
0.411533
0.453907
0.487421
0.494172
0.503449
0.417892
0.407282
0.423584
0.443605
0.476984
0.430526
0.394886
0.400704
0.427337
0.439175
0.447527
0.496768
0.435192
0.371809
0.363452
0.365535
0.365989
0.363321
0.382954
0.442812
0.488765
0.487216
0.442022
0.475013
0.427126
0.41527
0.415628
0.454126
0.402752
0.379109
0.423518
0.431924
0.415278
0.445017
0.445525
0.419788
0.484209
0.531928
0.489988
0.502767
0.56617
0.527436
0.512923
0.5032
0.457779
0.497766
0.474829
0.466428
0.498438
0.474671
0.45908
0.436909
0.422397
0.412729
0.399426
0.410054
0.44256
0.489349
0.491141
0.447715
0.451944
0.431181
0.461734
0.459709
0.426237
0.439937
0.43633
0.437304
0.456864
0.45167
0.438283
0.490632
0.475342
0.431928
0.500313
0.476499
0.493188
0.498864
0.437419
0.446366
0.478899
0.50065
0.440666
0.382068
0.356723
0.369412
0.399105
0.416105
0.465695
0.435585
0.427806
0.398283
0.41526
0.427288
0.458527
0.446648
0.413375
0.445232
0.428897
0.381292
0.372031
0.387822
0.461698
0.497748
0.514517
0.51084
0.505407
0.50702
0.52017
0.567249
0.543474
0.414498
0.367998
0.404052
0.395932
0.387562
0.399654
0.418858
0.422774
0.41511
0.420598
0.43791
0.435858
0.403582
0.409503
0.43907
0.407501
0.390628
0.396805
0.372718
0.353105
0.345866
0.365152
0.402803
0.361916
0.362682
0.397405
0.421384
0.43626
0.37372
0.366662
0.357749
0.369239
0.370684
0.359938
0.395608
0.432384
0.440362
0.444275
0.449312
0.43717
0.41827
0.381488
0.365127
0.381729
0.384382
0.383565
0.430065
0.436561
0.415267
0.360221
0.391146
0.421866
0.388267
0.351606
0.34725
0.346943
0.352215
0.354295
0.386778
0.360566
0.360846
0.373156
0.413808
0.423399
0.43981
0.419102
0.455069
0.494115
0.563125
0.577423
0.538064
0.555575
0.526497
0.512378
0.493334
0.502931
0.461256
0.524084
0.469976
0.502316
0.510124
0.479467
0.487343
0.517344
0.542656
0.508742
0.408037
0.409159
0.41458
0.40372
0.44433
0.472589
0.442822
0.42945
0.489281
0.453495
0.499879
0.457052
0.442725
0.516463
0.472028
0.492783
0.501333
0.447835
0.461369
0.51163
0.498513
0.497856
0.524291
0.526758
0.480438
0.438366
0.464651
0.49997
0.49376
0.438226
0.478688
0.459781
0.449218
0.46381
0.456274
0.436379
0.4101
0.375854
0.376488
0.395853
0.40055
0.383692
0.388658
0.395253
0.374228
0.392295
0.402188
0.446543
0.425378
0.427788
0.418829
0.409898
0.444306
0.451303
0.444697
0.486475
0.467396
0.448412
0.473317
0.476565
0.45632
0.438496
0.408478
0.438395
0.420634
0.45203
0.463295
0.447851
0.460513
0.469131
0.467941
0.484288
0.470678
0.442065
0.414144
0.413166
0.378937
0.436554
0.489841
0.464027
0.451056
0.433298
0.510075
0.56641
0.563395
0.394016
0.37242
0.363432
0.367527
0.379811
0.352563
0.348229
0.348996
0.350694
0.344742
0.355455
0.36937
0.390126
0.366078
0.373015
0.391754
0.369169
0.436365
0.436821
0.432036
0.436788
0.419088
0.448687
0.420381
0.43009
0.427364
0.423712
0.492066
0.512466
0.519887
0.524094
0.491453
0.429338
0.479559
0.524714
0.496552
0.459166
0.509686
0.475657
0.44553
0.461487
0.43673
0.461249
0.476691
0.47267
0.452269
0.439853
0.414874
0.457401
0.480421
0.537877
0.500926
0.487634
0.447813
0.499643
0.519054
0.490606
0.500763
0.510324
0.496089
0.478106
0.507532
0.541299
0.464825
0.376798
0.377244
0.401418
0.396771
0.392562
0.455444
0.39268
0.38998
0.406311
0.398897
0.385031
0.400181
0.421198
0.417003
0.43086
0.403009
0.374237
0.386404
0.406738
0.415434
0.372384
0.365638
0.363265
0.362822
0.373206
0.394864
0.361301
0.359027
0.358862
0.367934
0.360088
0.388767
0.393467
0.449606
0.455254
0.409393
0.383511
0.393109
0.409149
0.390162
0.432297
0.442991
0.462287
0.402803
0.404493
0.441996
0.424009
0.393368
0.392149
0.38813
0.396642
0.403705
0.380551
0.382192
0.456315
0.415108
0.427095
0.429287
0.389537
0.399302
0.388596
0.388622
0.384764
0.366137
0.373722
0.363133
0.360047
0.361132
0.364541
0.369131
0.357491
0.360006
0.356511
0.361284
0.363261
0.359349
0.359455
0.370374
0.377656
0.363247
0.372553
0.413774
0.398956
0.411388
0.391874
0.370888
0.383181
0.419708
0.374654
0.402421
0.388985
0.393711
0.372689
0.363788
0.399324
0.368161
0.387999
0.426208
0.42557
0.378088
0.369111
0.400092
0.375884
0.364379
0.357824
0.354222
0.385148
0.443385
0.39209
0.391468
0.410475
0.408512
0.417658
0.406133
0.392777
0.385929
0.394377
0.387683
0.375957
0.369676
0.36763
0.382252
0.368335
0.383512
0.403802
0.431954
0.422908
0.42383
0.520361
0.419211
0.419457
0.387931
0.400117
0.416419
0.416446
0.386091
0.392182
0.388295
0.378871
0.389603
0.393027
0.395522
