0.457329
0.604386
0.540443
0.590028
0.574132
0.585252
0.530069
0.473836
0.465912
0.460238
0.521339
0.549546
0.461464
0.492725
0.450423
0.447284
0.460499
0.512692
0.47519
0.455905
0.513719
0.497125
0.518511
0.459788
0.452395
0.468026
0.432874
0.428216
0.492396
0.478189
0.500504
0.486006
0.496475
0.51642
0.493349
0.489488
0.493686
0.480927
0.46166
0.485946
0.414632
0.502984
0.493414
0.492941
0.473093
0.471515
0.474033
0.456475
0.483074
0.464414
0.491542
0.480853
0.491904
0.497962
0.445047
0.461039
0.452677
0.487875
0.473264
0.484207
0.473707
0.482642
0.46756
0.472198
0.470537
0.453572
0.453649
0.445264
0.434397
0.428383
0.447233
0.490565
0.478612
0.480378
0.475815
0.439993
0.44005
0.468532
0.440073
0.446598
0.438126
0.500898
0.414478
0.423715
0.462366
0.474182
0.476844
0.478715
0.427987
0.431384
0.441916
0.46597
0.425626
0.482232
0.426537
0.420883
0.386112
0.37144
0.413272
0.381903
0.414141
0.402655
0.425267
0.427956
0.469517
0.472131
0.47949
0.484981
0.429365
0.404271
0.402423
0.404608
0.408765
0.402793
0.418608
0.415721
0.408836
0.396708
0.376027
0.397917
0.395526
0.402788
0.43014
0.385449
0.391893
0.414216
0.407467
0.407334
0.407931
0.368667
0.385851
0.373787
0.41256
0.406159
0.392753
0.37632
0.364851
0.353355
0.381977
0.376232
0.364838
0.348456
0.346922
0.35238
0.349522
0.352815
0.363668
0.374642
0.374258
0.389424
0.38162
0.383401
0.388498
0.390949
0.373399
0.355985
0.358168
0.355095
0.347762
0.357583
0.37783
0.362794
0.359233
0.367658
0.38173
0.365078
0.395919
0.403778
0.385849
0.369058
0.389659
0.397935
0.386221
0.374981
0.375412
0.392479
0.399723
0.391541
0.389764
0.38926
0.418467
0.391962
0.394787
0.389756
0.421083
0.416964
0.418478
0.395105
0.37444
0.370182
0.374108
0.362805
0.344468
0.359002
0.366923
0.371349
0.383325
0.384884
0.377633
0.388785
0.354676
0.347501
0.345994
0.349266
0.349152
0.354342
0.347597
0.341518
0.346339
0.351781
0.363555
0.380941
0.382167
0.396513
0.41267
0.455867
0.476418
0.474398
0.390496
0.412294
0.444475
0.42061
0.448405
0.390309
0.419821
0.408846
0.387867
0.423975
0.40889
0.434769
0.430301
0.409868
0.383434
0.374663
0.397219
0.423454
0.41083
0.40176
0.415838
0.415736
0.406736
0.436573
0.419425
0.408452
0.423824
0.420311
0.406166
0.42029
0.432126
0.444901
0.453986
0.454734
0.435276
0.41272
0.406839
0.475038
0.452806
0.467699
0.519769
0.44136
0.489734
0.502565
0.473063
0.407348
0.428632
0.37068
0.391744
0.393268
0.465076
0.426924
0.464165
0.439518
0.418301
0.408875
0.381619
0.37867
0.36955
0.409703
0.418297
0.418933
0.421829
0.386858
0.406456
0.439684
0.405332
0.397572
0.382406
0.390224
0.369591
0.379785
0.393468
0.401929
0.374864
0.386829
0.392587
0.396272
0.382081
0.385625
0.431411
0.426437
0.379703
0.404904
0.405314
0.40976
0.391598
0.405603
0.410355
0.401093
0.418967
0.411709
0.44651
0.418697
0.421904
0.411606
0.4215
0.400228
0.40201
0.396564
0.383208
0.363363
0.3706
0.365956
0.359667
0.350955
0.339658
0.34274
0.338517
0.340397
0.335004
0.338984
0.34222
0.347466
0.356098
0.374593
0.368632
0.355916
0.344007
0.341404
0.337939
0.351331
0.341433
0.356573
0.352537
0.381163
0.355873
0.355032
0.36421
0.404883
0.409673
0.475784
0.496015
0.486015
0.433021
0.467706
0.471795
0.461986
0.467769
0.471811
0.475089
0.437868
0.458962
0.407878
0.409829
0.451186
0.402786
0.4062
0.439531
0.39801
0.420721
0.403637
0.439408
0.414629
0.438519
0.407957
0.412968
0.411682
0.393992
0.370008
0.369124
0.358944
0.374513
0.387478
0.366808
0.384652
0.383847
0.368406
0.392731
0.400252
0.406224
0.383148
0.397096
0.413616
0.388501
0.450047
0.438283
0.424734
0.410372
0.394504
0.469361
0.453082
0.445147
0.408342
0.489358
0.519661
0.44759
0.435529
0.4365
0.443501
0.444965
0.414913
0.417544
0.41984
0.414052
0.404203
0.407042
0.430761
0.448028
0.42685
0.425617
0.427186
0.41781
0.370704
0.390962
0.365069
0.363913
0.378753
0.405882
0.399706
0.391602
0.39016
0.418151
0.399018
0.403857
0.380295
0.430106
0.415417
0.440471
0.439757
0.401289
0.428042
0.432373
0.397963
0.373256
0.4089
0.432151
0.449068
0.444758
0.488726
0.415813
0.468696
0.479458
0.449909
0.384216
0.380254
0.396931
0.410906
0.391377
0.427485
0.400312
0.414305
0.458118
0.42044
0.447564
0.470766
0.496039
0.474263
0.430036
0.441397
0.397994
0.388868
0.354359
0.351041
0.38147
0.406131
0.397924
0.462506
0.417393
0.3828
0.380253
0.40779
0.384558
0.390781
0.416818
0.444005
0.455784
0.404764
0.385972
0.364665
0.375597
0.416225
0.468639
0.421745
0.400885
0.487905
0.42477
0.443527
0.484934
0.485866
0.443267
0.39573
0.460296
0.445024
0.426108
0.437986
0.41551
0.454603
0.396272
0.408329
0.388947
0.405126
0.405349
0.379271
0.369989
0.349703
0.36176
0.382335
0.403049
0.39514
0.408286
0.41176
0.428841
0.387525
0.400791
0.383074
0.352846
0.355429
0.399514
0.427834
0.451242
0.469169
0.39259
0.402679
0.415294
0.429702
0.42514
0.440006
0.433809
0.459914
0.437993
0.397262
0.411409
0.378591
0.366266
0.358856
0.355622
0.358413
0.348659
0.355154
0.366174
0.374128
0.396393
0.401684
0.409818
0.399565
0.391003
0.384967
0.358818
0.355322
0.354253
0.366143
0.37578
0.376325
0.393489
0.42861
0.417659
0.406207
0.418723
0.432796
0.377123
0.372874
0.385674
0.420946
0.436907
0.436448
0.409678
0.394095
0.375507
0.38059
0.405173
0.387996
0.411134
0.420513
0.435973
0.4332
0.46018
0.440708
0.461348
0.368495
0.45316
0.421255
0.445769
0.463853
0.424089
0.395284
0.369611
0.363966
0.352256
0.346806
0.35196
0.347994
0.386893
0.3751
0.393793
0.38556
0.359745
0.356582
0.355887
0.346273
0.360076
0.350232
0.382393
0.388052
0.451707
0.487463
0.447383
0.408572
0.41426
0.443537
0.415936
0.418882
0.404302
0.412978
0.421695
0.447366
0.447759
0.470006
0.463411
0.425424
0.404806
0.439544
0.413277
0.41741
0.42039
0.432804
0.449064
0.434172
0.420238
0.394715
0.381361
0.357572
0.358333
0.403393
0.426158
0.434748
0.438076
0.415
0.392811
0.380004
0.390264
0.404476
0.459984
0.45671
0.444765
0.416223
0.432287
0.445156
0.419112
0.426696
0.449241
0.422699
0.392782
0.379824
0.366638
0.353322
0.364959
0.362559
0.371852
0.403836
0.410588
0.430473
0.456976
0.415646
0.447473
0.510837
0.46718
0.434025
0.414883
0.372029
0.352403
0.364646
0.38557
0.390587
0.361483
0.370195
0.381154
0.441372
0.457937
0.464337
0.47607
0.443714
0.408589
0.43729
0.458498
0.465583
0.445424
0.396021
0.411013
0.402025
0.394253
0.413968
0.43187
0.407525
0.386012
0.413985
0.41785
0.382778
0.374648
0.376522
0.375897
0.370409
0.361642
0.359428
0.344203
0.346659
0.355603
0.346919
0.357981
0.367703
0.361995
0.378596
0.380343
0.36396
0.353631
0.353956
0.354102
0.369313
0.385958
0.362915
0.386124
0.407034
0.390026
0.374678
0.381954
0.389215
0.394463
0.404405
0.396007
0.379197
0.369897
0.353771
0.355179
0.344791
0.342685
0.361989
0.381079
0.366335
0.381777
0.394464
0.401311
0.419462
0.368967
0.397602
0.385402
0.376746
0.361445
0.372353
0.350861
0.356706
0.362973
0.361568
0.36725
0.360982
0.370513
0.353467
0.359249
0.363139
0.379084
0.399871
0.392908
0.390676
0.394421
0.392658
0.420372
0.39044
0.400711
0.428997
0.407357
0.406732
0.405899
0.396222
0.407035
0.385271
0.388695
0.414297
0.39478
0.390267
0.393659
0.393361
0.376278
0.375568
0.371442
0.362664
0.359466
0.361924
0.374447
0.365642
0.377345
0.375198
0.357793
0.339336
0.340666
0.344355
0.347089
0.367378
0.370592
0.351265
0.358876
0.35537
0.349703
0.369746
0.373294
0.396078
0.385876
0.399239
0.376143
0.351415
0.339374
0.340272
0.342066
0.338067
0.347617
0.382453
0.376031
0.389984
0.388754
0.411889
0.378979
0.363514
0.366264
0.391775
0.396167
0.405362
0.418515
0.3921
0.436559
0.412247
0.391869
0.408035
0.405416
0.384507
0.369935
0.410854
0.426337
0.392485
0.4038
0.417049
0.415416
0.373021
0.36715
0.364266
0.371705
0.368484
0.358333
0.352866
0.342534
0.361077
0.359511
0.36266
0.356358
0.376001
0.387936
0.392844
0.425318
0.454918
0.416086
0.446971
0.493376
0.455462
0.486113
0.487655
0.401488
0.382303
0.38587
0.388873
0.396269
0.409251
0.391549
0.409431
0.417566
0.396737
0.374061
0.373768
0.371307
0.393598
0.409083
0.407835
0.379274
0.374414
0.396849
0.409149
0.412414
0.448319
0.452705
0.479762
0.460676
0.460084
0.472166
0.424379
0.433082
0.452597
0.451241
0.469958
0.4539
0.459683
0.450409
0.465531
0.49446
0.476565
0.505884
0.477527
0.527725
0.547139
0.488657
0.508187
0.374305
0.363843
0.363498
0.3683
0.372023
0.385972
0.39324
0.395464
0.399494
0.43042
0.414211
0.385423
0.371387
0.3728
0.375795
0.390262
0.413076
0.44243
0.438741
0.478617
0.492711
0.471001
0.446608
0.425741
0.420873
0.507593
0.516623
0.460239
0.497479
0.454109
0.430217
0.401345
0.423384
0.400761
0.367878
0.391991
0.368286
0.371487
0.366242
0.393679
0.376717
0.362363
0.369913
0.362265
0.364005
0.38598
0.393198
0.413573
0.377872
0.375026
0.395869
0.382911
0.383233
0.38071
0.403487
0.378885
0.372078
0.370515
0.364878
0.367951
0.38193
0.394019
0.398399
0.425946
0.430474
0.431636
0.386475
0.402678
0.373946
0.360733
0.361848
0.369171
0.404996
0.407794
0.4389
0.45088
0.447554
0.431248
0.405734
0.403065
0.420716
0.415092
0.385897
0.437672
0.457725
0.43138
0.414524
0.416191
0.432457
0.450175
0.438967
0.429574
0.474453
0.461175
0.44886
0.458291
0.494844
0.491854
0.502445
0.526786
0.453905
0.416341
0.462528
0.531307
0.4592
0.457438
0.4404
0.42358
0.427523
0.410849
0.414806
0.397906
0.418976
0.413633
0.423164
0.455137
0.410346
0.397536
0.405214
0.38341
0.385007
0.402698
0.403531
0.406158
0.394359
0.387761
0.404372
0.412096
0.396479
0.397126
0.411943
0.41846
0.392832
0.390027
0.380768
0.385607
0.399709
0.407845
0.380531
0.370079
0.4006
0.41783
0.442654
0.447032
0.416261
0.410094
0.377415
0.369142
0.372501
0.446452
0.35702
0.356469
0.360533
0.359418
0.362543
0.36342
0.352951
0.34738
0.34893
0.345476
0.357566
0.360098
0.360187
0.354618
0.334352
0.341673
0.342064
0.348329
0.343303
0.341383
0.348007
0.353513
0.362456
0.359427
0.369398
0.351388
0.348334
0.356071
0.372852
0.361805
0.34546
0.345239
0.343599
0.356229
0.352577
0.356707
0.373917
0.381689
0.372901
0.38202
0.390257
0.385987
0.375223
0.406546
0.377329
0.363632
0.348195
0.344447
0.347772
0.355019
0.355482
0.361389
0.368269
0.365684
0.382427
0.382176
0.393214
0.374212
0.39823
0.37057
0.354188
0.367885
0.372733
0.39262
0.384169
0.390148
0.405501
0.396465
0.395636
0.351808
0.375659
0.383134
0.373253
0.368986
0.368961
0.365198
0.369514
0.39015
0.419142
0.392259
0.415408
0.371822
0.3878
0.390388
0.404238
0.442685
0.459316
0.422833
0.426761
0.452162
0.406404
0.457203
0.476549
0.494108
0.487558
0.442527
0.499566
0.476513
0.483437
0.439113
0.385066
0.38428
0.394613
0.390366
0.381505
0.394723
0.433389
0.442658
0.438884
0.437456
0.409218
0.405727
0.399626
0.401518
0.395352
0.42587
0.425243
0.426501
0.419884
0.425328
0.409164
0.434274
0.416476
0.388667
0.388687
0.406199
0.386002
0.365026
0.352636
0.344823
0.353988
0.369129
0.351358
0.365921
0.357251
0.355053
0.377768
0.397096
0.390967
0.390346
0.41066
0.389018
0.366956
0.361977
0.378927
0.383212
0.372332
0.371053
0.373366
0.387866
0.404281
0.400977
0.387858
0.391466
0.381635
0.361603
0.400266
0.383698
0.419991
0.382386
0.385678
0.374113
0.357673
0.354427
0.342291
0.341636
0.35191
0.347671
0.341041
0.350677
0.344923
0.346181
0.364559
0.363107
0.371576
0.359157
0.362598
0.386463
0.406098
0.415148
0.392412
0.395995
0.398495
0.397847
0.366975
0.355439
0.357121
0.35743
0.35142
0.354247
0.352086
0.377355
0.408931
0.398763
0.359537
0.38295
0.390995
0.40588
0.372185
0.377918
0.372579
0.393642
0.380499
0.383536
0.426657
0.442086
0.485189
0.449139
0.409747
0.43032
0.437892
0.435987
0.417209
0.414386
0.405444
0.38958
0.382049
0.375646
0.378394
0.367701
0.36928
0.367987
0.371108
0.397339
0.391338
0.433799
0.46124
0.472192
0.432995
0.494487
0.458705
0.429176
0.447386
0.428701
0.412172
0.55745
0.541924
0.540489
0.489282
0.480925
0.517428
0.511364
0.453075
0.45346
0.434062
0.486869
0.514701
0.485952
0.534111
0.513804
0.528048
0.457486
0.459635
0.413847
0.395223
0.3909
0.366745
0.374466
0.396434
0.395463
0.390803
0.394499
0.388928
0.405769
0.414364
0.402524
0.40439
0.413826
0.380918
0.370432
0.361745
0.36752
0.360673
0.382203
0.37664
0.374524
0.386567
0.38282
0.36711
0.385329
0.409025
0.430931
0.419065
0.447014
0.413575
0.385989
0.380887
0.355907
0.355104
0.352105
0.340062
0.347569
0.350411
0.358006
0.354716
0.352264
0.344031
0.350528
0.349277
0.342642
0.343903
0.344941
0.34567
0.358711
0.366978
0.373944
0.408833
0.426495
0.417185
0.397542
0.422352
0.423283
0.429317
0.41913
0.405879
0.409683
0.384357
0.365255
0.354114
0.356588
0.364706
0.352832
0.353715
0.351603
0.363547
0.36606
0.38039
0.394261
0.387783
0.414153
0.408108
0.402786
0.40332
0.416805
0.409394
0.398215
0.390703
0.399743
0.420655
0.42008
0.378956
0.363075
0.348245
0.345277
0.34953
0.345937
0.350828
0.355416
0.357947
0.355525
0.346657
0.348599
0.339954
0.344175
0.348102
0.344718
0.345326
0.346369
0.356871
0.377328
0.368719
0.370886
0.372016
0.353107
0.357733
0.347229
0.383744
0.398858
0.371566
0.363327
0.368003
0.381777
0.371708
0.37023
0.375575
0.393275
0.396477
0.407754
0.410321
0.420894
0.399694
0.390983
0.389328
0.367767
0.35611
0.372621
0.354482
0.37803
0.390177
0.39898
0.417872
0.412807
0.390746
0.378667
0.381648
0.375237
0.368368
0.371072
0.387344
0.398488
0.390242
0.408273
0.38573
0.382767
0.3626
0.356099
0.348684
0.351667
0.356227
0.351589
0.341421
0.348349
0.366354
0.378598
0.372711
0.372903
0.361855
0.353337
0.35317
0.357342
0.358583
0.388348
0.397662
0.3781
0.390019
0.367295
0.364593
0.368948
0.358911
0.385405
0.377478
0.370582
0.353668
0.354907
0.36803
0.369678
0.370147
0.364278
0.356772
0.378549
0.398692
0.400286
0.374946
0.398914
0.396662
0.392711
0.359253
0.351991
0.374073
0.404128
0.371497
0.36695
0.364875
0.362424
0.342774
0.340082
0.346366
0.345547
0.3415
0.34905
0.3654
0.395624
0.380114
0.37585
0.364146
0.368592
0.378754
0.381441
0.367603
0.390598
0.38083
0.380149
0.361262
0.358104
0.351191
0.355732
0.34811
0.355331
0.370899
0.380054
0.400079
0.402273
0.37265
0.35462
0.350632
0.344765
0.344133
0.36623
0.346686
0.344928
0.344739
0.349157
0.342311
0.346004
0.343921
0.33717
0.345029
0.354565
0.352263
0.359223
0.370823
0.412147
0.412481
0.418303
0.397428
0.395212
0.375957
0.367885
0.364174
0.372511
0.386917
0.378254
0.371716
0.374497
0.393424
0.402807
0.385002
0.373889
0.388827
0.407895
0.373617
0.377143
0.357207
0.382021
0.360919
0.394152
0.408095
0.424102
0.393776
0.419423
0.410926
0.395841
0.380752
0.373919
0.374732
0.363301
0.359215
0.359395
0.353246
0.364987
0.385278
0.38999
0.388719
0.364788
0.350305
0.344427
0.341773
0.337971
0.355777
0.375842
0.365206
0.351856
0.380104
0.410154
0.376108
0.353731
0.351056
0.351472
0.357449
0.367371
0.396589
0.400907
0.390126
0.393508
0.353535
0.345991
0.35675
0.354977
0.373895
0.392842
0.386211
0.364369
0.360738
0.362
0.356605
0.369744
0.365167
0.378334
0.364874
0.350603
0.351095
0.355465
0.357886
0.355211
0.370974
0.374937
0.385696
0.393011
0.417287
0.423209
0.426468
0.437328
0.440721
0.409641
0.408513
0.422156
0.410406
0.388194
0.394916
0.416024
0.38135
0.39715
0.435198
0.510591
0.529178
0.56477
0.500528
0.457314
0.44417
0.443535
0.432752
0.400014
0.398445
0.426131
0.415262
0.448887
0.42758
0.403115
0.403004
0.389346
0.38698
0.400609
0.417118
0.452131
0.424209
0.390621
0.369696
0.356614
0.352834
0.385343
0.41033
0.437096
0.407609
0.392093
0.397772
0.42058
0.438025
0.414781
0.362842
0.3572
0.349327
0.349107
0.34875
0.350619
0.353949
0.359664
0.355201
0.351845
0.356815
0.353213
0.354218
0.34913
0.349265
0.348683
0.354164
0.343294
0.344747
0.345229
0.349543
0.348247
0.347505
0.346435
0.351713
0.363202
0.395405
0.450808
0.431836
0.399297
0.392347
0.399001
0.394491
0.4116
0.385976
0.392964
0.393498
0.379024
0.39975
0.413103
0.415842
0.385279
0.380378
0.365016
0.381524
0.389287
0.376799
0.370459
0.379873
0.426047
0.394145
0.367339
0.362961
0.360359
0.355471
0.370249
0.368219
0.356411
0.350237
0.352814
0.377649
0.382802
0.386806
0.409349
0.405587
0.394101
0.411888
0.417711
0.406113
0.397766
0.378194
0.378414
0.387062
0.368786
0.370693
0.388324
0.381176
0.407971
0.406532
0.396062
0.376899
0.359503
0.372804
0.374283
0.37306
0.377556
0.391907
0.398088
0.39588
0.376145
0.400515
0.39859
0.420359
0.394335
0.382628
0.38299
0.39153
0.404737
0.409093
0.400175
0.415546
0.401696
0.411402
0.406329
0.392162
0.385297
0.412391
0.420732
0.408696
0.399533
0.37549
0.421128
0.401874
0.406388
0.421012
0.39835
0.394677
0.386902
0.389052
0.380235
0.361883
0.366448
0.352915
0.34552
0.342231
0.343854
0.353762
0.364451
0.366315
0.363477
0.367596
0.369424
0.359521
0.360139
0.371874
0.371373
0.381993
0.347845
0.348695
0.361843
0.384548
0.364756
0.364606
0.371556
0.379768
0.391039
0.392304
0.386045
0.373108
0.362306
0.376693
0.375735
0.353795
0.352189
0.362173
0.349459
0.350582
0.359865
0.366811
0.364208
0.369652
0.352128
0.346376
0.341738
0.342582
0.34636
0.347979
0.366854
0.384997
0.360317
0.380821
0.379428
0.379541
0.374434
0.364476
0.370674
0.386725
0.390485
0.400635
0.41389
0.38145
0.376774
0.384053
0.389772
0.385681
0.385748
0.395131
0.358229
0.356384
0.366143
0.384429
0.386191
0.368543
0.359737
0.35381
0.347034
0.363756
0.389243
0.395675
0.374886
0.371031
0.396355
0.394651
0.369513
0.366472
0.405032
0.4147
0.38436
0.381055
0.374318
0.368958
0.354908
0.36431
0.363144
0.387977
0.384072
0.437144
0.44106
0.445866
0.454174
0.46809
0.449532
0.457686
0.45426
0.434697
0.396006
0.413856
0.424922
0.423289
0.455821
0.439588
0.502034
0.444
0.419949
0.402635
0.474146
0.45033
0.440924
0.405385
0.394467
0.380631
0.371093
0.367064
0.389608
0.411577
0.397803
0.389579
0.389281
0.365811
0.400861
0.451724
0.446876
0.501447
0.436678
0.454754
0.434811
0.394674
0.375029
0.390653
0.407181
0.443156
0.445018
0.399984
0.389691
0.380994
0.404517
0.434087
0.42109
0.405672
0.400198
0.407426
0.423004
0.444226
0.394113
0.366439
0.349751
0.367443
0.364581
0.386841
0.368264
0.355083
0.356264
0.362261
0.365446
0.370435
0.38786
0.378857
0.42037
0.45172
0.448313
0.408062
0.438069
0.458647
0.388132
0.462965
0.443207
0.480733
0.468135
0.460972
0.432411
0.444853
0.421659
0.444367
0.456414
0.497413
0.470213
0.499179
0.488309
0.473894
0.480985
0.499492
0.474254
0.47364
0.446785
0.435194
0.428314
0.454954
0.407798
0.42131
0.443346
0.465783
0.433608
0.425695
0.435414
0.409024
0.433881
0.415458
0.452918
0.43632
0.422731
0.382769
0.372892
0.369319
0.380365
0.428808
0.419846
0.414965
0.403463
0.395007
0.402102
0.434024
0.421645
0.430102
0.44298
0.432058
0.41938
0.431312
0.405554
0.416083
0.42309
0.401818
0.370121
0.384787
0.408239
0.407153
0.381086
0.426257
0.405171
0.373585
0.370372
0.371714
0.380952
0.413459
0.406835
0.395187
0.407222
0.422887
0.396
0.420274
0.397996
0.412574
0.386607
0.442291
0.43634
0.47346
0.465221
0.497314
0.478126
0.407646
0.470996
0.514173
0.494318
0.457144
0.469415
0.451303
0.443598
0.468723
0.458034
0.468202
0.409896
0.392833
0.461283
0.419085
0.445233
0.4599
0.453299
0.487848
0.465306
0.445942
0.494372
0.488928
0.478996
0.413606
0.37277
0.423796
0.392192
0.392699
0.39774
0.37552
0.356667
0.354168
0.366016
0.356872
0.360069
0.380548
0.373095
0.394957
0.424275
0.421349
0.404503
0.376169
0.358342
0.359298
0.352703
0.358109
0.377841
0.39245
0.374086
0.379208
0.369975
0.348852
0.351476
0.366809
0.386878
0.366197
0.354488
0.338623
0.344118
0.349107
0.344841
0.340345
0.338623
0.35419
0.34958
0.353298
0.367565
0.369994
0.380756
0.387115
0.368946
0.356476
0.368668
0.405947
0.414177
0.371689
0.363218
0.376452
0.380556
0.373471
0.363299
0.358809
0.367157
0.360831
0.373973
0.37203
0.38187
0.373475
0.35611
0.354026
0.370842
0.381895
0.382016
0.376042
0.379798
0.375029
0.385829
0.391507
0.394431
0.385166
0.388045
0.387354
0.40427
0.393665
0.390934
0.428605
0.413862
0.39635
0.377104
0.361042
0.352134
0.346647
0.357605
0.34487
0.343121
0.342991
0.354659
0.350926
0.365485
0.381719
0.356339
0.352305
0.367647
0.390412
0.397523
0.375999
0.362417
0.36522
0.349289
0.339922
0.338473
0.343754
0.34899
0.359415
0.377098
0.394236
0.398003
0.401954
0.411062
0.420361
0.423877
0.416351
0.425015
0.409076
0.402694
0.402161
0.416068
0.395778
0.424042
0.386407
0.361149
0.366816
0.393108
0.372548
0.355884
0.358973
0.37061
0.377076
0.369081
0.384672
0.384314
0.384874
0.400151
0.373877
0.353512
0.348117
0.359793
0.377486
0.361563
0.370293
0.369902
0.353195
0.360058
0.362499
0.382669
0.392335
0.380884
0.358915
0.365011
0.369386
0.352822
0.363554
0.357977
0.377241
0.385113
0.385543
0.390313
0.3866
0.374673
0.38364
0.373617
0.37916
0.410901
0.405619
0.387519
0.370807
0.392168
0.398297
0.400366
0.403076
0.410516
0.407219
0.408142
0.387635
0.362691
0.347873
0.350146
0.357078
0.364438
0.391015
0.390183
0.402248
0.403797
0.375278
0.378146
0.369974
0.373998
0.369368
0.372128
0.388993
0.422148
0.410739
0.411312
0.444134
0.438421
0.429317
0.429606
0.395241
0.387559
0.375205
0.367872
0.366923
0.409901
0.419427
0.400403
0.379857
0.40338
0.408093
0.447633
0.440338
0.445859
0.441887
0.426688
0.442232
0.418979
0.408348
0.424944
0.402045
0.389595
0.3924
0.422875
0.414409
0.37333
0.386585
0.398773
0.432
0.465631
0.448015
0.453828
0.493353
0.453672
0.437242
0.465273
0.456971
0.526546
0.558246
0.572511
0.547453
0.537607
0.473043
0.396312
0.46936
0.46833
0.493585
0.518527
0.462513
0.493989
0.422911
0.379946
0.387238
0.372356
0.347208
0.351649
0.348977
0.370091
0.368299
0.354836
0.355897
0.376452
0.358081
0.356474
0.359441
0.34979
0.353277
0.353935
0.365887
0.384087
0.368842
0.373325
0.369474
0.357616
0.365445
0.361023
0.369082
0.381514
0.38954
0.391757
0.409568
0.407053
0.413443
0.399601
0.404167
0.399672
0.409173
0.413929
0.428409
0.388243
0.446643
0.393018
0.406406
0.407426
0.418478
0.410589
0.415892
0.489101
0.397885
0.39344
0.414826
0.411051
0.374088
0.413374
0.390518
0.388957
0.408106
0.415937
0.423669
0.410161
0.405388
0.379826
0.400292
0.381657
0.407894
0.412021
0.381546
0.392082
0.396507
0.41376
0.392089
0.403348
0.414529
0.500753
0.471061
0.47702
0.429087
0.417622
0.387071
0.403515
0.474798
0.420572
0.383127
0.368521
0.380344
0.386003
0.446787
0.432905
0.4066
0.382152
0.363747
0.368319
0.359792
0.366935
0.392661
0.436361
0.441946
0.450841
0.441476
0.450662
0.380005
0.38661
0.416823
0.445069
0.405369
0.421888
0.400715
0.441775
0.446676
0.449421
0.444338
0.438472
0.426892
0.435753
0.43937
0.394671
0.417376
0.441356
0.442927
0.435927
0.43161
0.459886
0.498303
0.505736
0.499774
0.48704
0.484659
0.493494
0.487536
0.406307
0.396185
0.401371
0.375345
0.359795
0.352232
0.359641
0.362325
0.369419
0.356121
0.34723
0.366891
0.344582
0.350945
0.348632
0.340517
0.348638
0.342532
0.350746
0.354089
0.377473
0.377348
0.371344
0.368126
0.348678
0.355989
0.368349
0.384558
0.382315
0.388817
0.37674
0.391474
0.374798
0.360575
0.370872
0.369308
0.371876
0.381319
0.391004
0.381165
0.399515
0.393931
0.472915
0.47488
0.473986
0.433538
0.498709
0.524195
0.507084
0.498358
0.501489
0.440069
0.394805
0.374298
0.384539
0.409854
0.415068
0.451506
0.403592
0.403652
0.374477
0.403136
0.390393
0.375172
0.34836
0.356206
0.364809
0.363618
0.366833
0.391958
0.392361
0.369635
0.360905
0.360479
0.348286
0.366869
0.350276
0.354221
0.385433
0.392959
0.375948
0.378939
0.349916
0.344473
0.344294
0.351267
0.352503
0.367836
0.372752
0.368296
0.366425
0.368758
0.371319
0.372117
0.362667
0.359159
0.346195
0.350464
0.362481
0.386271
0.405794
0.460955
0.470054
0.436749
0.443783
0.442663
0.406221
0.400302
0.459502
0.464127
0.426166
0.393032
0.38323
0.413602
0.405964
0.408096
0.417393
0.380161
0.365897
0.374228
0.406268
0.411164
0.438758
0.429987
0.449666
0.453167
0.414023
0.431014
0.397325
0.419117
0.429432
0.424374
0.38645
0.404359
0.373793
0.361223
0.357838
0.358639
0.360003
0.370915
0.393242
0.429244
0.449459
0.451763
0.465661
0.436154
0.514084
0.477029
0.442035
0.43608
0.43533
0.409189
0.429138
0.430028
0.462967
0.481302
0.475314
0.424184
0.457452
0.516783
0.500186
0.480567
0.459
0.445224
0.480639
0.482037
0.479702
0.41328
0.39634
0.392522
0.378774
0.378668
0.376498
0.379802
0.402877
0.427838
0.460308
0.453816
0.445449
0.425786
0.429679
0.406387
0.432655
0.46939
0.443612
0.477683
0.431505
0.426049
0.387722
0.360345
0.34978
0.354694
0.374673
0.370033
0.353936
0.371755
0.400816
0.393124
0.392824
0.40236
0.417534
0.41258
0.443315
0.431608
0.437789
0.502875
0.472773
0.478964
0.453503
0.395314
0.371833
0.404575
0.413053
0.420891
0.429284
0.39666
0.464818
0.434865
0.434589
0.406446
0.431238
0.426998
0.425475
0.38654
0.377547
0.379259
0.381346
0.383928
0.432185
0.383183
0.369338
0.375345
0.388448
0.386756
0.382287
0.414388
0.467128
0.440509
0.453833
0.386406
0.356694
0.399242
0.411657
0.440391
0.470302
0.437821
0.43722
0.407687
0.431684
0.406251
0.405325
0.420116
0.435075
0.424238
0.373061
0.365855
0.361234
0.3519
0.375906
0.386937
0.39733
0.397526
0.398064
0.40819
0.420655
0.383671
0.402733
0.418017
0.402378
0.38598
0.402358
0.384575
0.387834
0.383534
0.36467
0.364627
0.401022
0.419836
0.391733
0.376086
0.371251
0.386478
0.383337
0.360458
0.374214
0.376597
0.399076
0.401075
0.412277
0.394896
0.398368
0.379789
0.369901
0.368446
0.399611
0.417342
0.387978
0.382129
0.379062
0.38375
0.382842
0.408177
0.395432
0.41259
0.372833
0.360352
0.356206
0.343591
0.36078
0.352603
0.342497
0.352106
0.354664
0.365091
0.394708
0.413141
0.406074
0.389436
0.378568
0.353054
0.338136
0.350157
0.354301
0.352051
0.357148
0.385569
0.399342
0.380281
0.362782
0.352091
0.35871
0.359676
0.349441
0.374703
0.373341
0.382452
0.365414
0.370215
0.380177
0.370482
0.369737
0.400839
0.41612
0.401575
0.425027
0.389662
0.41256
0.395053
0.403804
0.431355
0.426529
0.387364
0.363105
0.378215
0.402528
0.430823
0.435668
0.406554
0.404676
0.450562
0.398344
0.356088
0.379139
0.385133
0.361326
0.363911
0.370505
0.374306
0.367841
0.379765
0.371058
0.372687
0.367854
0.36701
0.343437
0.340103
0.344156
0.352465
0.343322
0.337173
0.34331
0.344765
0.344603
0.35274
0.359707
0.366489
0.396389
0.38599
0.383838
0.409133
0.393101
0.379308
0.39103
0.40726
0.384399
0.37921
0.380638
0.371706
0.410042
0.437365
0.428817
0.417019
0.426599
0.407648
0.446822
0.379912
0.407333
0.391089
0.432618
0.434922
0.385491
0.380778
0.396
0.42901
0.422151
0.386393
0.388242
0.421116
0.409024
0.464636
0.44996
0.40931
0.435528
0.422334
0.40971
0.383135
0.368615
0.373156
0.384851
0.419173
0.454835
0.425113
0.49585
0.462547
0.432155
0.546146
0.533009
0.569964
0.519132
0.573516
0.565566
0.578821
0.483787
0.419018
0.43271
0.393183
0.396653
0.401113
0.398563
0.362758
0.396375
0.409304
0.401029
0.3908
0.392382
0.4057
0.410961
0.401804
0.383808
0.372688
0.368819
0.347585
0.350084
0.346368
0.359545
0.350395
0.343714
0.35262
0.366508
0.377498
0.379952
0.389242
0.393699
0.398674
0.399056
0.401332
0.394223
0.377481
0.384685
0.385161
0.421123
0.402627
0.393887
0.370937
0.373718
0.382395
0.383338
0.360209
0.355142
0.385023
0.367462
0.352613
0.346035
0.359345
0.366663
0.385081
0.401078
0.388283
0.364992
0.355148
0.353677
0.34848
0.34596
0.347195
0.35385
0.36165
0.389022
0.413949
0.453964
0.4277
0.464291
0.456315
0.426912
0.454964
0.442638
0.463683
0.416602
0.454771
0.445354
0.408764
0.397428
0.398531
0.390267
0.404847
0.399052
0.380483
0.3869
0.397354
0.392681
0.410256
0.432262
0.365814
0.408849
0.403192
0.39544
0.396321
0.405712
0.382834
0.391628
0.388613
0.382991
0.408976
0.424559
0.40487
0.394636
0.408091
0.372723
0.387409
0.405032
0.397979
0.362103
0.347914
0.358564
0.37934
0.398942
0.387625
0.402378
0.414867
0.391913
0.407234
0.406143
0.391427
0.383285
0.392067
0.37584
0.361859
0.376616
0.424521
0.388219
0.384536
0.403285
0.401803
0.416625
0.40603
0.411229
0.389403
0.414801
0.411783
0.41352
0.448306
0.440102
0.430355
0.448975
0.462376
0.396675
0.434685
0.410864
0.449913
0.415136
0.481448
0.473555
0.443815
0.431098
0.432638
0.437413
0.430713
0.435483
0.415942
0.429564
0.454195
0.458013
0.447498
0.40806
0.385155
0.402697
0.380171
0.387634
0.361317
0.350254
0.347117
0.354152
0.36314
0.375818
0.425411
0.387295
0.389046
0.38821
0.411097
0.448064
0.408714
0.413799
0.42102
0.423411
0.425598
0.373407
0.384798
0.405963
0.41574
0.415684
0.441593
0.454131
0.499791
0.438132
0.405413
0.376739
0.404316
0.418067
0.418154
0.38706
0.368521
0.376409
0.39364
0.405408
0.44013
0.427854
0.415008
0.494974
0.446265
0.400426
0.442685
0.41865
0.496668
0.435666
0.442772
0.408474
0.468055
0.477174
0.473847
0.52344
0.518583
0.50414
0.528014
0.501321
0.517111
0.499513
0.494197
0.468183
0.48337
0.473496
0.543029
0.54847
0.561062
0.534716
0.526691
0.554268
0.593356
0.589664
0.558042
0.49127
0.441387
0.472206
0.474096
0.431581
0.397529
0.417736
0.458302
0.422929
0.387067
0.391515
0.42637
0.451105
0.449849
0.412339
0.437924
0.424237
0.407411
0.362324
0.364115
0.366232
0.385313
0.406609
0.43068
0.454737
0.455022
0.44283
0.441783
0.443887
0.426271
0.431247
0.425614
0.380233
0.409115
0.39537
0.405307
0.401262
0.40301
0.385516
0.355562
0.375883
0.375841
0.386623
0.43294
0.384178
0.404878
0.401061
0.414103
0.3893
0.419439
0.407515
0.375566
0.388237
0.409723
0.400714
0.397671
0.386657
0.406065
0.426488
0.428014
0.439971
0.428227
0.424371
0.386747
0.414789
0.38817
0.398953
0.408889
0.418963
0.392288
0.428486
0.434447
0.395241
0.385231
0.376208
0.405963
0.40227
0.392648
0.425239
0.498265
0.435105
0.438688
0.426456
0.421479
0.415567
0.415136
0.424148
0.442154
0.456611
0.410625
0.437099
0.454265
0.448889
0.413026
0.411734
0.400954
0.369262
0.367457
0.362315
0.374974
0.366045
0.356049
0.355288
0.341891
0.347673
0.339512
0.344977
0.351883
0.353001
0.355906
0.377719
0.3839
0.382642
0.39512
0.387297
0.379615
0.377808
0.374826
0.388115
0.409163
0.39673
0.396064
0.382491
0.35675
0.350177
0.354838
0.357078
0.360659
0.360956
0.392999
0.409238
0.431287
0.461056
0.485096
0.463249
0.489618
0.498636
0.514341
0.452874
0.398525
0.402258
0.462126
0.38072
0.407541
0.457117
0.418247
0.39949
0.395002
0.444445
0.469696
0.468174
0.484579
0.511896
0.410141
0.440104
0.444031
0.370741
0.35891
0.37726
0.374435
0.370728
0.371361
0.43087
0.399249
0.387942
0.40074
0.474909
0.442045
0.430351
0.386413
0.387338
0.368486
0.396213
0.389566
0.377442
0.384022
0.40125
0.39538
0.411896
0.405366
0.433172
0.415471
0.405603
0.387425
0.415582
0.411423
0.422096
0.417867
0.482868
0.484352
0.442314
0.380893
0.411839
0.429798
0.438544
0.488298
0.458086
0.451089
0.478511
0.457775
0.459741
0.467883
0.420326
0.413668
0.385576
0.376484
0.377319
0.399152
0.37519
0.369219
0.371272
0.377893
0.390413
0.412575
0.4343
0.412445
0.398256
0.408903
0.402515
0.443134
0.440192
0.405999
0.440483
0.386116
0.34628
0.416496
0.418398
0.427613
0.444427
0.399967
0.414826
0.463518
0.472645
0.411769
0.417447
0.421628
0.438472
0.45871
0.447632
0.425866
0.458385
0.487171
0.484775
0.45447
0.426678
0.429033
0.438907
0.443772
0.436233
0.454755
0.439723
0.434738
0.470347
0.462891
0.466492
0.480892
0.50273
0.549932
0.568354
0.520895
0.534421
0.57277
0.566679
0.559955
0.517625
0.541666
0.471819
0.431138
0.405912
0.36741
0.397745
0.388222
0.450615
0.37581
0.419781
0.432255
0.438746
0.436975
0.42995
0.382391
0.438358
0.425104
0.447042
0.436116
0.420232
0.422102
0.396302
0.416165
0.390916
0.411355
0.408191
0.375149
0.389712
0.428103
0.48584
0.413516
0.437936
0.412347
0.447177
0.424616
0.404027
0.380124
0.364911
0.365223
0.363052
0.364445
0.35531
0.355871
0.35104
0.349097
0.355921
0.360582
0.367175
0.392445
0.399778
0.359943
0.371328
0.359957
0.373783
0.387787
0.377353
0.360384
0.398641
0.43197
0.391309
0.408283
0.432347
0.44755
0.397377
0.421701
0.421279
0.429022
0.383563
0.36065
0.347045
0.353001
0.351774
0.36266
0.37126
0.370088
0.362323
0.369643
0.367162
0.374538
0.390074
0.402678
0.419638
0.477704
0.493667
0.474123
0.443168
0.474946
0.439119
0.483579
0.445868
0.380335
0.376567
0.35383
0.392788
0.373646
0.372554
0.36397
0.354656
0.372956
0.446222
0.454125
0.38097
0.389811
0.404621
0.410256
0.390699
0.453201
0.492869
0.53362
0.458543
0.497824
0.403456
0.493821
0.538041
0.538861
0.5093
0.525765
0.496928
0.495906
0.509867
0.489636
0.477299
0.505714
0.508314
0.515592
0.504364
0.510904
0.478743
0.452998
0.493966
0.432993
0.454893
0.422302
0.423953
0.453187
0.487563
0.443653
0.450586
0.448758
0.406109
0.43779
0.420314
0.443776
0.409899
0.382604
0.371365
0.360526
0.355381
0.360852
0.387221
0.401742
0.386181
0.365662
0.364896
0.365927
0.394467
0.393725
0.421547
0.385262
0.375159
0.377843
0.361144
0.352002
0.376389
0.364038
0.349217
0.352479
0.373703
0.388821
0.407283
0.392657
0.409006
0.405361
0.414312
0.395848
0.382123
0.386887
0.361099
0.358068
0.354077
0.354915
0.351712
0.346075
0.353281
0.381099
0.377487
0.378285
0.387139
0.400599
0.372053
0.374393
0.372753
0.356759
0.361739
0.350917
0.37055
0.367376
0.37248
0.385828
0.410077
0.393095
0.38607
0.382241
0.393387
0.393435
0.403253
0.416855
0.424043
0.429781
0.421606
0.440843
0.455593
0.394041
0.409656
0.428575
0.446052
0.465081
0.445843
0.499627
0.45405
0.467292
0.48621
0.501948
0.462825
0.469617
0.415949
0.416745
0.390364
0.427205
0.442128
0.417464
0.376019
0.425902
0.462183
0.414957
0.477706
0.457965
0.404542
0.376837
0.397105
0.446128
0.39175
0.43341
0.451872
0.422729
0.43336
0.430093
0.424071
0.411561
0.425931
0.464451
0.470334
0.454847
0.466312
0.431683
0.403689
0.451874
0.473599
0.484507
0.494406
0.432975
0.426932
0.434248
0.435141
0.452573
0.494828
0.500672
0.391593
0.441772
0.435276
0.40708
0.41604
0.387022
0.370244
0.364715
0.412242
0.420251
0.425175
0.437628
0.410681
0.40584
0.389605
0.376972
0.373058
0.382711
0.362241
0.355031
0.355465
0.355594
0.363881
0.39008
0.394354
0.368606
0.363128
0.359815
0.37229
0.381091
0.373905
0.373346
0.348213
0.368832
0.391261
0.388542
0.390537
0.394885
0.38679
0.3949
0.400412
0.355944
0.374934
0.384201
0.390406
0.396723
0.438456
0.416477
0.429542
0.407083
0.400337
0.365252
0.371686
0.409919
0.388705
0.363532
0.373794
0.367481
0.364426
0.361411
0.362427
0.385814
0.397385
0.392804
0.361661
0.38012
0.368376
0.368219
0.395384
0.379715
0.39086
0.384194
0.405365
0.466785
0.408846
0.486469
0.461496
0.482431
0.425423
0.42355
0.443354
0.485988
0.487449
0.487005
0.47579
0.475791
0.463149
0.383572
0.39378
0.473895
0.464935
0.482178
0.467518
0.4214
0.381616
0.371099
0.361311
0.352744
0.348202
0.348786
0.365215
0.368871
0.396319
0.388792
0.377174
0.399566
0.421466
0.383443
0.395713
0.398294
0.384566
0.381812
0.404365
0.394827
0.406698
0.402556
0.395978
0.380058
0.384915
0.371493
0.3797
0.376043
0.357314
0.353492
0.345558
0.354274
0.350727
0.354071
0.393359
0.390142
0.392048
0.376455
0.357755
0.355913
0.345224
0.377461
0.372531
0.36283
0.360149
0.345735
0.356066
0.359151
0.374695
0.364302
0.355268
0.341298
0.345734
0.345403
0.351708
0.346049
0.342291
0.355899
0.355499
0.365822
0.371383
0.391504
0.371512
0.35172
0.353529
0.36315
0.381191
0.398159
0.39982
0.41317
0.425287
0.410458
0.412582
0.414578
0.423683
0.388048
0.384651
0.384339
0.391371
0.417544
0.384513
0.363299
0.396267
0.400145
0.39154
0.404718
0.384499
0.401086
0.387075
0.41585
0.419226
0.43415
0.405205
0.415281
0.429462
0.411684
0.418112
0.440136
0.449738
0.464034
0.452545
0.497705
0.439376
0.458936
0.488551
0.444391
0.434281
0.442683
0.504469
0.481297
0.440183
0.444753
0.421534
0.424338
0.422856
0.459631
0.470612
0.445545
0.427031
0.423535
0.440721
0.43758
0.489429
0.462938
0.479278
0.502447
0.450975
0.49108
0.470465
0.45646
0.53321
0.502781
0.447938
0.414605
0.40306
0.40552
0.418974
0.41584
0.447496
0.458679
0.420539
0.452797
0.466707
0.483559
0.511101
0.51025
0.580841
0.462612
0.411427
0.41289
0.41727
0.439934
0.418306
0.423321
0.418715
0.39052
0.398202
0.407073
0.415418
0.434858
0.424126
0.416402
0.416472
0.403194
0.43947
0.4264
0.434228
0.409749
0.407191
0.424669
0.416797
0.42417
0.443925
0.403132
0.390607
0.394648
0.398562
0.392032
0.386682
0.391171
0.366747
0.353754
0.406316
0.388851
0.393785
0.366396
0.355645
0.361973
0.380677
0.383156
0.401856
0.427945
0.402513
0.39988
0.380715
0.399642
0.400863
0.387602
0.404336
0.418524
0.414864
0.434191
0.394594
0.402192
0.381394
0.387542
0.401565
0.392914
0.391516
0.412869
0.400108
0.39553
0.418053
0.406649
0.418943
0.414836
0.407079
0.359991
0.358245
0.357891
0.343977
0.34339
0.341304
0.339198
0.34816
0.344364
0.344598
0.357837
0.380306
0.372161
0.374223
0.376817
0.358182
0.345538
0.345965
0.335905
0.341424
0.348956
0.339937
0.343048
0.343245
0.345132
0.353998
0.345723
0.350977
0.347003
0.345742
0.334272
0.338394
0.342874
0.34589
0.341454
0.342586
0.35222
0.366205
0.37829
0.395426
0.3801
0.376005
0.373099
0.385841
0.375535
0.368145
0.390558
0.374167
0.37452
0.37298
0.375167
0.373417
0.382507
0.381573
0.353825
0.347883
0.344013
0.339603
0.343336
0.347583
0.348486
0.344886
0.35045
0.349582
0.340095
0.345933
0.341802
0.342306
0.348079
0.345554
0.339294
0.346756
0.351965
0.361873
0.367662
0.364056
0.356477
0.355067
0.368722
0.362859
0.379293
0.402915
0.423475
0.40001
0.381619
0.381116
0.398794
0.406122
0.438781
0.44364
0.432109
0.432349
0.409427
0.42983
0.385487
0.36505
0.376029
0.394235
0.380886
0.357931
0.358593
0.360139
0.358014
0.374141
0.397339
0.400031
0.377838
0.372397
0.376115
0.380825
0.404273
0.420711
0.462505
0.45164
0.464998
0.481414
0.459518
0.520011
0.497086
0.514765
0.40868
0.404849
0.370311
0.437935
0.437692
0.412822
0.380446
0.440127
0.465156
0.45701
0.480987
0.420545
0.385922
0.374195
0.371105
0.347885
0.347696
0.341749
0.35371
0.358979
0.356567
0.367573
0.379937
0.374867
0.409011
0.391812
0.392214
0.378406
0.375126
0.401496
0.420532
0.423144
0.42259
0.380068
0.39079
0.393785
0.366974
0.382767
0.37326
0.382777
0.392393
0.369181
0.349598
0.341694
0.351775
0.34349
0.346869
0.343914
0.346517
0.347027
0.367252
0.382249
0.376379
0.358342
0.349187
0.341423
0.361542
0.351436
0.356326
0.369717
0.410142
0.420715
0.392929
0.408074
0.405588
0.407597
0.384262
0.399057
0.386775
0.400644
0.422644
0.410214
0.407022
0.405273
0.407436
0.387722
0.392302
0.397535
0.401073
0.393797
0.393883
0.377435
0.384303
0.40913
0.410643
0.382004
0.367621
0.390038
0.417534
0.415214
0.454743
0.440096
0.397432
0.406939
0.36388
0.401059
0.420868
0.395172
0.476044
0.438217
0.45049
0.418694
0.41269
0.40997
0.404365
0.419691
0.462957
0.434661
0.451259
0.464864
0.451541
0.452759
0.417153
0.461138
0.480807
0.460988
0.444886
0.424139
0.389023
0.383875
0.379818
0.375603
0.371423
0.408221
0.387465
0.357092
0.357761
0.349197
0.356234
0.35779
0.360419
0.380355
0.36635
0.355176
0.36842
0.380166
0.402782
0.405328
0.41049
0.442114
0.42279
0.459253
0.43577
0.448501
0.414089
0.481286
0.484662
0.404111
0.468851
0.455411
0.450965
0.470739
0.460365
0.429886
0.425056
0.417328
0.419309
0.40795
0.469614
0.499599
0.462987
0.515641
0.466662
0.469774
0.463559
0.480887
0.500064
0.479645
0.513925
0.545922
0.560283
0.568138
0.445254
0.414607
0.427288
0.419171
0.406437
0.448704
0.435525
0.421014
0.391518
0.390831
0.432463
0.419801
0.424451
0.407067
0.409499
0.415584
0.440011
0.422555
0.455575
0.424018
0.432318
0.421195
0.463509
0.43209
0.42367
0.411509
0.403427
0.415538
0.415941
0.40327
0.386406
0.365684
0.36313
0.377667
0.373478
0.36977
0.384565
0.405631
0.392504
0.402169
0.484854
0.474387
0.444788
0.477912
0.440158
0.418661
0.425278
0.45333
0.403516
0.417195
0.448387
0.411742
0.376348
0.35937
0.378079
0.399323
0.389557
0.388462
0.371148
0.378672
0.406516
0.405033
0.414497
0.41627
0.419476
0.403477
0.385777
0.374965
0.357176
0.382677
0.406915
0.397231
0.369452
0.375439
0.427806
0.402961
0.418106
0.406013
0.425466
0.406406
0.405602
0.421025
0.40123
0.38742
0.434299
0.441879
0.422771
0.440891
0.42212
0.478856
0.44494
0.460901
0.461528
0.470445
0.391232
0.431081
0.468707
0.423902
0.457215
0.478218
0.447986
0.411745
0.421094
0.414124
0.426987
0.406932
0.453139
0.503671
0.494317
0.498051
0.487273
0.423179
0.38385
0.414775
0.485294
0.494248
0.464743
0.45786
0.419458
0.425345
0.443185
0.442736
0.392181
0.427465
0.46321
0.441977
0.416572
0.400729
0.445261
0.45847
0.416571
0.430071
0.388212
0.383085
0.394023
0.452731
0.453657
0.454822
0.484592
0.477929
0.435502
0.456232
0.402824
0.439926
0.449642
0.444135
0.407133
0.387028
0.392365
0.38001
0.374328
0.409349
0.396716
0.375428
0.381159
0.418539
0.441492
0.429939
0.410631
0.458234
0.439293
0.471346
0.43553
0.542728
0.607185
0.608919
0.547128
0.555695
0.544038
0.487329
0.477694
0.515105
0.520422
0.462116
0.438903
0.412512
0.41117
0.416654
0.403487
0.427099
0.47518
0.436723
0.419675
0.448288
0.474404
0.505144
0.459265
0.467506
0.436954
0.415926
0.412052
0.446185
0.472938
0.454994
0.479775
0.464295
0.427235
0.443502
0.421595
0.462408
0.449309
0.441169
0.442141
0.417721
0.437625
0.44951
0.445582
0.43033
0.446091
0.454795
0.439948
0.434334
0.44017
0.41419
0.409415
0.42253
0.46688
0.48624
0.48059
0.500149
0.493622
0.48671
0.500097
0.513092
0.50516
0.416112
0.404532
0.422948
0.422867
0.425695
0.415011
0.401229
0.417306
0.392001
0.432075
0.433666
0.435584
0.502537
0.452175
0.464826
0.442282
0.403043
0.390976
0.400646
0.39951
0.400077
0.438852
0.419849
0.444917
0.438431
0.436718
0.453497
0.481719
0.505494
0.463269
0.44228
0.382121
0.365861
0.374689
0.35837
0.359752
0.363247
0.371098
0.367256
0.360246
0.362792
0.367255
0.374506
0.397443
0.426223
0.468194
0.475161
0.497304
0.512855
0.472748
0.453856
0.448005
0.440954
0.476618
0.472259
0.421296
0.436004
0.397407
0.427182
0.435491
0.401984
0.430214
0.449505
0.472864
0.396959
0.365167
0.368108
0.407402
0.430517
0.420982
0.431467
0.435054
0.415708
0.41186
0.418713
0.480148
0.47008
0.416638
0.416718
0.42313
0.470612
0.492761
0.492881
0.560482
0.511423
0.485578
0.483599
0.499569
0.531977
0.563445
0.591483
0.537232
0.511241
0.499628
0.523843
0.514819
0.502684
0.469354
0.479621
0.457538
0.492076
0.493505
0.500089
0.447314
0.460792
0.475288
0.468269
0.520228
0.50353
0.457324
0.480079
0.43412
0.470856
0.421979
0.432426
0.43044
0.409424
0.401986
0.417895
0.396524
0.405822
0.412036
0.407658
0.439806
0.425403
0.442448
0.501289
0.523304
0.515451
0.456153
0.494637
0.473014
0.427656
0.44253
0.463375
0.45137
0.403871
0.435866
0.468222
0.450444
0.491263
0.45534
0.423743
0.409687
0.455392
0.429182
0.448288
0.450429
0.418044
0.451691
0.437478
0.444537
0.464224
0.426804
0.438846
0.469158
0.473769
0.415494
0.450812
0.515547
0.491336
0.477888
0.473833
0.465626
0.399498
0.4894
0.50476
0.485276
0.469485
0.48089
0.517982
0.470318
0.510624
0.49036
0.447158
0.424999
0.444691
0.448544
0.446702
0.464856
0.464682
0.475674
0.520206
0.499285
0.430665
0.42038
0.377144
0.369759
0.353369
0.360822
0.366785
0.37695
0.39587
0.401613
0.397935
0.436321
0.448463
0.478354
0.457797
0.42664
0.42502
0.413501
0.430653
0.402962
0.41714
0.390576
0.417916
0.448813
0.389153
0.482207
0.462728
0.436755
0.445501
0.417304
0.404853
0.458224
0.437864
0.434532
0.455792
0.403621
0.377079
0.385699
0.374373
0.37099
0.375509
0.387059
0.453578
0.465015
0.493611
0.491787
0.510241
0.519203
0.496489
0.533244
0.506504
0.495709
0.512499
0.481013
0.526708
0.500039
0.539217
0.505052
0.558812
0.571464
0.558617
0.528548
0.42357
0.419968
0.367976
0.361064
0.381263
0.411024
0.415856
0.408249
0.370317
0.383901
0.391558
0.40524
0.397457
0.411357
0.429189
0.391873
0.429622
0.430302
0.401781
0.435107
0.432967
0.408275
0.409895
0.446659
0.438061
0.432626
0.449223
0.418239
0.39592
0.391819
0.409653
0.433315
0.389065
0.446539
0.432083
0.412253
0.414321
0.390739
0.393318
0.391844
0.408231
0.375413
0.373726
0.371308
0.352777
0.343636
0.34811
0.347308
0.361137
0.373652
0.410015
0.396338
0.373249
0.353508
0.357403
0.362876
0.381652
0.408814
0.406983
0.428867
0.389663
0.48542
0.402644
0.370168
0.36509
0.368862
0.369007
0.355779
0.353749
0.369803
0.378199
0.376074
0.359015
0.36303
0.3583
0.383988
0.408381
0.431482
0.427707
0.469882
0.413132
0.442029
0.445652
0.47884
0.432248
0.434584
0.438967
0.43666
0.413319
0.398702
0.379804
0.378266
0.360054
0.369958
0.386818
0.377336
0.38771
0.380504
0.393138
0.374444
0.426417
0.430883
0.436076
0.435368
0.426872
0.424979
0.366024
0.355885
0.378987
0.411817
0.390161
0.413964
0.41971
0.387601
0.373602
0.35536
0.343345
0.351533
0.34268
0.342258
0.354525
0.347535
0.356471
0.352346
0.354631
0.378171
0.394874
0.376011
0.351747
0.349787
0.366392
0.370051
0.362368
0.412181
0.434539
0.402622
0.42526
0.405663
0.448419
0.453162
0.4132
0.411788
0.459568
0.451801
0.514427
0.485899
0.525009
0.596652
0.589501
0.577471
0.551116
0.535888
0.561808
0.548905
0.546478
0.535714
0.51676
0.514099
0.504863
0.459043
0.520807
0.523462
0.508609
0.45516
0.433203
0.510683
0.527364
0.525493
0.490932
0.443906
0.47716
0.531831
0.471908
0.532399
0.492522
0.472064
0.478692
0.490209
0.500546
0.526646
0.521973
0.535553
0.551647
0.531744
0.490715
0.412023
0.401712
0.402528
0.421172
0.39955
0.420915
0.417465
0.409238
0.387613
0.422773
0.425927
0.450152
0.490612
0.458087
0.460785
0.43264
0.438977
0.431951
0.44094
0.492966
0.505188
0.438478
0.446505
0.493516
0.512922
0.512691
0.42027
0.432205
0.414084
0.508854
0.520475
0.50407
0.464929
0.469821
0.512139
0.483133
0.473426
0.539441
0.439209
0.43743
0.471605
0.403551
0.49735
0.532374
0.522883
0.47144
0.494877
0.51715
0.49388
0.4977
0.527312
0.51879
0.536636
0.512867
0.514198
0.485839
0.437792
0.436984
0.452129
0.442846
0.487922
0.50893
0.469599
0.550151
0.46975
0.454569
0.444087
0.442004
0.464323
0.500749
0.441299
0.483577
0.440402
0.451549
0.446639
0.466228
0.449258
0.479899
0.438451
0.450304
0.428668
0.433157
0.386836
0.386204
0.365704
0.37549
0.37661
0.3927
0.399531
0.383971
0.408061
0.394194
0.38089
0.393606
0.382846
0.392326
0.397192
0.388964
0.367279
0.381611
0.388764
0.390788
0.415585
0.394897
0.441021
0.455276
0.41968
0.419052
0.440607
0.423557
0.415337
0.42696
0.41782
0.394407
0.424158
0.444449
0.445043
0.433084
0.461473
0.47999
0.447265
0.40638
0.482853
0.471812
0.497019
0.48515
0.468144
0.439721
0.461539
0.452257
0.453457
0.494674
0.476533
0.476386
0.453951
0.460666
0.460517
0.427363
0.392481
0.408331
0.449068
0.437667
0.424381
0.416537
0.426577
0.455049
0.462983
0.463487
0.452847
0.436344
0.466072
0.473833
0.448534
0.454147
0.477287
0.482204
0.463774
0.469537
0.473671
0.496526
0.468686
0.471267
0.450811
0.409678
0.403761
0.431246
0.426493
0.395725
0.381429
0.37587
0.400958
0.456281
0.4818
0.497408
0.475415
0.456966
0.457007
0.469215
0.427391
0.425865
0.452956
0.506762
0.54144
0.585917
0.555529
0.581973
0.540783
0.396624
0.373269
0.424243
0.362432
0.373032
0.378535
0.362228
0.35131
0.363833
0.399694
0.381849
0.349763
0.356959
0.346132
0.348875
0.353021
0.352943
0.342538
0.350985
0.350263
0.344022
0.349521
0.358068
0.349143
0.360866
0.387811
0.397662
0.380832
0.366759
0.361971
0.36258
0.383625
0.398006
0.388066
0.367769
0.365841
0.421735
0.441822
0.444669
0.425167
0.452932
0.422016
0.437823
0.439106
0.409308
0.413063
0.459957
0.457493
0.408302
0.435672
0.415491
0.439834
0.423243
0.435399
0.40658
0.412564
0.462316
0.493897
0.49626
0.49983
0.512529
0.518142
0.538366
0.517719
0.527681
0.510211
0.477572
0.411949
0.414401
0.464459
0.482031
0.479891
0.477001
0.53497
0.542911
0.494302
0.485305
0.509767
0.458306
0.455433
0.499002
0.511577
0.49331
0.474406
0.477656
0.453805
0.441061
0.465982
0.450852
0.48886
0.404643
0.417611
0.478949
0.47915
0.464306
0.490563
0.472187
0.464011
0.445161
0.456558
0.433447
0.442215
0.406845
0.419739
0.478638
0.431328
0.49007
0.487659
0.544289
0.532028
0.504226
0.495604
0.528673
0.463779
0.435279
0.448061
0.505001
0.483865
0.517123
0.503259
0.513
0.47985
0.510217
0.510364
0.489944
0.505839
0.534288
0.499101
0.465804
0.449628
0.528095
0.499395
0.503767
0.549082
0.539381
0.485921
0.481606
0.448989
0.417248
0.432881
0.377878
0.372737
0.37721
0.382822
0.395725
0.412487
0.398093
0.391272
0.385839
0.398052
0.441472
0.468918
0.400831
0.39096
0.391063
0.388506
0.393961
0.415678
0.409018
0.400508
0.377429
0.384127
0.398613
0.396727
0.416253
0.414069
0.42233
0.412685
0.416702
0.432639
0.433101
0.414518
0.389747
0.374885
0.372957
0.40518
0.371881
0.384037
0.418222
0.424909
0.405902
0.400804
0.367637
0.369376
0.359607
0.359015
0.369117
0.362583
0.364662
0.362183
0.362935
0.385614
0.399943
0.392157
0.364285
0.353158
0.362447
0.35658
0.358421
0.360189
0.364586
0.371238
0.36343
0.35649
0.381654
0.393253
0.388313
0.392604
0.409533
0.455809
0.498004
0.440992
0.417856
0.423918
0.390202
0.386131
0.373485
0.395189
0.397108
0.420595
0.394605
0.39011
0.39393
0.420298
0.44349
0.439113
0.431803
0.474862
0.499722
0.414421
0.404507
0.400399
0.396023
0.397568
0.411659
0.437417
0.461624
0.422589
0.426836
0.420859
0.399346
0.392613
0.388217
0.398695
0.383903
0.385688
0.392874
0.385119
0.396102
0.399331
0.387916
0.388765
0.421527
0.38218
0.38087
0.371918
0.388478
0.40052
0.470406
0.456467
0.398138
0.423507
0.409848
0.453356
0.451483
0.413405
0.412471
0.381364
0.399878
0.414075
0.387102
0.38954
0.390686
0.38035
0.393657
0.391542
0.395937
0.371202
0.366895
0.366031
0.372315
0.371977
0.372958
0.359909
0.359173
0.361799
0.361492
0.360467
0.360017
0.361
0.36958
0.370881
0.369891
0.355517
0.360015
0.361025
0.359679
0.355553
0.352125
0.360671
0.356547
0.362106
0.362469
0.361542
0.359019
0.364291
0.364432
0.360165
0.357748
0.355864
0.364407
0.371055
0.368298
0.377019
0.380048
0.368118
0.359521
0.358106
0.365899
0.393711
0.418813
0.416111
0.388454
0.408845
0.405037
0.397658
0.42037
0.402789
0.380171
0.366074
0.37557
0.375622
0.382764
0.440202
0.409884
0.369199
0.37272
0.394798
0.406965
0.397463
0.394285
0.381777
0.394983
0.393972
0.378519
0.367374
0.369948
0.353852
0.383376
0.428116
0.364793
0.366696
0.375511
0.375564
0.404666
0.421886
0.43677
0.446451
0.408944
0.407235
0.368347
0.363856
0.36709
0.379206
0.390923
0.41403
0.378198
0.365936
0.36432
0.363475
0.355703
0.360226
0.353846
0.350773
0.377325
0.389933
0.427023
0.454198
0.399151
0.393908
0.39244
0.387249
0.395725
0.41555
0.406899
0.397515
0.417844
0.421488
0.41454
0.412522
0.41161
0.401339
0.399305
0.382823
0.380819
0.390634
0.391585
0.398953
0.392209
0.388287
0.379929
0.381554
0.370331
0.37217
0.371954
0.360113
0.369268
0.375253
0.386112
0.374204
0.365442
0.372205
0.385653
0.388059
0.393495
0.427319
0.42762
0.435639
0.432037
0.416822
0.405622
0.403626
0.467406
0.544344
0.515891
0.504507
0.390559
0.395972
0.485776
0.481613
0.419421
0.360215
0.356238
0.362632
0.360348
0.359534
0.394785
0.405314
0.416309
0.395953
0.418081
0.405348
0.431748
0.413055
0.404881
0.406998
0.419156
0.381601
0.389664
0.388189
0.389242
0.383095
0.396543
0.381056
0.36935
0.384707
0.393792
0.395569
0.381142
0.392785
0.383865
0.397009
0.390951
0.39111
0.404761
0.402948
0.39801
0.38254
0.375084
0.416127
0.39471
0.411443
0.377792
0.397228
