0.470279
0.568209
0.582188
0.56167
0.477053
0.475794
0.515076
0.47671
0.446892
0.500576
0.480854
0.501164
0.464543
0.457086
0.438785
0.490872
0.491196
0.510034
0.490029
0.48599
0.472402
0.453771
0.502131
0.468305
0.463007
0.479404
0.481592
0.492808
0.454543
0.471749
0.478576
0.477588
0.469886
0.463012
0.447319
0.434086
0.466122
0.48019
0.459326
0.450675
0.441541
0.474192
0.42043
0.470341
0.469403
0.438958
0.453819
0.444156
0.435655
0.383801
0.397477
0.402472
0.422778
0.47237
0.472902
0.431835
0.399003
0.408907
0.410146
0.41476
0.379588
0.403814
0.408212
0.397576
0.407361
0.402604
0.377531
0.400622
0.391083
0.367612
0.370809
0.368358
0.347572
0.350763
0.362411
0.373914
0.38446
0.38629
0.38168
0.355867
0.351833
0.367837
0.361163
0.374095
0.377912
0.399113
0.37419
0.396998
0.374111
0.391445
0.391468
0.399738
0.397378
0.403974
0.415361
0.397378
0.371023
0.358595
0.356909
0.373291
0.385723
0.377403
0.348793
0.348489
0.351443
0.342919
0.351314
0.371339
0.392422
0.438716
0.472244
0.399612
0.433748
0.419431
0.414443
0.404621
0.421447
0.420161
0.383035
0.4063
0.408599
0.409263
0
0
0
0
0
0
0
0
0
0
0
0
0
0
0
0
0
0
0
0.398186
0.416429
0.4058
0.432164
0.413474
0.417353
0.415555
0.438691
0.454725
0.423628
0.438889
0.461721
0.481394
0.495707
0.442469
0.401071
0.385983
0.447912
0.45794
0.411997
0.38208
0.384672
0.417936
0.405323
0.422557
0.406607
0.385836
0.37719
0.393386
0.383355
0.390433
0.385205
0.424691
0.390159
0.405762
0.405016
0.40487
0.408806
0.437563
0.421137
0.410239
0.399385
0.388269
0.36626
0.36013
0.344894
0.340249
0.33571
0.343438
0.352144
0.370387
0.349097
0.340961
0.345598
0.355024
0.368307
0.359947
0.407487
0.486164
0.460076
0.468898
0.465622
0.473154
0.450159
0.407566
0.433357
0.417658
0.41376
0.420402
0.424808
0.412231
0.409008
0.373923
0.361836
0.379315
0.384102
0.375322
0.39822
0.392391
0.406416
0.43676
0.427923
0.399233
0.467536
0.41975
0.505495
0.439793
0.444946
0.425604
0.418379
0.407356
0.424027
0.434298
0.427024
0.394341
0.37838
0.371119
0.402286
0.391315
0.40865
0.392985
0.41883
0.440717
0.413402
0.419373
0.381567
0.423306
0.440525
0.466751
0.442267
0.468216
0.385262
0.401962
0.401955
0.409586
0.438695
0.446474
0.488611
0.44784
0.405429
0.356256
0.378209
0.417148
0.425308
0.387353
0.389264
0.412364
0.44508
0.390812
0.37222
0.443277
0.421345
0.450449
0.465306
0.459156
0.430728
0.43593
0.428276
0.420845
0.401468
0.404539
0.373064
0.356239
0.392405
0.402036
0.420453
0.393792
0.369412
0.373509
0.437555
0.437735
0.400029
0.432071
0.434494
0.454055
0.403583
0.376514
0.358597
0.352084
0.359775
0.380394
0.407238
0.397274
0.374996
0.355586
0.366521
0.380408
0.425111
0.411116
0.410625
0.377025
0.416676
0.430973
0.393643
0.386113
0.397182
0.415088
0.444881
0.453157
0.40037
0.443276
0.458081
0.397604
0.360796
0.349793
0.351905
0.383076
0.387784
0.35649
0.350499
0.357467
0.394506
0.468411
0.426821
0.42254
0.420312
0.40833
0.366282
0.419408
0
0
0.401471
0.441677
0.487161
0.412265
0.433474
0.407616
0.438596
0.432482
0.401627
0.36144
0.395749
0.432973
0.419466
0.38284
0.409078
0.458034
0.437926
0.432282
0.422114
0.440748
0.402716
0.370232
0.36087
0.368947
0.408749
0.44866
0.434551
0.481696
0.423393
0.361826
0.376473
0.374699
0.376549
0.449464
0.470731
0.426562
0.445668
0.455792
0.403262
0.400193
0.420681
0.402827
0.412583
0.383095
0.374835
0.368241
0.354678
0.349024
0.352461
0.363092
0.378164
0.364003
0.352625
0.369876
0.371001
0.40632
0.378686
0.389698
0.399289
0.381797
0.359677
0.349514
0.359025
0.370551
0.387968
0.408808
0.386449
0.380918
0.364495
0.354313
0.362274
0.365171
0.361114
0.36099
0.3885
0.393971
0.391147
0.407454
0.412099
0.407344
0.402782
0.396108
0.40076
0.397446
0.389412
0.379678
0.366729
0.361171
0.369919
0.374636
0.354269
0.34271
0.349925
0.365559
0.358661
0.351776
0.38087
0.392071
0.374624
0.342332
0.342039
0.349514
0.384319
0.393421
0.38862
0.364648
0.397739
0.412234
0.418598
0.398057
0.405969
0.37486
0.422037
0.397629
0.414375
0.367889
0.370004
0.361
0.34613
0.362668
0.358287
0.383688
0.410698
0.434154
0.472472
0.470921
0.442807
0.384263
0.392522
0.400959
0.412339
0.386548
0.372354
0.400002
0.395637
0.38381
0.411797
0.445144
0.463618
0.473679
0.428828
0.450625
0.468066
0.444623
0.482664
0.486533
0.494686
0.525238
0.505164
0.369372
0.36591
0.377393
0.394035
0.409452
0.406959
0.372829
0.381723
0.419408
0.460234
0.478627
0.446459
0.444737
0.506477
0.470255
0.419916
0.414104
0.382336
0.373914
0.374078
0.37793
0.365012
0.368438
0.39941
0.385002
0.38758
0.380623
0.394114
0.373672
0.363915
0.380986
0.402522
0.432641
0.40118
0.382554
0.360834
0.395891
0.423364
0.446169
0.415433
0.415576
0.401494
0.446647
0.424148
0.426501
0.444488
0.453833
0.451341
0.478357
0.49631
0.490246
0.440814
0.494062
0.449429
0.425277
0.414674
0.405486
0.418208
0.436366
0.400491
0.384805
0.402163
0.401305
0.393049
0.406858
0.401768
0.417803
0.387824
0.383828
0.402992
0.37492
0.411925
0.443703
0.412825
0.371269
0.410491
0.355517
0.360437
0.362661
0.350726
0.346504
0.359336
0.357546
0.337731
0.344884
0.342632
0.350833
0.360643
0.360491
0.350928
0.368401
0
0
0
0.371295
0.369824
0.345346
0.349783
0.353892
0.376857
0.376575
0.390872
0.388294
0.375273
0.348536
0.348463
0.357597
0.365432
0.377056
0.387982
0.388618
0.358835
0.377499
0.388899
0.398142
0.387457
0.371083
0.373276
0.369881
0.369622
0.407103
0.401496
0.37893
0.399969
0.455404
0.426104
0.428964
0.465511
0.493888
0.468817
0.47873
0.412646
0.389713
0.385676
0.410832
0.440487
0.426813
0.401773
0.399948
0.416914
0.431657
0.418112
0.420651
0.392164
0.400708
0.365031
0.349208
0.361594
0.359441
0.359312
0.396481
0.391738
0.389557
0.365642
0.380866
0.371282
0.386984
0.400961
0.388386
0.375321
0.390895
0.398637
0.377987
0.354699
0.343242
0.349112
0.345992
0.345406
0.363626
0.365677
0.372637
0.410609
0.394775
0.399934
0.363635
0.355985
0.351364
0.362085
0.404408
0.372491
0.397689
0.374595
0.378769
0.389216
0.417626
0.483214
0.410281
0.43238
0.423451
0.401528
0.383299
0.375981
0.369356
0.372279
0.398662
0.458819
0.458222
0.466967
0.439892
0.43503
0.482357
0.542738
0.491087
0.521189
0.459281
0.446026
0.499459
0.514459
0.525622
0.454358
0.402712
0.376838
0.385638
0.393442
0.390798
0.409859
0.403005
0.400284
0.368238
0.364844
0.376641
0.377974
0.379247
0.389295
0.420321
0.436403
0.3942
0.355273
0.351002
0.345995
0.356684
0.351282
0.346637
0.346171
0.343976
0.353209
0.370829
0.418674
0.407228
0.421624
0.425454
0.406878
0.379399
0.356774
0.358665
0.350647
0.363211
0.385878
0.398151
0.436748
0
0
0.400644
0.403373
0.413004
0.404452
0.39278
0.421353
0.368324
0.346398
0.347564
0.353861
0.355446
0.348278
0.342752
0.34634
0.345455
0.364508
0.370289
0.365566
0.354063
0.378256
0.379189
0.367752
0.375651
0.372906
0.394979
0.408915
0.410235
0.392011
0.36199
0.363558
0.381572
0.409698
0.402072
0.381161
0.372129
0.371453
0.398142
0.399299
0.376966
0.354586
0.351195
0.349576
0.353828
0.374671
0.369377
0.353088
0.356673
0.384114
0.388395
0.370065
0.366554
0.378001
0.367965
0.354978
0.368668
0.36572
0.372923
0.400032
0.385713
0.392827
0.355645
0.391618
0.367615
0.362946
0.341258
0.34532
0.345803
0.381224
0.379469
0.364631
0.381144
0.377527
0.382679
0.360382
0.355059
0.349033
0.372109
0.406311
0.364658
0.351821
0.355026
0.342198
0.346714
0.34568
0.344088
0.345732
0.352645
0.376389
0.418332
0.403068
0.376402
0.365601
0.381999
0.373926
0.391205
0.387037
0.387388
0.38599
0.365132
0.37123
0.406037
0.406558
0.41745
0.385042
0.373847
0.360921
0.356842
0.3772
0.387712
0.356761
0.343269
0.347202
0.370501
0.365577
0.393324
0.35339
0.352001
0.380216
0.393303
0.382342
0.349654
0.359647
0.392213
0.363651
0.360216
0.367203
0.373011
0.349939
0.357278
0.359545
0.378508
0.394275
0.427704
0.43269
0.417366
0.4177
0.391126
0.404535
0.40101
0.416387
0.518385
0.539626
0.453898
0.440913
0.39957
0.419
0.441531
0.406133
0.386441
0.402101
0.439762
0.394564
0.356751
0.376951
0.431873
0.394593
0.415701
0.415328
0.356801
0.349734
0.350826
0.357312
0.353267
0.354768
0.351398
0.349289
0.34913
0.344859
0.348177
0.346983
0.355678
0.414031
0.424367
0.395099
0.398737
0.392792
0.391124
0.398304
0.410103
0.373697
0.382552
0.376802
0.381311
0.404378
0.364526
0.357477
0.366197
0
0
0.375423
0.361229
0.351467
0.380688
0.397837
0.400589
0.413997
0.403368
0.378971
0.37839
0.376592
0.392956
0.401194
0.373181
0.37362
0.370128
0.395381
0.389263
0.395529
0.417507
0.379699
0.389134
0.41053
0.406697
0.407648
0.391172
0.40308
0.412645
0.39536
0.404165
0.417051
0.389958
0.390846
0.370379
0.357618
0.343633
0.349244
0.364569
0.366691
0.363989
0.366139
0.377202
0.349055
0.371395
0.365504
0.372748
0.390522
0.38265
0.367079
0.372899
0.353097
0.350928
0.359082
0.366913
0.356001
0.342804
0.344762
0.366164
0.374248
0.377503
0.372313
0.372946
0.392172
0.401096
0.379634
0.388608
0.388194
0.372193
0.362633
0.38603
0.362364
0.350312
0.376766
0.385293
0.382544
0.383565
0.382167
0.403096
0.37806
0.364242
0.362177
0.385034
0.429744
0.448919
0.462926
0.455564
0.42093
0.417825
0.431382
0.450485
0.458389
0.417007
0.462467
0.411705
0.383375
0.369925
0.404479
0.3929
0.375313
0.433132
0.486744
0.438448
0.403843
0.384587
0.430069
0.417756
0.384852
0.419842
0.413026
0.403764
0.434567
0.380029
0.358834
0.375033
0.362231
0.358852
0.36751
0.383007
0.428921
0.431256
0.448739
0.423527
0.455294
0.467827
0.441481
0.429768
0.469763
0.497793
0.477569
0.482537
0.484926
0.449333
0.430919
0.436576
0.426137
0.454077
0.425541
0.427228
0.429343
0.433835
0.384672
0.371095
0.418539
0.414421
0.394719
0.423831
0.428895
0.433914
0.423146
0.414196
0.400807
0.383662
0.40337
0.412631
0.381828
0.369439
0.402795
0.397339
0.416867
0.409662
0.406155
0.414239
0.456365
0.480527
0.44298
0.491884
0.477354
0.460093
0.454638
0.467386
0.40136
0.437898
0.452148
0.468901
0.451645
0.492027
0.462603
0.389421
0.395334
0.392307
0.356823
0.36345
0.363637
0.378158
0.419379
0.405263
0.360823
0.353321
0.376873
0.378146
0.378553
0
0
0.362082
0.356634
0.358796
0.377203
0.347171
0.345909
0.342952
0.34579
0.351679
0.364494
0.384249
0.369343
0.370653
0.407621
0.365509
0.381057
0.361609
0.365075
0.365678
0.380716
0.359399
0.367172
0.381637
0.379097
0.381393
0.392385
0.386342
0.396589
0.394636
0.420779
0.385378
0.356518
0.352187
0.343581
0.346556
0.355966
0.373774
0.353772
0.388647
0.37874
0.363148
0.340052
0.342535
0.358056
0.389255
0.399597
0.416449
0.422251
0.413733
0.405185
0.405289
0.402908
0.363977
0.382788
0.357221
0.37406
0.375816
0.383195
0.389874
0.35173
0.367267
0.365083
0.363247
0.360414
0.383836
0.3745
0.368405
0.357056
0.362878
0.384731
0.3896
0.377754
0.377591
0.400541
0.390197
0.388119
0.39898
0.408902
0.406862
0.364128
0.350008
0.366958
0.394142
0.396273
0.378385
0.370335
0.37402
0.406848
0.41153
0.442538
0.428012
0.389843
0.369486
0.391574
0.408457
0.392388
0.426499
0.444091
0.434579
0.431846
0.416905
0.398755
0.400623
0.400948
0.387585
0.443047
0.458777
0.470215
0.438267
0.46994
0.535049
0.563124
0.529563
0.42355
0.483404
0.499036
0.478586
0.383585
0.375289
0.348777
0.364823
0.356534
0.368453
0.357389
0.35263
0.355637
0.376041
0.371131
0.362811
0.362311
0.375985
0.390854
0.408372
0.407438
0.400831
0.41032
0.409503
0.420246
0.407469
0.415284
0.441095
0.406576
0.412419
0.39474
0.392743
0.400176
0.42437
0.400076
0.388787
0.406111
0.388877
0.398906
0.399154
0.424688
0.487553
0.448972
0.38804
0.450867
0.39022
0.37186
0.423026
0.418792
0.372483
0.363557
0.380391
0.441448
0.4427
0.428359
0.3684
0
0
0.369332
0.43363
0.410238
0.411969
0.45191
0.442974
0.432009
0.428856
0.415112
0.442644
0.430614
0.494223
0.497946
0.488096
0.495071
0.403224
0.390268
0.35992
0.358537
0.365009
0.353033
0.350588
0.347143
0.345623
0.347363
0.377642
0.3701
0.353268
0.369851
0.384024
0.384721
0.376057
0.367843
0.372344
0.386388
0.391017
0.44263
0.473621
0.467879
0.517857
0.499434
0.410406
0.379711
0.412532
0.427462
0.389711
0.3964
0.362838
0.359756
0.362632
0.393575
0.368109
0.356031
0.357538
0.363605
0.387603
0.369815
0.345387
0.347742
0.370005
0.366333
0.368991
0.368142
0.357889
0.350519
0.382404
0.450144
0.449225
0.43493
0.418841
0.455812
0.396272
0.405526
0.404798
0.393201
0.37261
0.412185
0.438788
0.451646
0.417697
0.408974
0.426681
0.395576
0.367757
0.358198
0.365473
0.408404
0.447551
0.455311
0.487651
0.443481
0.427782
0.421406
0.47265
0.462825
0.45134
0.513413
0.451524
0.460343
0.482314
0.412585
0.388673
0.377697
0.382883
0.436734
0.455593
0.430648
0.41756
0.461105
0.451087
0.430424
0.372676
0.35215
0.372616
0.363158
0.395096
0.397951
0.412327
0.437779
0.458182
0.486715
0.435313
0.382047
0.414522
0.417817
0.447296
0.421057
0.425252
0.419155
0.378279
0.381937
0.409694
0.375483
0.382575
0.384663
0.45197
0.442991
0.368109
0.405977
0.452416
0.43951
0.398731
0
0
0.374532
0.442449
0.410354
0.432144
0.371837
0.35765
0.376163
0.396501
0.403965
0.404585
0.403814
0.399407
0.39413
0.388244
0.365552
0.398597
0.397916
0.371606
0.382743
0.36983
0.389369
0.409742
0.395671
0.370424
0.390973
0.397382
0.38222
0.383641
0.4036
0.389721
0.356938
0.352705
0.347162
0.353257
0.37994
0.408938
0.386087
0.346797
0.351649
0.353059
0.390983
0.378439
0.3583
0.356632
0.36681
0.376567
0.369334
0.371577
0.390036
0.409085
0.405691
0.404312
0.416409
0.406842
0.372371
0.414641
0.42186
0.424937
0.387825
0.378868
0.363062
0.370868
0.373253
0.372291
0.370038
0.347075
0.345008
0.345253
0.340739
0.344462
0.360896
0.385367
0.389124
0.395966
0.390155
0.392524
0.378465
0.400422
0.426808
0.425631
0.421963
0.395796
0.414587
0.406562
0.388575
0.425832
0.388376
0.412189
0.459912
0.419004
0.419311
0.379108
0.376217
0.432746
0.456255
0.450104
0.527637
0.549
0.555163
0.563076
0.512128
0.424608
0.396482
0.402006
0.377346
0.407725
0.388169
0.411428
0.394423
0.373827
0.350607
0.351543
0.348907
0.355933
0.376065
0.387314
0.387609
0.412679
0.38073
0.390536
0.406331
0.379276
0.382771
0.366445
0.371615
0.357506
0.355062
0.374985
0.395313
0.359568
0.351162
0.346214
0.357735
0.398875
0.438069
0.460005
0.447248
0.44823
0.431855
0.438817
0.393975
0.395897
0.401629
0.379864
0.398991
0.416374
0.384436
0.411513
0.390847
0
0
0
0
0
0
0
0
0
0
0
0
0
0
0
0
0
0.400466
0.392966
0.397192
0.390569
0.386957
0.41208
0.405136
0.391838
0.3909
0.386874
0.35302
0.383382
0.390241
0.416897
0.393562
0.393299
0.387873
0.367611
0.405777
0.384508
0.406329
0.412052
0.405158
0.407198
0.438779
0.431641
0.457301
0.420171
0.430114
0.44917
0.45597
0.43214
0.433622
0.426523
0.438886
0.456178
0.398114
0.391529
0.376683
0.34848
0.355862
0.397981
0.391864
0.393915
0.431439
0.407982
0.430438
0.384731
0.408298
0.418602
0.46082
0.448913
0.384762
0.417234
0.392224
0.3755
0.412011
0.422064
0.470405
0.411022
0.44504
0.457229
0.435268
0.471829
0.507126
0.513972
0.507424
0.511279
0.478432
0.483296
0.544772
0.552301
0.531492
0.585284
0.553217
0.520862
0.455902
0.458585
0.403557
0.443603
0.38953
0.432471
0.438634
0.425878
0.401886
0.361099
0.387675
0.438815
0.448088
0.442494
0.426272
0.420942
0.398778
0.399693
0.402301
0.365366
0.378614
0.410061
0.396565
0.405878
0.404066
0.391597
0.400214
0.398894
0.397317
0.426595
0.434211
0.404621
0.402296
0.403681
0.404955
0.431688
0.390582
0.387511
0.406249
0.390797
0
0.378749
0.43317
0.451793
0.429889
0.418658
0.420561
0.442903
0.428993
0.445064
0.434638
0.405344
0.378031
0.365946
0.366699
0.35196
0.342908
0.347074
0.350914
0.37327
0.382689
0.390672
0.378341
0.385071
0.401624
0.387492
0.352367
0.355172
0.363105
0.408028
0.446232
0.478931
0.493091
0.476577
0.401852
0.420133
0.433396
0.408616
0.420039
0.468612
0.49999
0.42226
0.413657
0.366571
0.374433
0.394486
0.399881
0.420279
0.448939
0.392524
0.375506
0.391091
0.38918
0.39588
0.415934
0.420612
0.391387
0.414622
0.441765
0.467688
0.404579
0.426982
0.479201
0.450854
0.457935
0.460557
0.417702
0.376912
0.390843
0.37047
0.375824
0.403961
0.42202
0.404323
0.422654
0.422606
0.414008
0.378866
0.423835
0.422391
0.434733
0.448416
0.418675
0.444955
0.438723
0.466149
0.481736
0.42675
0.434531
0.44498
0.437776
0.462555
0.472451
0.503532
0.56477
0.478073
0.548061
0.568256
0.53171
0.469506
0.399131
0.383719
0.419802
0.4043
0.445288
0.422122
0.416918
0.431486
0.434515
0.407997
0.398661
0.415155
0.38744
0.450578
0.423091
0.435164
0.407643
0.370578
0.364825
0.358575
0.35278
0.352096
0.365227
0.394888
0.365732
0.367243
0.383449
0.377605
0.411867
0.419598
0.423408
0.419331
0.412278
0.355021
0.352025
0.365106
0.367287
0.36816
0.376804
0.407598
0.476556
0.473346
0.447631
0.46625
0.391746
0.365422
0.383062
0.375059
0
0
0.36895
0.359335
0.410955
0.416998
0.397198
0.400188
0.466166
0.499263
0.452266
0.512866
0.520537
0.511378
0.503603
0.496315
0.495502
0.505688
0.507239
0.455971
0.463942
0.424145
0.466261
0.437835
0.450177
0.418549
0.438884
0.385324
0.361033
0.36168
0.398416
0.370531
0.367748
0.402722
0.396542
0.375016
0.355539
0.369086
0.352132
0.381991
0.400751
0.407153
0.405422
0.384211
0.361318
0.353911
0.349682
0.362888
0.379546
0.392012
0.374365
0.369117
0.35718
0.367559
0.370616
0.406849
0.384007
0.393986
0.402409
0.420683
0.43289
0.432339
0.408902
0.449896
0.462182
0.464379
0.483834
0.478845
0.438114
0.397803
0.445131
0.38399
0.449083
0.455298
0.417471
0.391878
0.41987
0.44313
0.427937
0.423345
0.420271
0.470624
0.423894
0.450829
0.424949
0.477224
0.46928
0.428445
0.438779
0.498258
0.423632
0.432611
0.399354
0.376258
0.400195
0.426406
0.415863
0.397185
0.374527
0.368243
0.355327
0.362028
0.391971
0.366144
0.365001
0.377838
0.361536
0.376772
0.390536
0.390918
0.397445
0.367595
0.385999
0.399287
0.433446
0.412308
0.368684
0.425276
0
0.386069
0.367014
0.366058
0.36354
0.384029
0.38674
0.370292
0.376651
0.385617
0.39072
0.435289
0.458005
0.467035
0.42991
0.471773
0.48664
0.469643
0.408879
0.446325
0.470484
0.441324
0.37548
0.356682
0.348844
0.367358
0.391952
0.387241
0.404828
0.394211
0.384443
0.397649
0.406012
0.390854
0.378593
0.379534
0.357519
0.348922
0.350118
0.386285
0.391117
0.365997
0.350289
0.375001
0.36176
0.350821
0.365958
0.361031
0.344771
0.348687
0.3434
0.355494
0.364663
0.383866
0.354935
0.365195
0.395401
0.413357
0.4186
0.41186
0.396581
0.386485
0.406302
0.371538
0.400339
0.399919
0.392335
0.40452
0.423839
0.415275
0.413611
0.435238
0.459712
0.47697
0.451699
0.461478
0.443426
0.490945
0.440238
0.422282
0.444889
0.457104
0.424506
0.439357
0.476261
0.490406
0.460691
0.476079
0.509738
0.447039
0.405826
0.413407
0.445671
0.432879
0.468207
0.511351
0.546742
0.462681
0.142857
0
0
0
0
0
0
0
0
0
0
0
0
0
0
0
0
0.375247
0.415112
0.428879
0.421658
0.405071
0.400835
0.426043
0.420334
0.409911
0.434288
0.417449
0.414725
0.425177
0.425239
0.392434
0.397076
0.385969
0.365307
0.393953
0.385802
0.356516
0.381422
0.404527
0.409172
0.386412
0.399352
0.402143
0.420995
0.408503
0.38402
0.394398
0.395006
0.408073
0.405149
0.415817
0.408936
0.355531
0.350153
0.342731
0.343303
0.346243
0.3707
0.372118
0.366581
0.345585
0.338408
0.34454
0.343204
0.349609
0.348472
0.346349
0.33609
0.344738
0.343124
0.355808
0.386374
0.379596
0.3793
0.371266
0.382151
0.37156
0.376556
0.384955
0.353251
0.343996
0.341367
0.348703
0.34878
0.342779
0.344132
0.347398
0.341443
0.350937
0.367444
0.357038
0.364719
0.37665
0.415244
0.385663
0.391193
0.430684
0.431926
0.424116
0.400252
0.372215
0.386561
0.357342
0.360004
0.38743
0.387496
0.374634
0.392567
0.441166
0.458206
0.480408
0.488805
0.521569
0.468942
0.142857
0
0
0
0
0
0
0
0
0
0
0
0
0
0
0
0
0
0.409557
0.391627
0.43364
0.395073
0.464169
0.46651
0.393512
0.369866
0.34832
0.347455
0.35779
0.374091
0.391189
0.392597
0.376906
0.407389
0.427292
0.382279
0.38588
0.376711
0.387379
0.364764
0.344149
0.348184
0.34186
0.352306
0.381037
0.358062
0.348083
0.35704
0.369963
0.416967
0.401261
0.403857
0.392679
0.395973
0.41751
0.402948
0.395982
0.39637
0.397489
0.382821
0.400192
0.39478
0.378925
0.416803
0.447767
0.402754
0.378214
0.40985
0.454797
0.438648
0.412191
0.407827
0.44753
0.454622
0.456663
0.436241
0.474646
0.439436
0.38856
0.379354
0.385218
0.381033
0.353536
0.354201
0.365626
0.368543
0.366115
0.401218
0.418824
0.431366
0.459158
0.426258
0.464655
0.444282
0.46359
0.451576
0.43008
0.415516
0.448378
0.488828
0.480782
0.471226
0.486636
0.509165
0.561632
0.48303
0.502908
0.142857
0
0
0
0
0
0
0
0
0
0
0
0
0
0
0
0
0
0.427736
0.41093
0.442448
0.409519
0.403307
0.428616
0.40884
0.418128
0.432415
0.438547
0.42676
0.448
0.417692
0.409494
0.409913
0.376308
0.369978
0.371437
0.395999
0.395346
0.471707
0.464508
0.434603
0.438184
0.41199
0.433295
0.371001
0.382315
0.389062
0.378047
0.402479
0.409004
0.419587
0.384042
0.365908
0.401248
0.379252
0.408612
0.407914
0.417534
0.409291
0.40432
0.421242
0.427937
0.449252
0.442598
0.474718
0.424627
0.446338
0.446529
0.456338
0.41288
0.42544
0.43621
0.502798
0.479498
0.402707
0.463686
0.47038
0.435831
0.439199
0.413379
0.445917
0.431651
0.419439
0.4376
0.416388
0.384362
0.44633
0.465476
0.464808
0.433967
0.4392
0.434671
0.388821
0.383407
0.397656
0.378777
0.418963
0.432592
0.429838
0.468098
0.424397
0.573845
0.577927
0.550235
0.487768
0.515621
0.456039
0.412885
0.41135
0.444105
0.432156
0.454225
0.48332
0.458923
0.419647
0.44696
0.462326
0.45816
0.434695
0.448478
0.447339
0.426958
0.437709
0.442971
0.452199
0.438016
0.423396
0.420687
0.479469
0.491898
0.495106
0.504709
0.45114
0.412694
0.42723
0.411619
0.369774
0
0
0
0
0
0
0
0
0.362132
0.413225
0.414728
0.433862
0.477701
0.452797
0.396902
0.400129
0.41908
0.43258
0.437601
0.465901
0.485748
0.414931
0.370014
0.359433
0.366387
0.365591
0.363358
0.382681
0.438166
0.48285
0.496849
0.45712
0.450223
0.452744
0.429245
0.422163
0.413609
0.457045
0.3981
0.379318
0.424092
0.431377
0.416591
0.433211
0.458786
0.418063
0.469106
0.511619
0.512308
0.490004
0.52836
0.577684
0.525784
0.509805
0.513799
0.477587
0.471265
0.497672
0.453148
0.465744
0.514478
0.466154
0.45881
0.429717
0.422348
0.414236
0.39642
0.409688
0.43262
0.462147
0.513157
0.48094
0.461272
0.437913
0.457013
0.428569
0.45661
0.477182
0.411331
0.441735
0.444081
0.437611
0.445974
0.43788
0.45595
0.448913
0.470678
0.481216
0.492361
0.424573
0.500847
0.473862
0.498153
0.495552
0.451467
0.43657
0.454125
0.476691
0.497648
0.44975
0.388714
0.358214
0.366829
0.393585
0.398002
0.45337
0.462789
0.423944
0.420263
0.413316
0.402262
0.428812
0.460657
0.449165
0.405245
0.448689
0.446133
0.390004
0.381387
0.3723
0.417249
0.476737
0.504185
0.501935
0.520669
0.507052
0.503331
0.522133
0.527201
0.541294
0.568998
0.529972
0.423024
0.36516
0.391153
0.416214
0.376249
0.398491
0.399361
0.417651
0.426488
0.411006
0.426221
0.424631
0.436473
0.438457
0.40991
0.367406
0.378446
0.415369
0.408595
0.436156
0.409364
0.386717
0.402077
0.372973
0.35841
0.346734
0.356337
0.396241
0.379592
0.355502
0.377073
0.405941
0.409329
0.444799
0.367536
0.369413
0.355003
0.372495
0.369231
0.360157
0.393829
0.427983
0.439574
0.442336
0.465458
0.430029
0.426698
0.395849
0.371936
0.37426
0.382724
0.382307
0.392757
0.430594
0.434824
0.415043
0.359762
0.394823
0.413452
0.395446
0.360732
0.347497
0.342588
0.350528
0.355101
0.367009
0.3857
0.350855
0.368467
0.38681
0.416998
0.418518
0.448687
0.413706
0.457188
0.493679
0.471407
0.549516
0.588722
0.544978
0.556689
0.540483
0.528215
0.486855
0.512033
0.497621
0.455142
0.524029
0.487707
0.480187
0.504313
0.48979
0.480761
0.505838
0.528253
0.543923
0.490924
0.407986
0.409301
0.410895
0.416099
0.39019
0
0
0
0
0
0
0
0.38411
0.421883
0.475896
0.45817
0.43541
0.436186
0.49926
0.443964
0.500835
0.469885
0.42154
0.509972
0.484179
0.493999
0.473361
0.499542
0.46142
0.429033
0.529668
0.491916
0.507111
0.500881
0.524238
0.522092
0.479534
0.436558
0.452975
0.494697
0.521561
0.447444
0.444191
0.480621
0.462949
0.446314
0.453486
0.46689
0.444653
0.431587
0.390107
0.370089
0.383914
0.39015
0.403428
0.387177
0.385519
0.396922
0.373681
0.385516
0.406971
0.44191
0.423606
0.432132
0.419245
0.412973
0.417222
0.448837
0.456373
0.450137
0.381398
0
0.402159
0.456519
0.484993
0.47918
0.445237
0.45756
0.486469
0.466564
0.462517
0.41546
0.421141
0.432151
0.42256
0.451936
0.468185
0.437353
0.468129
0.463384
0.479911
0.457236
0.489756
0.466921
0.411638
0.429658
0.39559
0.380228
0.449133
0.49207
0.46247
0.450553
0.43182
0.50571
0.565634
0.570643
0.556537
0.142857
0
0
0
0
0
0
0
0
0.393492
0.404877
0
0
0.378275
0.390955
0.376371
0.35638
0.382214
0.366297
0.352241
0.34996
0.348056
0.350544
0.344839
0.355639
0.368688
0.390265
0.367681
0.368022
0.395777
0.36883
0.417335
0.440467
0.434046
0.436098
0.416256
0.449267
0.428159
0.421907
0.433593
0.416357
0.448597
0.498114
0.506838
0.52629
0.517023
0.498864
0.142857
0
0
0
0
0
0
0
0
0
0
0
0
0
0.42299
0.414593
0.474336
0.478226
0.541511
0.491056
0.484365
0.478996
0.505045
0.473052
0.447609
0.460023
0.454597
0.431537
0.466889
0.491441
0.459249
0.443922
0.43342
0.425446
0.458327
0.504822
0.537232
0.496861
0.477985
0.451175
0.494905
0.521882
0.487377
0.511764
0.496509
0.517774
0.45663
0.5159
0.521235
0.544252
0.486281
0.48745
0.456682
0.426622
0.376103
0.378176
0.400242
0.398456
0.390279
0.448368
0.403665
0.391862
0.401583
0.409741
0.378315
0.396579
0.412974
0.417693
0.422065
0.430237
0.388763
0.381552
0.379587
0.412226
0.413713
0.374714
0.363056
0.366364
0.361388
0.365384
0.39515
0.374271
0.357717
0.356894
0.3647
0.365406
0.371312
0.390083
0.400793
0.475307
0.429579
0.41035
0.380087
0.394476
0.409729
0.388652
0.427317
0.437355
0.484719
0.421115
0.401017
0.398634
0.425429
0.441176
0.425049
0.396429
0.394425
0.384678
0.406006
0
0
0.377169
0.386442
0.394735
0.404074
0.383867
0.380069
0.414428
0.443008
0.411488
0.446205
0.424856
0.392795
0.406218
0.389652
0.383771
0.394379
0.381574
0.366355
0.372208
0.365332
0.362109
0.361314
0.359523
0.370292
0.363103
0.360044
0.359701
0.354108
0.357719
0.362925
0.361627
0.361138
0.362349
0.358586
0.371907
0.375182
0.366672
0.358677
0.391903
0.413326
0.399353
0.406878
0.403313
0.372743
0.374332
0.417924
0.383833
0.388498
0.400938
0.388657
0.394029
0.371848
0.362182
0.403927
0.367622
0.373779
0.405653
0.441317
0.414567
0.369656
0.369458
0.401065
0.377486
0.365623
0.359148
0.354528
0.371348
0.42584
0.410999
0.392709
0.395201
0.410098
0.410879
0.416183
0.412549
0.396874
0.381251
0.392522
0.395308
0.38315
0.375503
0.371957
0.36378
0.379626
0.371271
0.377795
0.389999
0.421538
0.438203
0.415344
0.42483
0.520114
0.470489
0.399415
0.166667
0
0.391641
0.357968
0.36056
0.359413
0.393846
0.412772
0.40917
0.430431
0.407348
0.429844
0.406548
0.393116
0.391211
0.386388
0.386009
0.377718
0.39508
0.387203
0.390587
0.389808
0.402868
0.393426
0.392093
0.402366
0.386941
0.398627
0
0
0
0
0
0
0
0
0
0
0
0
0
0
0
0
0
0
0
0
0
0
0
0
0
0
0
0
0
0.391197
