0.474372
0.612081
0.560926
0.530631
0.583245
0.602835
0.574949
0.566692
0.576371
0.590775
0.507941
0.47811
0.47294
0.495138
0.436098
0.458199
0.470896
0.510426
0.547697
0.557733
0.478854
0.467833
0.4558
0.522247
0.460404
0.449863
0.466573
0.403066
0.47652
0.517115
0.503369
0.488747
0.43866
0.449058
0.550661
0.48876
0.484628
0.521133
0.517961
0.488259
0.448208
0.460571
0.447167
0.438234
0.425046
0.428735
0.471066
0.508326
0.475931
0.47418
0.489037
0.531507
0.479873
0.498849
0.503742
0.525433
0.484555
0.494455
0.479815
0.502615
0.509836
0.470155
0.471434
0.474855
0.462062
0.481412
0.498941
0.395832
0.452738
0.501794
0.49618
0.49356
0.468744
0.521499
0.482178
0.432428
0.490248
0.47105
0.477176
0.458367
0.447811
0.506522
0.456331
0.481617
0.490482
0.490692
0.486475
0.475669
0.493645
0.494714
0.476468
0.446762
0.452738
0.467553
0.439319
0.490422
0.481347
0.474433
0.478161
0.477934
0.484342
0.484459
0.458269
0.459824
0.51926
0.451865
0.487032
0.467492
0.470509
0.480747
0.44187
0.448437
0.458124
0.435049
0.437578
0.466917
0.420663
0.420116
0.440113
0.448291
0.482192
0.480974
0.496648
0.465284
0.476586
0.480405
0.485362
0.451524
0.441623
0.445104
0.444354
0.439475
0.481036
0.447122
0.425628
0.438024
0.490331
0.409085
0.521152
0.478543
0.415354
0.414557
0.407703
0.456171
0.449495
0.486596
0.478174
0.492173
0.454872
0.461383
0.480536
0.417575
0.444481
0.427042
0.41496
0.488662
0.475247
0.412062
0.447776
0.476033
0.487649
0.441001
0.388688
0.44188
0.397696
0.383737
0.377245
0.366287
0.387684
0.440671
0.381542
0.383488
0.431029
0.399896
0.396485
0.430889
0.408293
0.435009
0.442677
0.485347
0.498244
0.45248
0.451653
0.503602
0.490295
0.482333
0.405374
0.421706
0.400723
0.389999
0.400207
0.415505
0.399772
0.414553
0.405179
0.40292
0.404252
0.416347
0.408777
0.41814
0.429075
0.407199
0.40427
0.385699
0.3861
0.375353
0.382143
0.411314
0.389912
0.401681
0.407074
0.404356
0.455282
0.369244
0.391343
0.394061
0.390958
0.423224
0.407013
0.409923
0.401739
0.404561
0.426852
0.400959
0.377745
0.365428
0.379882
0.388363
0.37087
0.379514
0.40547
0.428942
0.406438
0.402201
0.388638
0.370001
0.379541
0.365647
0.359726
0.356645
0.354377
0.388975
0.376533
0.379309
0.371071
0.361252
0.357624
0.343241
0.34318
0.349821
0.352203
0.355503
0.344234
0.353399
0.35566
0.346035
0.369808
0.373297
0.368553
0.373657
0.375761
0.381507
0.40127
0.381192
0.379452
0.393725
0.37121
0.393912
0.393802
0.385416
0.379559
0.370096
0.355628
0.357928
0.357506
0.352892
0.356323
0.354354
0.346275
0.348456
0.362548
0.368733
0.384113
0.348837
0.376624
0.366116
0.354884
0.369544
0.367088
0.392897
0.368856
0.365919
0.391033
0.407536
0.395166
0.397533
0.397409
0.364272
0.372461
0.38297
0.389925
0.386901
0.410911
0.392272
0.376145
0.376621
0.372392
0.374424
0.391069
0.388013
0.393599
0.404598
0.392699
0.382349
0.386768
0.388477
0.405199
0.396751
0.422264
0.397194
0.400137
0.383596
0.406003
0.375703
0.408312
0.429124
0.430311
0.394719
0.422668
0.421311
0.391743
0.387775
0.379902
0.359137
0.369992
0.381482
0.368176
0.369125
0.355771
0.343135
0.344021
0.359421
0.364044
0.365977
0.373118
0.366519
0.37701
0.385659
0.380005
0.391335
0.383105
0.370708
0.393057
0.37884
0.355931
0.353285
0.339883
0.353092
0.346485
0.337798
0.353848
0.345509
0.357364
0.352261
0.348694
0.34154
0.337894
0.339871
0.352801
0.349705
0.354703
0.357934
0.371111
0.370654
0.385655
0.375809
0.402135
0.400085
0.400649
0.466712
0.447758
0.465653
0.476765
0.466561
0.468342
0.394921
0.387304
0.413355
0.413643
0.472827
0.427181
0.415615
0.458287
0.4286
0.390565
0.376539
0.41882
0.4466
0.396113
0.38315
0.398122
0.418464
0.430991
0.402062
0.414272
0.429045
0.443282
0.430402
0.407905
0.413994
0.391244
0.377838
0.375308
0.368072
0.409455
0.405422
0.427815
0.421401
0.406992
0.409444
0.438091
0.417975
0.397879
0.42725
0.421157
0.411822
0.431331
0.442047
0.444839
0.451209
0.473986
0.43718
0.45818
0.423166
0.410899
0.411718
0.404614
0.427639
0.481153
0.478564
0.439897
0.482717
0.467181
0.517546
0.475533
0.440656
0.492226
0.497699
0.512663
0.508282
0.444503
0.424677
0.393802
0.447002
0.400075
0.365853
0.3732
0.404686
0.373503
0.401767
0.474891
0.457708
0.422984
0.430844
0.481499
0.456456
0.387029
0.435167
0.425653
0.402971
0.392545
0.374943
0.381793
0.37513
0.365867
0.372311
0.416906
0.410021
0.413319
0.433907
0.410681
0.429289
0.418643
0.380499
0.400722
0.423464
0.400303
0.44757
0.393427
0.421357
0.405919
0.396268
0.401938
0.3652
0.391318
0.37898
0.373939
0.372041
0.388848
0.371887
0.400089
0.411699
0.39369
0.371631
0.382418
0.38733
0.381114
0.387145
0.401334
0.401071
0.393962
0.365479
0.385978
0.415244
0.426127
0.436567
0.437722
0.36594
0.388032
0.392046
0.418794
0.409773
0.396802
0.405483
0.41467
0.369838
0.428407
0.388474
0.428523
0.4015
0.414749
0.38336
0.436352
0.396465
0.413223
0.452955
0.437062
0.435129
0.406123
0.426884
0.423603
0.413612
0.400565
0.433084
0.403383
0.402769
0.403348
0.395895
0.399427
0.394123
0.380457
0.387484
0.366117
0.361932
0.361437
0.378162
0.359912
0.355019
0.361275
0.36183
0.345103
0.344221
0.335053
0.346055
0.340606
0.3408
0.338442
0.339661
0.332806
0.333068
0.338499
0.341666
0.344298
0.339617
0.348891
0.344933
0.344353
0.369368
0.383028
0.361758
0.3752
0.358909
0.35833
0.347282
0.347141
0.336569
0.34256
0.336436
0.340957
0.347538
0.351894
0.33802
0.348466
0.359206
0.360611
0.346118
0.38225
0.374227
0.358258
0.352616
0.353837
0.358839
0.360002
0.369132
0.4153
0.413616
0.406975
0.44075
0.501925
0.50697
0.478185
0.471396
0.484111
0.435768
0.439121
0.488665
0.472478
0.454017
0.463096
0.477049
0.476804
0.455343
0.472197
0.498078
0.461616
0.438665
0.453758
0.454004
0.421875
0.383588
0.400405
0.454078
0.460065
0.411384
0.402827
0.39843
0.409692
0.449938
0.42379
0.3729
0.42811
0.432837
0.399692
0.411114
0.445482
0.42223
0.406755
0.439323
0.433904
0.424134
0.390201
0.42064
0.416104
0.409063
0.414058
0.406481
0.381831
0.366326
0.369108
0.377562
0.360377
0.356111
0.362489
0.374916
0.390084
0.387469
0.366839
0.36484
0.37584
0.39542
0.389996
0.373071
0.359019
0.382758
0.395098
0.396208
0.395725
0.389276
0.427753
0.3859
0.382128
0.387784
0.406161
0.401392
0.420563
0.383782
0.428816
0.439272
0.469491
0.423471
0.418441
0.442006
0.393635
0.371251
0.417368
0.479117
0.450363
0.452004
0.481055
0.435177
0.380425
0.425511
0.491353
0.514813
0.521469
0.468224
0.454735
0.446828
0.425583
0.42199
0.451725
0.461253
0.436623
0.433609
0.44788
0.39884
0.422655
0.414356
0.427423
0.411498
0.420889
0.405003
0.403374
0.401947
0.400328
0.430122
0.429651
0.457115
0.437852
0.421942
0.414045
0.440146
0.427703
0.425001
0.420318
0.419263
0.372189
0.372489
0.397746
0.383864
0.367258
0.354758
0.362956
0.374987
0.379821
0.39588
0.409263
0.386552
0.409206
0.385889
0.396136
0.391774
0.38939
0.431756
0.402688
0.397066
0.405134
0.390708
0.371436
0.422043
0.440015
0.396258
0.439604
0.437826
0.445905
0.439001
0.41437
0.391402
0.425523
0.426697
0.426772
0.439223
0.379396
0.380305
0.37293
0.427306
0.421677
0.441667
0.451691
0.444763
0.43217
0.496648
0.486826
0.433152
0.402537
0.482487
0.454526
0.482036
0.474977
0.45919
0.422332
0.378362
0.377167
0.382587
0.376526
0.410979
0.415046
0.408909
0.39008
0.388579
0.416617
0.433482
0.409593
0.392922
0.409038
0.421451
0.445738
0.479217
0.39832
0.455746
0.442666
0.468523
0.464624
0.52065
0.460857
0.487274
0.431654
0.429524
0.476102
0.429967
0.405633
0.394702
0.415567
0.366656
0.355446
0.355278
0.351135
0.355594
0.381062
0.396379
0.404821
0.399991
0.382633
0.466728
0.465887
0.416541
0.417771
0.38637
0.380859
0.371097
0.401787
0.409726
0.385468
0.391077
0.382199
0.39304
0.400584
0.430918
0.41946
0.458474
0.474649
0.426676
0.413724
0.404712
0.380991
0.371763
0.362758
0.368297
0.376162
0.398191
0.424006
0.480393
0.453085
0.43175
0.415421
0.379833
0.453047
0.490395
0.453911
0.409689
0.449125
0.434718
0.511637
0.468567
0.501136
0.465612
0.423555
0.375324
0.448823
0.472513
0.414889
0.450082
0.443449
0.423614
0.423729
0.445785
0.409358
0.428985
0.457623
0.449923
0.39361
0.386208
0.415063
0.388152
0.401604
0.413814
0.399063
0.401634
0.400695
0.380031
0.372172
0.369289
0.348895
0.350952
0.359517
0.366875
0.3763
0.394919
0.406211
0.394286
0.39368
0.395998
0.422084
0.406711
0.422569
0.432374
0.405082
0.392472
0.398201
0.39507
0.388885
0.37743
0.359503
0.346833
0.351203
0.365709
0.389399
0.442979
0.411437
0.43979
0.443665
0.50493
0.43682
0.386292
0.404484
0.417423
0.373457
0.404995
0.466793
0.430477
0.382515
0.451312
0.439522
0.438483
0.414024
0.465991
0.465131
0.453244
0.436892
0.396898
0.398785
0.408812
0.411242
0.384418
0.367526
0.370378
0.358918
0.354493
0.364177
0.357766
0.354025
0.357974
0.345843
0.351024
0.348467
0.363344
0.368886
0.361743
0.367217
0.391883
0.392379
0.40423
0.394262
0.426927
0.405503
0.403249
0.388619
0.397148
0.387857
0.385915
0.36758
0.353092
0.362064
0.352002
0.354599
0.354366
0.361841
0.37223
0.372164
0.382796
0.373296
0.374313
0.395544
0.406285
0.443483
0.430413
0.408994
0.391305
0.42602
0.423137
0.42106
0.437189
0.383926
0.373835
0.37174
0.381027
0.376046
0.400474
0.433727
0.412445
0.456895
0.426799
0.441582
0.409644
0.401315
0.396873
0.385123
0.378532
0.372949
0.38158
0.401628
0.404128
0.392251
0.385516
0.415713
0.415048
0.41611
0.422073
0.431247
0.446955
0.427853
0.461383
0.447229
0.420247
0.487746
0.445013
0.425426
0.361445
0.391196
0.495533
0.44086
0.408632
0.443917
0.455546
0.47817
0.441693
0.408837
0.389902
0.403875
0.377848
0.357534
0.362789
0.362591
0.348977
0.347055
0.349468
0.356666
0.346748
0.342421
0.357513
0.377233
0.397077
0.371847
0.375833
0.396271
0.401056
0.382032
0.368031
0.362473
0.348647
0.360414
0.358422
0.35078
0.347255
0.347174
0.359916
0.354809
0.350048
0.363009
0.378449
0.401041
0.381082
0.436402
0.459022
0.482906
0.478942
0.445595
0.43025
0.401579
0.421645
0.439429
0.427635
0.406331
0.40543
0.420441
0.470652
0.425853
0.466535
0.466829
0.499677
0.421009
0.422035
0.41889
0.437152
0.435039
0.42425
0.401099
0.420649
0.409383
0.41659
0.432134
0.441129
0.456958
0.436269
0.438678
0.419002
0.431386
0.401892
0.397796
0.392828
0.376422
0.362808
0.353929
0.357393
0.359583
0.394633
0.412404
0.412047
0.442917
0.437303
0.434637
0.441719
0.427789
0.402822
0.39047
0.384648
0.377975
0.385856
0.390581
0.40688
0.41387
0.467121
0.491721
0.439723
0.425597
0.423334
0.443078
0.429945
0.409282
0.436565
0.423339
0.462036
0.427048
0.407627
0.389049
0.380683
0.37729
0.370912
0.362533
0.35159
0.357923
0.371396
0.358908
0.361517
0.367039
0.371615
0.39117
0.412333
0.411666
0.408081
0.422034
0.445889
0.47147
0.441172
0.423696
0.374626
0.484624
0.507494
0.51187
0.494057
0.440054
0.426955
0.444976
0.420668
0.382757
0.37542
0.35318
0.351474
0.364904
0.36037
0.383384
0.388878
0.392915
0.386299
0.354679
0.365053
0.376035
0.364206
0.383518
0.403212
0.460265
0.487362
0.429343
0.476228
0.447279
0.465854
0.495963
0.439091
0.406541
0.417067
0.41894
0.44906
0.456994
0.473306
0.441824
0.39185
0.417499
0.425732
0.392976
0.382487
0.401028
0.407987
0.422994
0.420371
0.440513
0.410195
0.398709
0.384429
0.403509
0.411881
0.426195
0.40785
0.384287
0.376777
0.376471
0.371137
0.379572
0.374921
0.371615
0.387299
0.362403
0.363877
0.358974
0.357356
0.361138
0.341775
0.343533
0.345345
0.353801
0.350828
0.357292
0.344235
0.350297
0.362598
0.359618
0.37091
0.356856
0.36695
0.388501
0.367115
0.379364
0.380292
0.36475
0.361146
0.35602
0.35538
0.353132
0.347734
0.356581
0.358612
0.370376
0.374292
0.396132
0.369276
0.360069
0.373051
0.397709
0.423111
0.397432
0.389498
0.376417
0.37629
0.378812
0.384799
0.385461
0.390098
0.397506
0.387484
0.413321
0.405648
0.393831
0.384428
0.373931
0.377027
0.364158
0.351484
0.353803
0.356937
0.354425
0.340739
0.345117
0.337856
0.352527
0.363046
0.397577
0.366939
0.357309
0.378104
0.373127
0.398578
0.396156
0.380876
0.40462
0.423651
0.416931
0.362629
0.382516
0.396273
0.402062
0.381177
0.386612
0.374801
0.37274
0.350001
0.378641
0.362554
0.355696
0.348235
0.35703
0.354592
0.368535
0.358603
0.363202
0.362097
0.368229
0.368115
0.359585
0.357564
0.378955
0.357725
0.350691
0.355079
0.360954
0.361281
0.365475
0.375678
0.396455
0.403085
0.392035
0.397958
0.387318
0.394751
0.391201
0.384676
0.39275
0.40592
0.424186
0.393905
0.402868
0.397774
0.401722
0.430179
0.424332
0.40423
0.405205
0.404997
0.408551
0.405889
0.392117
0.405611
0.431845
0.380269
0.375336
0.392262
0.399036
0.430518
0.380392
0.396409
0.392974
0.401009
0.381826
0.403335
0.386064
0.392102
0.39449
0.369685
0.377273
0.379843
0.36582
0.373032
0.365355
0.360665
0.363493
0.356916
0.358342
0.364867
0.382248
0.367369
0.364073
0.371719
0.370834
0.384724
0.372693
0.360811
0.353848
0.335307
0.342378
0.338928
0.340592
0.348719
0.341845
0.349166
0.356838
0.373454
0.364853
0.371306
0.351023
0.353976
0.356364
0.36443
0.356664
0.344237
0.355747
0.355396
0.372936
0.377
0.37203
0.396047
0.395584
0.386618
0.392237
0.399309
0.389533
0.374271
0.352637
0.354654
0.339651
0.340949
0.333749
0.346521
0.336828
0.346376
0.336517
0.338981
0.349502
0.36414
0.394621
0.367921
0.382346
0.390562
0.386569
0.382604
0.408206
0.416475
0.382646
0.377842
0.371961
0.357485
0.357232
0.377183
0.394282
0.395916
0.39047
0.401258
0.399722
0.420447
0.420012
0.393963
0.394001
0.444958
0.432996
0.407087
0.393838
0.394754
0.403345
0.412368
0.400154
0.403096
0.38364
0.366583
0.370385
0.381746
0.43051
0.432
0.419298
0.390518
0.393052
0.404797
0.404771
0.415817
0.425241
0.41503
0.380377
0.369333
0.361546
0.365293
0.36053
0.377195
0.369303
0.374279
0.362018
0.353257
0.363478
0.352532
0.350154
0.344839
0.338855
0.360335
0.373456
0.354536
0.361425
0.363946
0.356156
0.355773
0.371395
0.380221
0.379143
0.398523
0.389464
0.415466
0.421386
0.442803
0.464883
0.427832
0.408364
0.417268
0.484381
0.481295
0.48146
0.441615
0.503073
0.48044
0.540373
0.436278
0.41444
0.387499
0.388444
0.379273
0.381873
0.39135
0.386213
0.392341
0.398521
0.403716
0.410645
0.403051
0.381156
0.396248
0.42274
0.419459
0.401901
0.406225
0.39053
0.366247
0.378787
0.369016
0.363278
0.377949
0.391892
0.39527
0.408789
0.402151
0.416978
0.394719
0.376187
0.372016
0.376682
0.389667
0.402045
0.417418
0.403186
0.419591
0.40818
0.453994
0.441471
0.470887
0.493561
0.435045
0.456084
0.514023
0.434373
0.481784
0.457028
0.424153
0.421548
0.430574
0.452068
0.439604
0.467436
0.446588
0.483205
0.457873
0.474912
0.436623
0.469081
0.440354
0.433626
0.490093
0.455818
0.493671
0.480089
0.464738
0.477483
0.519705
0.499102
0.499977
0.462764
0.517977
0.53415
0.56657
0.528698
0.459454
0.529419
0.493172
0.377504
0.368612
0.357687
0.36714
0.36514
0.362695
0.373386
0.376383
0.365148
0.379446
0.389575
0.403318
0.381518
0.401745
0.390572
0.395827
0.417039
0.422677
0.444991
0.403315
0.389057
0.381686
0.368885
0.37016
0.375339
0.371814
0.371711
0.390871
0.392252
0.392181
0.417828
0.453856
0.430599
0.449418
0.43276
0.501353
0.460347
0.507362
0.468302
0.482576
0.447508
0.441731
0.440615
0.414556
0.406499
0.450241
0.524907
0.524062
0.516203
0.502765
0.432806
0.483486
0.498299
0.465402
0.423308
0.451469
0.386503
0.412693
0.438899
0.409808
0.399055
0.407149
0.359051
0.371766
0.397164
0.377773
0.364884
0.376099
0.37015
0.360165
0.371548
0.390007
0.392648
0.381201
0.367422
0.361976
0.367781
0.366531
0.366688
0.360717
0.36021
0.370729
0.383933
0.385386
0.382229
0.426267
0.409839
0.385093
0.376419
0.377738
0.374278
0.400928
0.389646
0.382085
0.384405
0.380409
0.379764
0.384023
0.381518
0.419526
0.382969
0.367285
0.36892
0.382364
0.368355
0.36775
0.364432
0.358766
0.374425
0.37427
0.388866
0.389684
0.398241
0.393527
0.406051
0.424745
0.435051
0.421144
0.445977
0.423341
0.391566
0.375412
0.411747
0.393613
0.368705
0.369999
0.358485
0.357637
0.363194
0.36473
0.374777
0.396156
0.420416
0.409287
0.413244
0.443958
0.454389
0.444603
0.453252
0.439224
0.423184
0.445676
0.399379
0.391395
0.410936
0.423097
0.412824
0.41989
0.408913
0.386506
0.402287
0.44573
0.448873
0.452265
0.445008
0.424404
0.401011
0.433363
0.427555
0.41064
0.423576
0.455429
0.451588
0.439628
0.429087
0.437216
0.430852
0.468062
0.495579
0.429597
0.475771
0.442151
0.453797
0.475166
0.503327
0.491046
0.484026
0.494419
0.483093
0.557923
0.554578
0.409363
0.39097
0.447734
0.4507
0.521607
0.524118
0.476538
0.461049
0.485081
0.424331
0.454257
0.428648
0.428527
0.418059
0.422636
0.410832
0.411397
0.440099
0.402467
0.387276
0.405277
0.410415
0.442429
0.40537
0.410161
0.423378
0.46314
0.453419
0.41239
0.380021
0.40484
0.40935
0.403766
0.386997
0.381148
0.388206
0.383096
0.391993
0.415523
0.404728
0.409025
0.400926
0.40354
0.392071
0.388465
0.386943
0.393712
0.40693
0.415346
0.412067
0.397265
0.395852
0.403394
0.391403
0.406622
0.410409
0.438267
0.405874
0.382548
0.392033
0.391718
0.379894
0.381406
0.381669
0.390341
0.398285
0.412781
0.40226
0.392341
0.38029
0.368224
0.371194
0.3901
0.411258
0.414435
0.419926
0.439377
0.465919
0.433442
0.428523
0.420687
0.419026
0.40499
0.384634
0.373594
0.370109
0.368591
0.366675
0.424691
0.416707
0.352324
0.357912
0.362945
0.35045
0.363128
0.35691
0.362899
0.358968
0.366033
0.369406
0.353865
0.354948
0.350263
0.342809
0.355089
0.344595
0.349371
0.344988
0.353433
0.357597
0.361187
0.359939
0.366945
0.352671
0.357954
0.342098
0.33255
0.341169
0.343051
0.33952
0.344155
0.339882
0.35397
0.350455
0.33759
0.336606
0.346244
0.352657
0.345359
0.355919
0.35829
0.35812
0.359928
0.362674
0.367716
0.368096
0.34878
0.353929
0.346292
0.349206
0.355206
0.365313
0.372938
0.374055
0.364607
0.351856
0.343999
0.3407
0.347631
0.341805
0.346543
0.350561
0.358324
0.352098
0.354121
0.357446
0.367839
0.371399
0.372821
0.387483
0.379746
0.368353
0.378278
0.387122
0.390638
0.398079
0.386055
0.371995
0.378461
0.396311
0.40565
0.382582
0.360844
0.372738
0.350353
0.354817
0.344513
0.342343
0.346615
0.347157
0.356351
0.349922
0.357516
0.354319
0.361461
0.363193
0.369902
0.365009
0.363218
0.373181
0.38642
0.377351
0.384074
0.401424
0.387894
0.366689
0.38111
0.394323
0.397655
0.371616
0.350659
0.355159
0.367036
0.366997
0.370163
0.376138
0.393979
0.398239
0.379249
0.38518
0.385468
0.412867
0.39922
0.3974
0.396376
0.407906
0.37676
0.355574
0.344958
0.379305
0.384275
0.385432
0.373826
0.373041
0.369589
0.367697
0.368437
0.369177
0.371511
0.361171
0.360747
0.380581
0.392497
0.393436
0.41611
0.416281
0.381518
0.413246
0.417326
0.384433
0.362362
0.377577
0.397665
0.394877
0.404422
0.404113
0.419706
0.457791
0.482877
0.444761
0.41187
0.429301
0.425504
0.446437
0.446734
0.403991
0.423259
0.463353
0.467455
0.474987
0.463319
0.524639
0.473333
0.496434
0.438787
0.44986
0.518439
0.475475
0.487467
0.478176
0.488204
0.43135
0.421086
0.389963
0.38131
0.382409
0.398836
0.390053
0.388604
0.396323
0.377249
0.383296
0.396904
0.426708
0.419928
0.474359
0.419979
0.428366
0.449313
0.448526
0.41357
0.407272
0.410578
0.410609
0.387188
0.412609
0.408594
0.387937
0.397129
0.409644
0.420095
0.430552
0.436501
0.414339
0.429285
0.429278
0.417314
0.421279
0.427283
0.405144
0.421634
0.436857
0.403628
0.425981
0.397053
0.375973
0.379968
0.414034
0.408442
0.383955
0.389544
0.37263
0.358529
0.350092
0.35342
0.34484
0.347838
0.350007
0.358144
0.372116
0.362225
0.349909
0.35189
0.379406
0.355443
0.357381
0.353967
0.35978
0.370718
0.393937
0.389442
0.412868
0.376812
0.402362
0.381242
0.407658
0.410101
0.395191
0.377377
0.370129
0.363055
0.358685
0.372998
0.372293
0.400416
0.370666
0.370278
0.376348
0.375601
0.361346
0.372969
0.382099
0.392119
0.405021
0.399778
0.405268
0.39428
0.376826
0.406368
0.382847
0.390524
0.381585
0.362274
0.36479
0.407379
0.391756
0.379523
0.396026
0.416303
0.4039
0.383881
0.384059
0.387422
0.381786
0.368949
0.366058
0.348216
0.347661
0.357855
0.341138
0.344132
0.340615
0.347064
0.356973
0.351039
0.343543
0.340143
0.339326
0.350191
0.347842
0.352984
0.340183
0.346654
0.352043
0.364228
0.36624
0.36385
0.366517
0.376248
0.357581
0.362302
0.357463
0.365993
0.382546
0.406471
0.400682
0.417083
0.410662
0.391982
0.394972
0.399493
0.3928
0.399199
0.397598
0.409509
0.370295
0.370531
0.358073
0.350629
0.35508
0.357667
0.357665
0.355445
0.354993
0.347812
0.34732
0.363863
0.350103
0.362215
0.374456
0.387167
0.424205
0.406597
0.3858
0.359432
0.369051
0.382169
0.386068
0.390496
0.40419
0.402836
0.376731
0.370343
0.371591
0.384245
0.374829
0.364587
0.406638
0.385376
0.380518
0.382014
0.384759
0.428905
0.432077
0.430471
0.461089
0.50649
0.489217
0.404448
0.410724
0.418899
0.429741
0.430942
0.440414
0.427803
0.442672
0.4285
0.399417
0.420851
0.418758
0.409454
0.380769
0.393156
0.394774
0.374546
0.371335
0.379346
0.38191
0.37485
0.363888
0.369946
0.370138
0.371015
0.365255
0.367637
0.372339
0.378158
0.410556
0.384502
0.394963
0.414047
0.456704
0.473271
0.449104
0.459562
0.489984
0.406299
0.509094
0.470701
0.441719
0.436618
0.42083
0.433115
0.465591
0.425855
0.404265
0.456355
0.56441
0.541596
0.557332
0.583154
0.497045
0.487297
0.485242
0.499444
0.468229
0.540368
0.550162
0.473268
0.451079
0.459409
0.452874
0.419796
0.446174
0.482412
0.492026
0.525478
0.5058
0.473866
0.523353
0.53386
0.516587
0.504318
0.54692
0.517001
0.460911
0.451358
0.466564
0.419202
0.402465
0.397802
0.404083
0.38987
0.371624
0.366037
0.369926
0.374809
0.385761
0.403971
0.387742
0.401788
0.399943
0.381643
0.383382
0.401924
0.381974
0.404956
0.401622
0.425087
0.40523
0.40513
0.403527
0.40202
0.409074
0.44299
0.369239
0.385435
0.378523
0.371955
0.365013
0.356554
0.362526
0.370313
0.364702
0.359958
0.379356
0.381438
0.37821
0.372235
0.372982
0.380447
0.382432
0.393716
0.385074
0.36996
0.361845
0.3795
0.386774
0.408484
0.410919
0.424442
0.437398
0.401268
0.450328
0.440174
0.436454
0.412444
0.379761
0.391065
0.401327
0.356974
0.355265
0.353799
0.357666
0.355577
0.353063
0.344863
0.340031
0.346
0.3444
0.352739
0.34845
0.365155
0.350786
0.359403
0.349357
0.345741
0.360236
0.342038
0.344379
0.34813
0.352537
0.343384
0.350855
0.343966
0.348324
0.342445
0.341284
0.344431
0.348113
0.344581
0.357748
0.357342
0.368368
0.364564
0.371724
0.380761
0.409773
0.41964
0.433225
0.413368
0.422404
0.407828
0.387783
0.420712
0.416984
0.429535
0.434476
0.428891
0.419756
0.415418
0.401673
0.407451
0.402256
0.409618
0.377246
0.372802
0.361753
0.352476
0.358273
0.358312
0.353762
0.362466
0.365408
0.353077
0.352142
0.353115
0.344584
0.354416
0.362879
0.365881
0.360903
0.372494
0.381807
0.379029
0.402939
0.380917
0.385181
0.418439
0.396736
0.408334
0.426033
0.387539
0.396421
0.408051
0.407903
0.424462
0.41551
0.399221
0.394441
0.397138
0.387197
0.392025
0.404163
0.415868
0.437729
0.421487
0.389906
0.369967
0.36231
0.361953
0.353585
0.335738
0.349331
0.350633
0.343989
0.347767
0.347042
0.351561
0.350675
0.361795
0.347218
0.35713
0.351706
0.361218
0.358842
0.340806
0.354246
0.340581
0.343966
0.340069
0.341567
0.343292
0.354074
0.346304
0.345612
0.33609
0.349387
0.346685
0.345595
0.352784
0.35992
0.377956
0.373471
0.368892
0.36892
0.373774
0.353171
0.353703
0.354695
0.356485
0.34334
0.371918
0.39451
0.400866
0.383592
0.369115
0.364584
0.368474
0.355675
0.3775
0.383453
0.373953
0.37447
0.37508
0.36869
0.370213
0.377627
0.396533
0.393058
0.398518
0.409431
0.401947
0.402903
0.412901
0.411023
0.432278
0.404685
0.377727
0.393779
0.40261
0.38761
0.362111
0.370625
0.358129
0.352964
0.374928
0.373113
0.352425
0.358909
0.375847
0.391015
0.390039
0.392455
0.404986
0.426227
0.406826
0.415976
0.409647
0.381226
0.374853
0.382374
0.39816
0.36527
0.375397
0.372654
0.366335
0.366259
0.369732
0.3777
0.396123
0.398306
0.39952
0.384659
0.398668
0.412789
0.397246
0.381007
0.386115
0.378178
0.365256
0.357714
0.356124
0.35459
0.350729
0.353761
0.348156
0.351045
0.357668
0.359381
0.341882
0.340608
0.343538
0.347466
0.357207
0.368518
0.377623
0.376568
0.376882
0.365084
0.382485
0.362424
0.362394
0.35891
0.348127
0.356447
0.355207
0.356473
0.358403
0.352937
0.362488
0.368518
0.41626
0.396733
0.389352
0.375705
0.393451
0.381926
0.374397
0.359102
0.365268
0.361509
0.368813
0.370598
0.351637
0.384109
0.383303
0.386852
0.369257
0.374418
0.358074
0.355481
0.345711
0.35838
0.363875
0.371882
0.373782
0.362448
0.375526
0.358839
0.371324
0.354752
0.359467
0.372668
0.382411
0.393639
0.401272
0.402791
0.399245
0.370591
0.381219
0.400448
0.389898
0.406271
0.390356
0.385305
0.358051
0.358385
0.351955
0.355915
0.381201
0.402191
0.402892
0.371706
0.365803
0.37078
0.361723
0.367552
0.360889
0.364274
0.348852
0.342297
0.343864
0.336294
0.345284
0.346597
0.344344
0.341814
0.346084
0.337864
0.352592
0.36219
0.363374
0.393924
0.38646
0.376093
0.3867
0.364674
0.367025
0.36047
0.36707
0.376296
0.379635
0.377275
0.386755
0.381773
0.355149
0.384741
0.389609
0.369607
0.397688
0.383879
0.362582
0.360114
0.362325
0.355735
0.352457
0.353726
0.359188
0.349301
0.352147
0.346333
0.351292
0.364805
0.368535
0.379848
0.377168
0.396432
0.405142
0.422462
0.37062
0.372175
0.359303
0.355855
0.355172
0.347616
0.350803
0.337318
0.340392
0.348333
0.369932
0.346635
0.346054
0.339228
0.348465
0.346083
0.348614
0.340881
0.352598
0.341153
0.343187
0.348581
0.341862
0.346494
0.342252
0.330878
0.348747
0.348893
0.355616
0.344954
0.348839
0.362627
0.351116
0.367628
0.374457
0.39621
0.420061
0.405506
0.425701
0.42103
0.407124
0.392936
0.404593
0.386312
0.385463
0.370654
0.369353
0.364331
0.366161
0.365099
0.371108
0.381365
0.387141
0.381725
0.372491
0.373872
0.372979
0.375395
0.394594
0.398699
0.403711
0.401137
0.37469
0.375873
0.379111
0.372159
0.397796
0.4083
0.403816
0.37626
0.371764
0.379519
0.366925
0.353026
0.363965
0.389094
0.376095
0.354939
0.375432
0.415778
0.396559
0.422301
0.427282
0.396409
0.392754
0.399175
0.441624
0.414738
0.408376
0.404845
0.380121
0.384709
0.376748
0.383674
0.366754
0.374363
0.369676
0.361334
0.356622
0.361932
0.362989
0.355614
0.351354
0.357298
0.358363
0.377626
0.380304
0.405937
0.384898
0.397689
0.37319
0.370502
0.354258
0.352261
0.339938
0.344334
0.351434
0.33859
0.337785
0.340264
0.350084
0.358934
0.372905
0.377332
0.36947
0.354018
0.353293
0.355868
0.387543
0.422224
0.387457
0.382236
0.366778
0.350023
0.350431
0.350989
0.350014
0.351001
0.357547
0.360059
0.361068
0.37533
0.395615
0.402083
0.407173
0.378909
0.395207
0.411238
0.376283
0.362899
0.34493
0.345584
0.34599
0.3613
0.353323
0.356369
0.357958
0.376661
0.398625
0.389024
0.399762
0.367031
0.360465
0.372149
0.356213
0.362945
0.353165
0.365035
0.358569
0.355994
0.379484
0.371464
0.358845
0.370488
0.391273
0.365996
0.349592
0.351871
0.351109
0.348946
0.351116
0.358666
0.365657
0.3517
0.352658
0.357069
0.369162
0.370532
0.378798
0.378687
0.385937
0.39276
0.395791
0.375513
0.439621
0.404077
0.438503
0.429113
0.424722
0.439206
0.43478
0.433847
0.438584
0.40379
0.405941
0.408484
0.424289
0.421842
0.404949
0.406372
0.385613
0.388211
0.393598
0.43272
0.39827
0.376662
0.386525
0.392628
0.418116
0.437917
0.490333
0.549422
0.518942
0.588461
0.537036
0.505261
0.47891
0.469258
0.450292
0.453152
0.433443
0.455851
0.44089
0.42485
0.413166
0.391523
0.391654
0.402363
0.416495
0.433403
0.4151
0.416147
0.437233
0.458164
0.450183
0.398704
0.406593
0.402216
0.413934
0.390251
0.387016
0.379501
0.38981
0.398275
0.406221
0.405179
0.423454
0.431011
0.474773
0.427224
0.40866
0.395647
0.37539
0.371372
0.356959
0.357747
0.352485
0.352091
0.371883
0.390566
0.390854
0.428469
0.434329
0.437311
0.422864
0.385908
0.395487
0.392159
0.399383
0.39479
0.429217
0.442431
0.433085
0.42831
0.373309
0.358753
0.361447
0.360422
0.345415
0.354715
0.345851
0.351475
0.343945
0.353146
0.350564
0.351793
0.365144
0.351143
0.356552
0.351959
0.354183
0.349866
0.360199
0.351754
0.354667
0.350303
0.353474
0.351632
0.353083
0.348943
0.35173
0.343212
0.351127
0.349087
0.360121
0.344506
0.337662
0.349883
0.342009
0.34746
0.346139
0.343529
0.350245
0.349831
0.351069
0.34453
0.343288
0.349609
0.353359
0.351889
0.357377
0.375587
0.391799
0.416271
0.453372
0.442965
0.427685
0.418666
0.382704
0.379004
0.409123
0.404999
0.380996
0.429814
0.406086
0.401264
0.382272
0.382299
0.399048
0.385511
0.404818
0.376796
0.384169
0.404272
0.407439
0.40523
0.418299
0.412838
0.402379
0.372266
0.383286
0.375144
0.36134
0.36985
0.381092
0.402177
0.381836
0.372099
0.37932
0.370499
0.370762
0.385124
0.37868
0.436025
0.410703
0.391168
0.37218
0.362273
0.36141
0.364156
0.362413
0.350353
0.355225
0.364329
0.372971
0.362784
0.374646
0.364842
0.348466
0.3508
0.346083
0.353122
0.366141
0.375811
0.386113
0.385519
0.386749
0.379795
0.398243
0.419093
0.408639
0.402764
0.387402
0.396318
0.421949
0.4146
0.421432
0.393535
0.413579
0.406786
0.378204
0.38041
0.375582
0.385011
0.390294
0.380175
0.372246
0.366773
0.374375
0.364922
0.391215
0.392843
0.365771
0.403736
0.412054
0.405093
0.4076
0.389131
0.403183
0.377443
0.359671
0.358541
0.365728
0.379262
0.370995
0.375983
0.372935
0.369482
0.369872
0.401566
0.375578
0.409557
0.396004
0.388748
0.402998
0.370327
0.383966
0.396569
0.407909
0.393702
0.405438
0.42125
0.389473
0.405218
0.407564
0.410697
0.40972
0.401951
0.380984
0.435904
0.4153
0.393765
0.406319
0.414178
0.417911
0.394911
0.393319
0.376786
0.389695
0.397418
0.42296
0.404839
0.434115
0.409373
0.390519
0.403159
0.390019
0.376192
0.424294
0.410868
0.414994
0.391659
0.402862
0.424335
0.41896
0.396683
0.39841
0.410764
0.369412
0.386524
0.387215
0.39918
0.382608
0.381227
0.356673
0.369856
0.371702
0.358463
0.35307
0.353013
0.348861
0.341281
0.339375
0.344983
0.343702
0.35154
0.350212
0.360973
0.367123
0.368369
0.360172
0.358429
0.371976
0.368615
0.380494
0.363503
0.360339
0.353692
0.358046
0.364922
0.370648
0.36928
0.369216
0.385905
0.389128
0.357094
0.348102
0.348161
0.345204
0.35592
0.360781
0.382731
0.385668
0.358269
0.370125
0.365143
0.371083
0.36677
0.383146
0.371564
0.40537
0.378562
0.384999
0.39534
0.387218
0.384194
0.374392
0.365246
0.365242
0.368326
0.373842
0.383898
0.371522
0.358205
0.345553
0.352624
0.363257
0.354502
0.352962
0.341713
0.354736
0.354193
0.363291
0.361027
0.373069
0.362588
0.367334
0.365414
0.369463
0.362267
0.337574
0.350038
0.348329
0.338121
0.340529
0.34192
0.343205
0.347773
0.342232
0.352272
0.354309
0.384303
0.382714
0.381839
0.360134
0.369889
0.395714
0.347917
0.391746
0.383594
0.376855
0.379526
0.371621
0.354682
0.374992
0.369893
0.379571
0.387282
0.379267
0.395361
0.407453
0.39433
0.422686
0.395781
0.389925
0.378578
0.375015
0.374309
0.38394
0.393287
0.39082
0.388112
0.38166
0.367484
0.413984
0.40202
0.372388
0.360088
0.3516
0.35871
0.352066
0.370284
0.3852
0.384587
0.387583
0.386208
0.368116
0.361475
0.359059
0.351144
0.357375
0.350026
0.344798
0.363819
0.365085
0.383775
0.392968
0.392814
0.404058
0.371387
0.363436
0.373425
0.384266
0.397806
0.401918
0.390531
0.374305
0.360309
0.361538
0.381392
0.396368
0.435861
0.403619
0.389894
0.378337
0.390658
0.3738
0.369394
0.375048
0.368462
0.363194
0.351577
0.367446
0.359204
0.359133
0.36726
0.383975
0.399164
0.379577
0.394561
0.461048
0.459494
0.43191
0.432608
0.472266
0.436432
0.475284
0.470889
0.440984
0.446913
0.465344
0.460809
0.462997
0.446101
0.421003
0.422761
0.386355
0.398581
0.425446
0.433112
0.420932
0.405043
0.441716
0.471476
0.438383
0.443799
0.45892
0.532872
0.434883
0.441549
0.425499
0.398101
0.400932
0.438638
0.495436
0.448799
0.460819
0.439532
0.428173
0.420958
0.382799
0.394245
0.389862
0.375399
0.378595
0.368089
0.360648
0.376082
0.382377
0.403883
0.403651
0.409008
0.402947
0.385838
0.389726
0.3995
0.383892
0.360242
0.37572
0.386087
0.420759
0.440641
0.4532
0.471463
0.454974
0.518816
0.503482
0.389469
0.476293
0.433824
0.450502
0.40574
0.400396
0.381916
0.374007
0.378767
0.392269
0.409356
0.405949
0.432598
0.454181
0.463285
0.413139
0.401841
0.388873
0.386702
0.377948
0.384139
0.391475
0.416016
0.428934
0.436486
0.421901
0.417414
0.397775
0.398344
0.402813
0.39683
0.418956
0.414383
0.432686
0.457391
0.419637
0.394921
0.380973
0.358056
0.359188
0.348002
0.365073
0.367314
0.361493
0.367727
0.38576
0.38515
0.367969
0.358969
0.356069
0.356736
0.354643
0.35879
0.364746
0.358087
0.373038
0.373076
0.372348
0.389992
0.381446
0.375948
0.391179
0.417743
0.455316
0.436038
0.459805
0.446379
0.416415
0.405049
0.426691
0.444801
0.46528
0.463722
0.377809
0.407276
0.476701
0.438172
0.455005
0.457768
0.491608
0.481655
0.457241
0.448324
0.468159
0.418157
0.445399
0.437651
0.433967
0.421386
0.421859
0.462615
0.455113
0.492935
0.537564
0.457193
0.501002
0.466076
0.518702
0.477289
0.451002
0.478569
0.523653
0.490484
0.466698
0.493711
0.484051
0.420553
0.457553
0.43809
0.422404
0.430483
0.435346
0.452963
0.460335
0.397437
0.396932
0.425985
0.435446
0.45473
0.476531
0.445207
0.45578
0.408853
0.427558
0.431433
0.429648
0.423891
0.403015
0.449153
0.41832
0.404952
0.436176
0.455819
0.452459
0.429864
0.425486
0.422621
0.403323
0.369343
0.374204
0.369874
0.371922
0.37469
0.38544
0.427543
0.431268
0.420515
0.423067
0.409245
0.421264
0.389452
0.402119
0.387848
0.402462
0.406387
0.44482
0.412985
0.419731
0.437216
0.427966
0.432205
0.448348
0.441425
0.424414
0.422136
0.420734
0.440336
0.410285
0.403462
0.417555
0.415262
0.416654
0.425675
0.406448
0.387055
0.366541
0.37781
0.386407
0.392823
0.409867
0.42662
0.391924
0.374508
0.391337
0.425454
0.430092
0.399692
0.38524
0.369537
0.372792
0.370007
0.367876
0.373057
0.372353
0.391471
0.420993
0.413596
0.404716
0.402896
0.389721
0.388756
0.418494
0.436719
0.392767
0.413396
0.415526
0.420597
0.390111
0.404037
0.413275
0.417479
0.371055
0.427047
0.457766
0.443692
0.4273
0.481924
0.477913
0.459398
0.485716
0.523786
0.458664
0.412663
0.404463
0.457956
0.486233
0.523931
0.522135
0.491505
0.484345
0.430824
0.455074
0.49851
0.448253
0.414555
0.46336
0.442341
0.485812
0.481095
0.446161
0.505035
0.392399
0.42788
0.392129
0.396453
0.427738
0.481167
0.390359
0.446391
0.424003
0.465463
0.472009
0.44739
0.4391
0.479962
0.511358
0.464069
0.465399
0.411818
0.471979
0.510071
0.465016
0.493924
0.506673
0.485665
0.451069
0.402106
0.355527
0.382267
0.424918
0.421193
0.395908
0.384725
0.388025
0.40705
0.403588
0.38113
0.373746
0.360298
0.358574
0.351478
0.354679
0.3578
0.37746
0.359631
0.346762
0.364918
0.364915
0.380865
0.377126
0.373574
0.375661
0.402195
0.415231
0.43235
0.419953
0.421776
0.402145
0.398567
0.374898
0.354312
0.361502
0.364316
0.353754
0.352666
0.351923
0.353954
0.367644
0.375455
0.391301
0.381849
0.387247
0.373847
0.374114
0.375339
0.350228
0.351
0.350469
0.352595
0.35704
0.371139
0.395526
0.374683
0.370495
0.357031
0.349737
0.343792
0.340525
0.334866
0.351949
0.342977
0.353184
0.347033
0.343596
0.339386
0.337249
0.340335
0.350684
0.351719
0.34907
0.352416
0.347621
0.356628
0.374116
0.361515
0.361665
0.381508
0.385359
0.388761
0.379464
0.373142
0.367241
0.364261
0.350021
0.374105
0.364037
0.391755
0.440712
0.404686
0.383135
0.361755
0.361649
0.366513
0.378145
0.381367
0.381228
0.383461
0.363819
0.367825
0.356874
0.357982
0.363303
0.370122
0.36132
0.35762
0.374808
0.36766
0.372723
0.376144
0.389649
0.37661
0.368598
0.370493
0.349139
0.347617
0.362012
0.367343
0.3803
0.379123
0.380647
0.382533
0.371055
0.382467
0.371923
0.389426
0.372587
0.379706
0.3832
0.388851
0.395983
0.402791
0.378966
0.391098
0.383835
0.387597
0.389813
0.387858
0.415356
0.384683
0.393946
0.380273
0.397951
0.424093
0.43048
0.426915
0.402157
0.410662
0.376075
0.378643
0.375493
0.35803
0.353555
0.352864
0.347324
0.346373
0.356384
0.357652
0.33935
0.352544
0.342518
0.342352
0.345321
0.343771
0.351446
0.355139
0.351994
0.356667
0.364758
0.379565
0.387635
0.362893
0.350047
0.351924
0.352929
0.361034
0.375177
0.388891
0.405589
0.390745
0.388459
0.37376
0.371065
0.358032
0.357982
0.370181
0.352742
0.343084
0.329548
0.350346
0.33269
0.348386
0.340536
0.344713
0.349513
0.351587
0.363856
0.378867
0.376164
0.38711
0.407473
0.393963
0.403868
0.406668
0.393695
0.415169
0.443187
0.392932
0.432797
0.417845
0.428136
0.402812
0.430418
0.386798
0.434301
0.383145
0.430006
0.385212
0.420567
0.413384
0.415109
0.382606
0.433697
0.412869
0.39093
0.372524
0.36038
0.352014
0.371618
0.389191
0.388915
0.384119
0.367949
0.360254
0.353463
0.359304
0.357803
0.375733
0.367568
0.383453
0.373127
0.364291
0.383105
0.385626
0.387664
0.380625
0.388385
0.39351
0.395037
0.386346
0.374761
0.365788
0.343716
0.345622
0.351326
0.362051
0.357573
0.386319
0.371884
0.361087
0.358167
0.372349
0.383434
0.354632
0.347867
0.365982
0.361553
0.352969
0.362856
0.371862
0.377
0.394273
0.39209
0.391455
0.37749
0.357816
0.360375
0.363583
0.370628
0.37331
0.353381
0.35353
0.357731
0.36477
0.362819
0.355795
0.365962
0.385654
0.378473
0.387969
0.383786
0.386467
0.390809
0.395299
0.382288
0.384093
0.37118
0.374926
0.389539
0.374573
0.371223
0.380023
0.382069
0.411754
0.408433
0.398029
0.401059
0.396751
0.368579
0.371058
0.38542
0.398112
0.394147
0.406697
0.398915
0.398048
0.402734
0.405362
0.408298
0.414186
0.407858
0.405351
0.409599
0.392893
0.370429
0.360192
0.352922
0.34959
0.349613
0.350267
0.349895
0.361411
0.3627
0.369831
0.395685
0.384684
0.396243
0.400058
0.396708
0.401358
0.406349
0.373339
0.379204
0.383065
0.374266
0.375221
0.365148
0.37118
0.373584
0.368209
0.376169
0.358525
0.394047
0.388526
0.403026
0.432635
0.407209
0.415361
0.401592
0.422425
0.438518
0.463562
0.431238
0.422059
0.434705
0.439181
0.411241
0.393622
0.396677
0.386808
0.374008
0.373384
0.375489
0.359179
0.363051
0.377096
0.407649
0.420853
0.414187
0.432973
0.386075
0.368995
0.384548
0.392894
0.413741
0.415853
0.405022
0.437571
0.459981
0.449455
0.426268
0.452746
0.454967
0.429889
0.425447
0.421746
0.446615
0.43707
0.41834
0.400636
0.418526
0.434953
0.41226
0.40422
0.395736
0.396142
0.371072
0.390522
0.438881
0.397854
0.425636
0.417753
0.383189
0.369135
0.379832
0.394512
0.378862
0.432051
0.425444
0.432822
0.476721
0.453224
0.447512
0.480934
0.427346
0.504781
0.480395
0.456859
0.440072
0.449469
0.419271
0.463178
0.514939
0.436181
0.52231
0.528857
0.581759
0.552786
0.57966
0.548311
0.547378
0.536663
0.518737
0.484579
0.429803
0.393258
0.415911
0.488125
0.456179
0.498032
0.481134
0.532764
0.497167
0.466191
0.473017
0.489861
0.389853
0.388916
0.371802
0.379393
0.396689
0.378665
0.355702
0.352873
0.349061
0.348732
0.344575
0.348284
0.366577
0.370986
0.367412
0.369548
0.356843
0.346658
0.357269
0.359945
0.383469
0.368669
0.358914
0.344406
0.361956
0.364605
0.356451
0.342763
0.355463
0.356921
0.34951
0.350458
0.362307
0.359961
0.380497
0.389474
0.372863
0.363336
0.379496
0.36891
0.3794
0.358171
0.355054
0.362134
0.370281
0.356467
0.361231
0.362173
0.371256
0.371978
0.390169
0.387035
0.389567
0.386856
0.398632
0.405814
0.416264
0.413083
0.393618
0.416456
0.413811
0.391246
0.399767
0.401487
0.402555
0.414222
0.406791
0.408244
0.409481
0.431095
0.424905
0.396963
0.386769
0.472531
0.400928
0.394765
0.407844
0.403322
0.411472
0.406913
0.408678
0.426105
0.402702
0.417864
0.407919
0.435821
0.498227
0.463848
0.393783
0.39649
0.382615
0.411159
0.417537
0.413078
0.388085
0.371998
0.408437
0.409268
0.40297
0.382192
0.39505
0.387173
0.424201
0.390618
0.443156
0.421144
0.415964
0.41141
0.411824
0.410925
0.37698
0.379617
0.39757
0.3994
0.381336
0.382049
0.410776
0.419969
0.398429
0.393882
0.378882
0.39267
0.392387
0.395818
0.396877
0.411541
0.414257
0.390535
0.389292
0.40197
0.419489
0.414322
0.43707
0.537502
0.456211
0.472757
0.484696
0.435288
0.443402
0.434714
0.389682
0.388525
0.388536
0.391632
0.446557
0.489585
0.443609
0.407751
0.398488
0.374983
0.372424
0.363007
0.3668
0.395675
0.37182
0.424149
0.443943
0.435004
0.430779
0.431653
0.39719
0.378023
0.386517
0.361087
0.370057
0.365061
0.36392
0.357548
0.363938
0.374236
0.370309
0.404491
0.422067
0.44672
0.445758
0.451655
0.439407
0.442833
0.454488
0.379088
0.373742
0.408204
0.44025
0.41331
0.403499
0.416344
0.413375
0.414741
0.449232
0.45596
0.460379
0.43486
0.445767
0.441771
0.432342
0.425743
0.436063
0.430281
0.446756
0.417007
0.397595
0.38347
0.424217
0.444637
0.440273
0.440178
0.447877
0.439326
0.430494
0.435897
0.465907
0.497916
0.504994
0.509248
0.506603
0.482287
0.497155
0.489402
0.427416
0.398956
0.405018
0.392115
0.396269
0.369911
0.3622
0.358809
0.356441
0.350287
0.351527
0.367054
0.363722
0.364378
0.364532
0.37285
0.355579
0.347071
0.347348
0.35074
0.371013
0.353153
0.343001
0.346697
0.356749
0.350169
0.346268
0.339747
0.341284
0.351776
0.343937
0.34118
0.348124
0.345824
0.350013
0.358782
0.371191
0.383097
0.390281
0.358294
0.376044
0.374948
0.366044
0.351709
0.348003
0.356132
0.355873
0.360875
0.376856
0.389192
0.373309
0.379437
0.397085
0.385806
0.38004
0.375536
0.398497
0.383025
0.385945
0.361432
0.358975
0.358432
0.367707
0.378884
0.365198
0.372472
0.373903
0.383472
0.380333
0.386163
0.395784
0.375805
0.396361
0.3952
0.393652
0.40593
0.476115
0.47289
0.477316
0.448002
0.497929
0.42874
0.457975
0.502733
0.527669
0.513102
0.512977
0.505013
0.48008
0.493247
0.463509
0.393732
0.390663
0.36904
0.379394
0.387141
0.396553
0.42003
0.397702
0.442633
0.445759
0.436751
0.396891
0.39821
0.412607
0.378493
0.370081
0.401518
0.406404
0.390095
0.390578
0.374523
0.354686
0.343119
0.358444
0.353784
0.360188
0.371694
0.366064
0.355454
0.356328
0.39663
0.388417
0.384017
0.400636
0.374626
0.369169
0.363584
0.357287
0.361893
0.360156
0.347015
0.359355
0.363779
0.357046
0.351312
0.350151
0.349263
0.377682
0.390965
0.395023
0.391486
0.377997
0.373548
0.382726
0.36957
0.350271
0.344574
0.341649
0.345615
0.348419
0.340507
0.35102
0.353039
0.353722
0.372528
0.365117
0.379253
0.365479
0.35869
0.382812
0.354562
0.376088
0.365365
0.368062
0.370582
0.37935
0.367673
0.355265
0.366646
0.36004
0.3554
0.344344
0.355725
0.340202
0.355595
0.366611
0.37265
0.394351
0.398511
0.411106
0.454439
0.47428
0.449358
0.48194
0.428543
0.435634
0.445255
0.436289
0.435647
0.404688
0.418728
0.390586
0.463753
0.439505
0.466507
0.467543
0.447431
0.388089
0.404385
0.374816
0.381957
0.401858
0.410414
0.422153
0.401618
0.40368
0.408817
0.42603
0.403831
0.384752
0.366239
0.365538
0.362666
0.381525
0.386626
0.418987
0.406078
0.410175
0.445036
0.430152
0.418658
0.463846
0.448938
0.43622
0.470852
0.401261
0.424204
0.43392
0.411377
0.389063
0.404564
0.430779
0.428079
0.423477
0.444138
0.394597
0.405906
0.369911
0.377173
0.369278
0.360492
0.357784
0.356684
0.36167
0.356695
0.360411
0.360178
0.367506
0.375997
0.38907
0.419661
0.431099
0.413392
0.47532
0.447137
0.484921
0.448023
0.438886
0.435089
0.563928
0.500611
0.460369
0.479271
0.391407
0.446721
0.451327
0.41772
0.41771
0.403052
0.439692
0.411908
0.462333
0.443074
0.514188
0.461117
0.485062
0.478356
0.435056
0.414765
0.450415
0.459141
0.513749
0.530919
0.499589
0.507699
0.462967
0.468375
0.4456
0.436453
0.485934
0.478977
0.475068
0.482746
0.48722
0.470767
0.415021
0.391912
0.394034
0.391943
0.394735
0.382265
0.384441
0.375018
0.378149
0.380982
0.374348
0.375595
0.383898
0.389332
0.422224
0.422342
0.446015
0.453687
0.429688
0.426407
0.424271
0.436131
0.400151
0.42026
0.419354
0.440475
0.489607
0.46473
0.430923
0.461947
0.473255
0.444628
0.409417
0.412072
0.379912
0.364859
0.358959
0.35075
0.347796
0.350465
0.360318
0.371089
0.376337
0.370229
0.368691
0.354027
0.356957
0.380989
0.369481
0.40443
0.41375
0.384777
0.389541
0.395945
0.397237
0.411063
0.422145
0.414038
0.40459
0.437711
0.446798
0.425247
0.432063
0.431319
0.439928
0.497027
0.498841
0.472072
0.48698
0.479608
0.459436
0.470853
0.424733
0.389426
0.368401
0.371356
0.387
0.414865
0.415214
0.406268
0.411852
0.43632
0.420829
0.430979
0.39019
0.434602
0.480579
0.427295
0.43847
0.451043
0.419324
0.389241
0.425876
0.437237
0.424274
0.420979
0.432398
0.423354
0.398624
0.383707
0.380503
0.374586
0.373273
0.386661
0.384006
0.37824
0.380125
0.410029
0.440934
0.391825
0.377154
0.372702
0.370452
0.37303
0.377376
0.385873
0.393141
0.383719
0.38724
0.38181
0.387465
0.425273
0.45011
0.478644
0.46255
0.43285
0.451195
0.429641
0.376973
0.35112
0.356548
0.403183
0.393623
0.4001
0.430825
0.444283
0.437089
0.490771
0.426637
0.454862
0.444901
0.424425
0.412991
0.406321
0.419015
0.471491
0.387982
0.414344
0.412836
0.415065
0.428778
0.4306
0.43936
0.423051
0.389429
0.369487
0.366872
0.364336
0.360526
0.360701
0.351236
0.353749
0.37765
0.381548
0.386521
0.398849
0.396882
0.391814
0.403487
0.393107
0.408024
0.407702
0.417508
0.423758
0.384708
0.381205
0.400681
0.406357
0.411147
0.419816
0.400005
0.392985
0.384582
0.407383
0.396624
0.378833
0.393122
0.389214
0.388412
0.379356
0.375329
0.369234
0.351629
0.367144
0.390378
0.405457
0.407326
0.430456
0.391125
0.387282
0.381002
0.369552
0.372342
0.370528
0.387147
0.400069
0.376174
0.365144
0.356283
0.373115
0.374176
0.37619
0.382687
0.395447
0.397715
0.408832
0.4082
0.415348
0.402051
0.38061
0.402831
0.400798
0.376041
0.375311
0.365836
0.368365
0.367083
0.394327
0.401149
0.435362
0.379523
0.399676
0.379509
0.385121
0.37354
0.382809
0.383148
0.382617
0.380401
0.390494
0.40955
0.424174
0.372014
0.413468
0.408883
0.380059
0.36998
0.359497
0.366646
0.353752
0.345584
0.345107
0.348897
0.359644
0.369662
0.347441
0.336133
0.345497
0.353415
0.35099
0.351286
0.357998
0.358848
0.373313
0.392793
0.397576
0.425695
0.410906
0.404413
0.401738
0.376612
0.383472
0.371695
0.350698
0.348564
0.335269
0.346917
0.3508
0.349983
0.356188
0.353211
0.349731
0.352319
0.366572
0.389012
0.40261
0.385713
0.381968
0.38072
0.365334
0.358146
0.3483
0.359633
0.364397
0.35741
0.355605
0.350591
0.351441
0.367668
0.379552
0.3744
0.375345
0.38021
0.378013
0.364216
0.363155
0.371384
0.383214
0.37829
0.375275
0.36215
0.35685
0.390405
0.398863
0.411047
0.421172
0.385328
0.416167
0.422627
0.421892
0.387808
0.39003
0.408675
0.421088
0.397114
0.380378
0.411527
0.416268
0.439394
0.431016
0.41632
0.372172
0.404896
0.358264
0.354456
0.390539
0.39001
0.416782
0.423896
0.44304
0.432809
0.41625
0.409457
0.404457
0.398933
0.457379
0.439364
0.411609
0.383083
0.360851
0.339606
0.395578
0.383243
0.389094
0.359407
0.363699
0.358829
0.36774
0.373635
0.369681
0.375185
0.371644
0.362987
0.379116
0.375348
0.379266
0.367628
0.373383
0.370847
0.373368
0.364303
0.37134
0.357127
0.344803
0.344761
0.341509
0.341265
0.339929
0.346822
0.35205
0.350604
0.341289
0.343482
0.333195
0.332206
0.352685
0.34466
0.343899
0.34486
0.343823
0.35154
0.362569
0.359849
0.362808
0.361251
0.384156
0.405025
0.383536
0.388147
0.379021
0.390312
0.409831
0.405295
0.394296
0.386113
0.375318
0.384194
0.398584
0.406062
0.40139
0.366574
0.405152
0.375709
0.374905
0.384069
0.379463
0.37096
0.373163
0.422914
0.45565
0.424203
0.431083
0.421349
0.415333
0.410566
0.438299
0.434688
0.390327
0.454575
0.43257
0.381491
0.381005
0.420715
0.394855
0.38253
0.405276
0.42578
0.465791
0.424509
0.396528
0.38129
0.383202
0.379646
0.390288
0.40289
0.438376
0.430006
0.418899
0.405828
0.385653
0.378665
0.392932
0.397178
0.430751
0.421488
0.401214
0.459443
0.47059
0.46747
0.422591
0.394353
0.441174
0.429729
0.432801
0.416658
0.398034
0.429776
0.396343
0.378174
0.373124
0.367992
0.367585
0.377713
0.373295
0.398282
0.423008
0.429233
0.466332
0.425175
0.432544
0.460408
0.512694
0.459535
0.458243
0.457459
0.423392
0.528604
0.569393
0.534527
0.526496
0.561372
0.588016
0.508186
0.526433
0.582231
0.55898
0.588677
0.573904
0.533699
0.470742
0.417065
0.418626
0.442346
0.4033
0.392218
0.391952
0.400029
0.408692
0.399111
0.40097
0.3834
0.353594
0.377291
0.401337
0.399376
0.414106
0.412778
0.388883
0.387393
0.391909
0.391027
0.395895
0.413239
0.433743
0.391731
0.40561
0.391188
0.385102
0.381384
0.367806
0.375687
0.364802
0.353695
0.343719
0.351815
0.350294
0.34322
0.348594
0.363461
0.353113
0.357025
0.341508
0.342628
0.351802
0.352479
0.355688
0.375209
0.367598
0.378404
0.37828
0.380921
0.400496
0.378078
0.392447
0.403364
0.404144
0.35885
0.416129
0.431657
0.382314
0.408483
0.375095
0.374547
0.392471
0.382068
0.378503
0.376828
0.415767
0.429228
0.408304
0.389265
0.389322
0.395616
0.372785
0.367199
0.376292
0.375863
0.377806
0.398858
0.375465
0.363105
0.358449
0.352668
0.361852
0.391406
0.376729
0.364769
0.359816
0.352734
0.350523
0.34172
0.357401
0.361722
0.367409
0.367152
0.387882
0.379725
0.403339
0.405923
0.391707
0.37153
0.361257
0.352071
0.356936
0.351437
0.355753
0.350627
0.345331
0.349382
0.345334
0.342558
0.355443
0.348442
0.355884
0.368302
0.372675
0.403056
0.411673
0.429919
0.469562
0.4198
0.441454
0.446698
0.503817
0.428422
0.430214
0.439213
0.484813
0.426918
0.432148
0.443415
0.489594
0.387873
0.449495
0.42424
0.485035
0.46199
0.427659
0.394581
0.399936
0.390535
0.407421
0.415483
0.430829
0.418499
0.382562
0.405878
0.398738
0.40561
0.377043
0.372533
0.371499
0.400458
0.405222
0.406785
0.398207
0.377532
0.359907
0.350378
0.348629
0.348612
0.366199
0.36677
0.393145
0.400428
0.397034
0.38626
0.390865
0.393533
0.423179
0.412012
0.418332
0.364721
0.421687
0.391364
0.397659
0.420033
0.384857
0.37675
0.389902
0.385364
0.396888
0.379609
0.372574
0.365734
0.359834
0.376157
0.392323
0.431742
0.4042
0.381928
0.380996
0.390041
0.392668
0.416432
0.398865
0.402505
0.426703
0.40517
0.408705
0.408311
0.418993
0.378832
0.419816
0.404946
0.415224
0.405796
0.405079
0.428669
0.448827
0.446533
0.43892
0.433962
0.428183
0.415574
0.489445
0.478358
0.421923
0.391045
0.40982
0.449488
0.415168
0.411293
0.456994
0.442674
0.39469
0.453851
0.471651
0.504704
0.452937
0.457431
0.42897
0.431202
0.428383
0.442164
0.421051
0.456105
0.398247
0.461913
0.435194
0.414666
0.424241
0.44247
0.42494
0.447899
0.472499
0.454698
0.461885
0.434536
0.423887
0.387825
0.386817
0.387216
0.404439
0.389547
0.381057
0.391781
0.384947
0.366126
0.354117
0.354404
0.347917
0.339941
0.354488
0.355384
0.351151
0.367862
0.376083
0.370041
0.43234
0.410836
0.38516
0.39758
0.389588
0.381459
0.390284
0.399243
0.413584
0.453654
0.439436
0.412584
0.394233
0.412581
0.414646
0.417158
0.455305
0.405473
0.426682
0.426209
0.377147
0.37134
0.384993
0.388698
0.406307
0.422323
0.405154
0.400731
0.432715
0.435795
0.455897
0.47224
0.438573
0.512827
0.476361
0.431427
0.416331
0.398782
0.38133
0.374828
0.391839
0.422836
0.414722
0.41811
0.41455
0.413787
0.387849
0.373819
0.368241
0.373107
0.377424
0.378062
0.403538
0.401389
0.407602
0.438031
0.442057
0.411693
0.427532
0.426225
0.463039
0.504326
0.448893
0.450927
0.390672
0.404935
0.407035
0.487203
0.396574
0.466202
0.482556
0.459527
0.453388
0.428512
0.448523
0.399486
0.451604
0.44628
0.506243
0.467789
0.466333
0.461673
0.516478
0.526997
0.533056
0.492523
0.510911
0.527645
0.53299
0.527226
0.462867
0.538916
0.479325
0.518998
0.485534
0.501657
0.482338
0.46578
0.463622
0.472364
0.478763
0.523066
0.559319
0.559595
0.541463
0.592305
0.53309
0.528583
0.538581
0.526307
0.555312
0.53341
0.589728
0.594983
0.579542
0.606861
0.569313
0.502862
0.486372
0.419402
0.482591
0.470391
0.464403
0.480139
0.473327
0.406986
0.396299
0.399375
0.395457
0.441838
0.470007
0.434769
0.425928
0.416107
0.39187
0.372839
0.38792
0.397699
0.441012
0.449407
0.460784
0.466257
0.42372
0.411832
0.422571
0.434283
0.435154
0.416267
0.423297
0.406292
0.368089
0.357461
0.369618
0.356567
0.364169
0.37028
0.378339
0.402067
0.409557
0.422082
0.442422
0.443779
0.446165
0.451597
0.448841
0.454477
0.441099
0.436661
0.45237
0.436554
0.42448
0.428608
0.422284
0.446707
0.427651
0.387672
0.374856
0.399372
0.415064
0.403421
0.390659
0.408139
0.401476
0.396973
0.405454
0.392394
0.372386
0.350206
0.361381
0.38052
0.368265
0.380744
0.388653
0.384932
0.42262
0.431771
0.388294
0.384974
0.400476
0.415376
0.392795
0.416025
0.413218
0.384089
0.394284
0.423392
0.412476
0.412567
0.392732
0.367644
0.39613
0.37901
0.410126
0.413099
0.402813
0.399479
0.388816
0.396528
0.378773
0.407304
0.419143
0.42086
0.422016
0.429656
0.436939
0.443847
0.423414
0.438066
0.418588
0.405991
0.370216
0.415737
0.413631
0.409461
0.37446
0.39099
0.420183
0.406478
0.416657
0.419906
0.386867
0.398255
0.445591
0.413844
0.430707
0.427588
0.397513
0.374131
0.386019
0.390727
0.374775
0.397608
0.415733
0.400815
0.391511
0.405589
0.454714
0.508871
0.463194
0.436329
0.431528
0.448119
0.405504
0.454478
0.403047
0.42299
0.421769
0.433282
0.467793
0.417378
0.45149
0.443885
0.45896
0.462805
0.43679
0.416813
0.400776
0.407045
0.371801
0.363912
0.363892
0.366683
0.363398
0.370237
0.362129
0.390083
0.357823
0.356678
0.353641
0.354749
0.353115
0.343726
0.343152
0.346886
0.34376
0.340099
0.345356
0.344009
0.350968
0.349934
0.35462
0.350917
0.348583
0.364682
0.380389
0.382655
0.380794
0.393437
0.373229
0.382756
0.40564
0.392432
0.382084
0.371325
0.390975
0.379451
0.369984
0.361115
0.401364
0.383388
0.389477
0.417037
0.414353
0.384658
0.389795
0.404225
0.388554
0.364919
0.358692
0.349014
0.348354
0.354042
0.353608
0.356813
0.358894
0.357958
0.362745
0.356152
0.369643
0.40062
0.388073
0.421969
0.429154
0.439168
0.451435
0.482595
0.502043
0.445886
0.477595
0.501473
0.475477
0.498134
0.505374
0.534633
0.490203
0.457315
0.403785
0.392809
0.398156
0.408845
0.480566
0.41641
0.363587
0.396426
0.424654
0.45546
0.437969
0.413781
0.427448
0.39749
0.380558
0.400412
0.4207
0.457808
0.455791
0.478863
0.468898
0.466477
0.46335
0.523831
0.537663
0.424066
0.449619
0.467556
0.404448
0.36185
0.349537
0.367038
0.379746
0.374192
0.371775
0.376649
0.373486
0.366179
0.366514
0.391334
0.43483
0.400091
0.416121
0.389241
0.389996
0.39457
0.40232
0.459197
0.489846
0.464845
0.430249
0.406372
0.385926
0.389207
0.383677
0.360468
0.38283
0.3828
0.408749
0.384132
0.385879
0.378988
0.37045
0.391573
0.410107
0.387323
0.404748
0.386056
0.40824
0.421858
0.40729
0.41966
0.439299
0.415396
0.411181
0.411075
0.393606
0.385487
0.40009
0.444937
0.414684
0.383939
0.427796
0.42836
0.412741
0.487677
0.481598
0.484051
0.474735
0.432236
0.427177
0.374168
0.381618
0.429362
0.420902
0.441829
0.430715
0.46791
0.476692
0.515001
0.41823
0.47252
0.448628
0.47225
0.489888
0.445658
0.430784
0.488717
0.508483
0.407201
0.423019
0.429183
0.416988
0.400449
0.381926
0.383598
0.374955
0.365067
0.377295
0.402719
0.398232
0.375057
0.376204
0.364909
0.37189
0.37229
0.373714
0.370799
0.38887
0.390697
0.410702
0.409651
0.440995
0.429139
0.404841
0.41303
0.401428
0.391187
0.407187
0.434748
0.383547
0.430476
0.44613
0.435265
0.440256
0.401331
0.414728
0.457597
0.419519
0.399927
0.354275
0.342275
0.366676
0.430168
0.392858
0.434693
0.427015
0.440429
0.439115
0.450904
0.395502
0.394833
0.41003
0.438446
0.458687
0.50419
0.457969
0.412657
0.408908
0.422208
0.410747
0.427428
0.42085
0.4617
0.405157
0.482537
0.44379
0.456777
0.407627
0.444712
0.462322
0.456305
0.489277
0.495246
0.505976
0.461964
0.451422
0.423001
0.425138
0.430462
0.42837
0.43345
0.439504
0.439421
0.444758
0.417492
0.465602
0.445185
0.448668
0.439489
0.443388
0.424919
0.452991
0.483353
0.464159
0.467368
0.461278
0.468131
0.490707
0.468834
0.496229
0.524646
0.560542
0.538196
0.564451
0.587761
0.493774
0.512226
0.571223
0.587761
0.566795
0.569019
0.545876
0.571316
0.542617
0.496029
0.547006
0.511442
0.454889
0.437464
0.413429
0.405991
0.370259
0.37025
0.392562
0.382684
0.393079
0.44196
0.459757
0.380068
0.375073
0.41192
0.420826
0.42806
0.473191
0.401871
0.453068
0.43392
0.43534
0.423709
0.376347
0.407608
0.440459
0.422829
0.421273
0.465942
0.438835
0.398829
0.470714
0.429684
0.412594
0.421266
0.427337
0.391718
0.400773
0.413758
0.410802
0.384208
0.397503
0.420592
0.404592
0.417033
0.39447
0.341662
0.372546
0.442921
0.42785
0.47293
0.482956
0.413875
0.418484
0.423046
0.438431
0.407395
0.44034
0.451399
0.439581
0.414684
0.401782
0.409065
0.386644
0.372369
0.364582
0.366086
0.365495
0.36534
0.361076
0.366371
0.360659
0.354409
0.356546
0.359087
0.355909
0.346499
0.357434
0.344634
0.3501
0.359619
0.354829
0.362463
0.363438
0.368349
0.390428
0.392929
0.399563
0.387083
0.350388
0.384896
0.372394
0.356684
0.362756
0.363233
0.37655
0.3842
0.390651
0.379306
0.37561
0.359152
0.362156
0.391194
0.428304
0.427975
0.406843
0.393522
0.403149
0.417683
0.424321
0.436598
0.462488
0.426392
0.392741
0.407569
0.421457
0.412181
0.429103
0.441845
0.415688
0.392735
0.370875
0.365244
0.351156
0.347949
0.351792
0.350451
0.353411
0.351934
0.357243
0.365695
0.36846
0.375967
0.369893
0.367152
0.359561
0.365921
0.36804
0.372181
0.364565
0.365283
0.380489
0.380437
0.400247
0.396342
0.403626
0.435017
0.444145
0.483604
0.487046
0.491467
0.473049
0.48118
0.492578
0.399364
0.494862
0.448173
0.420669
0.495626
0.472338
0.448112
0.423234
0.377439
0.377991
0.354959
0.38016
0.39033
0.371351
0.372425
0.368117
0.36035
0.352944
0.360155
0.367759
0.384358
0.4681
0.485816
0.434443
0.392829
0.37108
0.385452
0.398798
0.412057
0.411923
0.40417
0.386066
0.390622
0.444703
0.496172
0.483749
0.548154
0.522512
0.445956
0.495553
0.492004
0.415507
0.419534
0.473703
0.558114
0.537475
0.534988
0.533068
0.500753
0.540278
0.512318
0.471961
0.526303
0.484957
0.515431
0.49198
0.524816
0.484231
0.505381
0.447024
0.504445
0.525814
0.513412
0.51585
0.507311
0.489145
0.525888
0.515447
0.493153
0.47919
0.446928
0.462237
0.487708
0.473617
0.427864
0.484613
0.43304
0.438908
0.394941
0.424831
0.429886
0.458293
0.511654
0.472635
0.386611
0.500713
0.41762
0.47458
0.471769
0.414693
0.409625
0.427351
0.437653
0.404172
0.447145
0.437758
0.447067
0.413454
0.388841
0.383321
0.377662
0.371282
0.358668
0.362442
0.357881
0.355194
0.358189
0.363447
0.374601
0.398942
0.404223
0.400093
0.382628
0.368919
0.369885
0.363452
0.367364
0.358542
0.370796
0.381912
0.403951
0.397317
0.412582
0.414194
0.40086
0.379962
0.3858
0.367781
0.379562
0.376415
0.360671
0.350325
0.358588
0.375588
0.35936
0.348803
0.349733
0.350645
0.359575
0.371989
0.381984
0.394053
0.389536
0.417524
0.385527
0.400831
0.410879
0.411814
0.405905
0.401954
0.413143
0.401056
0.407236
0.374909
0.382186
0.40029
0.378292
0.361165
0.362597
0.361505
0.354108
0.351137
0.35077
0.357215
0.359091
0.349537
0.339035
0.353142
0.347721
0.356006
0.373955
0.392501
0.370738
0.38265
0.375794
0.379487
0.388513
0.407004
0.394077
0.389226
0.348534
0.373064
0.384569
0.373107
0.360067
0.355326
0.355911
0.368062
0.35291
0.349637
0.358411
0.380154
0.372515
0.360068
0.367335
0.379005
0.377448
0.424231
0.404488
0.395341
0.384402
0.392484
0.38038
0.380623
0.379495
0.399234
0.406051
0.381858
0.401097
0.401628
0.426069
0.408487
0.421291
0.422666
0.423474
0.440713
0.40928
0.45962
0.43094
0.45057
0.461334
0.384348
0.403578
0.42814
0.390698
0.427545
0.433196
0.437487
0.460033
0.474217
0.429244
0.452752
0.499789
0.493741
0.474723
0.444821
0.458578
0.478885
0.476031
0.490627
0.517616
0.481709
0.485254
0.433531
0.470961
0.432402
0.411872
0.435208
0.395023
0.387854
0.391393
0.446152
0.428034
0.441125
0.459593
0.387964
0.379315
0.370551
0.417693
0.42615
0.473009
0.458483
0.401798
0.441241
0.486598
0.489763
0.445999
0.421016
0.393352
0.378117
0.379083
0.386372
0.413584
0.444853
0.430269
0.385052
0.421993
0.432507
0.454679
0.444934
0.435412
0.412969
0.429785
0.440363
0.429976
0.424991
0.428355
0.410263
0.407305
0.430973
0.421493
0.425943
0.470147
0.457309
0.49591
0.464334
0.449678
0.48014
0.461718
0.41312
0.405485
0.394558
0.4483
0.461499
0.471105
0.477581
0.480877
0.491463
0.510383
0.469434
0.418987
0.438671
0.429832
0.405398
0.451074
0.431197
0.437689
0.439792
0.463961
0.49487
0.493027
0.51111
0.440756
0.378732
0.451658
0.4437
0.411366
0.420356
0.407775
0.404426
0.379017
0.391269
0.362912
0.374942
0.36296
0.397896
0.422033
0.437798
0.411041
0.418353
0.440326
0.429516
0.421426
0.409068
0.397223
0.41469
0.38402
0.39129
0.374872
0.371652
0.373003
0.382957
0.381416
0.374655
0.35658
0.35645
0.354322
0.351854
0.358944
0.353693
0.355512
0.360976
0.378716
0.378914
0.40945
0.393307
0.374262
0.363789
0.359943
0.367762
0.352286
0.369498
0.376953
0.371903
0.38608
0.36385
0.380043
0.37975
0.368033
0.3517
0.344626
0.361013
0.379264
0.382023
0.401113
0.391294
0.387339
0.392536
0.39446
0.396394
0.376779
0.39418
0.392692
0.398437
0.404398
0.381889
0.346572
0.366145
0.381587
0.386496
0.376794
0.394366
0.386627
0.39992
0.38617
0.433579
0.44151
0.421882
0.428055
0.418829
0.409611
0.404094
0.396142
0.372293
0.354061
0.365347
0.479511
0.386485
0.398668
0.369296
0.35933
0.369704
0.373517
0.371246
0.364128
0.371398
0.353953
0.38124
0.348366
0.363609
0.362632
0.380334
0.391674
0.395019
0.408474
0.389459
0.369829
0.357703
0.37042
0.387329
0.363036
0.372891
0.363968
0.383201
0.395823
0.392194
0.36654
0.395558
0.388642
0.383712
0.384722
0.408945
0.408632
0.51071
0.413331
0.40853
0.465787
0.490234
0.451822
0.475737
0.494278
0.443718
0.417777
0.41812
0.451596
0.443388
0.43965
0.507433
0.509598
0.467349
0.493891
0.489886
0.47576
0.446072
0.489742
0.480656
0.438942
0.389761
0.361225
0.38528
0.468425
0.490562
0.460897
0.448732
0.486454
0.479427
0.484541
0.4331
0.392999
0.387247
0.371927
0.371212
0.358911
0.364625
0.359842
0.34564
0.345446
0.350973
0.34496
0.358279
0.370317
0.363253
0.373514
0.364194
0.409319
0.402992
0.381484
0.372529
0.395972
0.400318
0.418361
0.422918
0.389641
0.366035
0.399788
0.399066
0.397827
0.396847
0.381752
0.381815
0.379912
0.405797
0.402352
0.388796
0.403121
0.399894
0.413252
0.400729
0.396291
0.39706
0.389058
0.374254
0.39081
0.37279
0.372827
0.377006
0.378944
0.384361
0.374798
0.348547
0.368279
0.353004
0.353407
0.34635
0.34552
0.354107
0.357007
0.345412
0.349165
0.348397
0.377343
0.398183
0.405354
0.381985
0.395087
0.387844
0.380174
0.365922
0.358762
0.349768
0.355169
0.361365
0.338304
0.353486
0.380964
0.381291
0.37388
0.36923
0.350811
0.364785
0.357994
0.34164
0.347223
0.361168
0.360176
0.355974
0.37969
0.367096
0.366286
0.364159
0.351847
0.347797
0.347174
0.338753
0.350735
0.338034
0.346547
0.354056
0.350653
0.347044
0.345855
0.34192
0.342272
0.356754
0.357823
0.356549
0.358633
0.370412
0.361668
0.375513
0.394947
0.386107
0.374416
0.368813
0.35409
0.346379
0.357528
0.350304
0.364157
0.368394
0.381985
0.39759
0.394035
0.390235
0.412251
0.418104
0.406511
0.419442
0.421861
0.412857
0.423371
0.410853
0.409778
0.409314
0.421474
0.416489
0.394864
0.373756
0.389815
0.388307
0.383603
0.38497
0.396945
0.423293
0.406059
0.389829
0.366945
0.368361
0.371739
0.40669
0.402697
0.392406
0.391553
0.396086
0.401484
0.413482
0.364492
0.400173
0.397237
0.400237
0.379448
0.3983
0.435572
0.411141
0.438134
0.456862
0.38556
0.405396
0.423501
0.410528
0.433286
0.419662
0.418976
0.401035
0.403908
0.457674
0.440535
0.422449
0.467744
0.464646
0.459601
0.454035
0.455067
0.513217
0.470505
0.433155
0.448479
0.464745
0.487245
0.472596
0.463905
0.433197
0.424747
0.438073
0.456174
0.510503
0.484725
0.491167
0.460621
0.443081
0.441922
0.443101
0.42123
0.424518
0.429421
0.419245
0.380914
0.467048
0.466813
0.463936
0.469815
0.45014
0.443906
0.431416
0.425878
0.424938
0.430066
0.44394
0.435137
0.440049
0.487777
0.475781
0.45295
0.470182
0.477882
0.515992
0.492714
0.457228
0.436599
0.513759
0.463861
0.474011
0.458188
0.464708
0.56702
0.519276
0.498238
0.47427
0.426016
0.41795
0.412671
0.404154
0.40187
0.403356
0.408619
0.418663
0.419052
0.413903
0.435638
0.453323
0.459743
0.454396
0.420622
0.418834
0.443412
0.470863
0.467256
0.480769
0.487596
0.506952
0.50124
0.512865
0.550257
0.597753
0.520647
0.423584
0.409197
0.424444
0.406872
0.415146
0.443678
0.433396
0.408379
0.444582
0.417323
0.408997
0.424594
0.4027
0.371723
0.389403
0.417324
0.405138
0.417969
0.413553
0.443144
0.430811
0.417479
0.423659
0.413724
0.402847
0.427669
0.391761
0.414007
0.43971
0.433586
0.44314
0.403773
0.452505
0.401474
0.42255
0.416877
0.399747
0.404762
0.43882
0.411616
0.436106
0.426394
0.427889
0.444051
0.422428
0.3949
0.390111
0.389774
0.398484
0.380941
0.40492
0.40994
0.389897
0.389227
0.382785
0.382463
0.396966
0.38701
0.350321
0.344581
0.382408
0.412756
0.38447
0.389594
0.396149
0.394194
0.377001
0.364243
0.3525
0.359749
0.356274
0.367297
0.380035
0.38225
0.390262
0.371877
0.393998
0.424434
0.431994
0.417001
0.397478
0.409237
0.382182
0.386421
0.381314
0.406859
0.392772
0.404113
0.402962
0.37747
0.389574
0.41384
0.418458
0.421805
0.423584
0.423437
0.421101
0.432174
0.381783
0.400408
0.395216
0.381792
0.379772
0.380648
0.402462
0.40446
0.377803
0.405772
0.389056
0.394567
0.406333
0.419156
0.397903
0.394503
0.397455
0.398494
0.43163
0.392706
0.419646
0.42764
0.406162
0.428275
0.411686
0.395911
0.357615
0.352736
0.356297
0.35844
0.361154
0.35862
0.33994
0.34103
0.344497
0.340331
0.33988
0.338342
0.336734
0.358752
0.338361
0.341361
0.345296
0.347346
0.352803
0.357524
0.364352
0.385412
0.392811
0.356747
0.366908
0.381681
0.382977
0.364568
0.365035
0.345873
0.34802
0.341888
0.352364
0.33532
0.331766
0.335706
0.347387
0.350637
0.347542
0.336457
0.339073
0.346244
0.341423
0.347037
0.340617
0.344032
0.355525
0.353577
0.348814
0.342939
0.350737
0.348271
0.347626
0.351188
0.346013
0.338867
0.333126
0.329677
0.339143
0.349897
0.340371
0.343974
0.347264
0.335558
0.344799
0.348554
0.338574
0.342481
0.363557
0.363857
0.371372
0.368752
0.401377
0.390776
0.392302
0.372894
0.381018
0.371032
0.378713
0.368112
0.385356
0.389559
0.382315
0.361589
0.364513
0.381721
0.401837
0.358488
0.385778
0.377851
0.371217
0.358147
0.384926
0.377753
0.373397
0.372709
0.374289
0.38393
0.389752
0.382044
0.357855
0.350972
0.352769
0.343763
0.346163
0.343425
0.34376
0.33349
0.347537
0.339428
0.34361
0.351753
0.348355
0.345191
0.350156
0.347091
0.347397
0.349609
0.354856
0.342018
0.337227
0.342253
0.352939
0.336907
0.34725
0.340304
0.341238
0.351125
0.345508
0.349945
0.331202
0.342492
0.348052
0.346419
0.346488
0.354084
0.354976
0.368518
0.363878
0.373813
0.367668
0.356011
0.356569
0.355061
0.356862
0.362317
0.370006
0.366663
0.360536
0.366977
0.39011
0.401124
0.402242
0.411267
0.441791
0.401825
0.374843
0.381392
0.379537
0.382751
0.397528
0.399414
0.40314
0.410301
0.440318
0.46072
0.441594
0.420464
0.429914
0.433038
0.443134
0.415434
0.407392
0.435793
0.407218
0.37791
0.367268
0.361516
0.377403
0.37446
0.388481
0.400263
0.390479
0.370969
0.362302
0.352523
0.355423
0.36334
0.364845
0.35499
0.358645
0.361721
0.368086
0.39336
0.394731
0.410698
0.398546
0.382207
0.375361
0.370089
0.3741
0.370976
0.380973
0.381641
0.382339
0.408352
0.404398
0.429515
0.430247
0.4557
0.485636
0.437222
0.444756
0.483099
0.48014
0.482388
0.454962
0.476913
0.536224
0.497525
0.502961
0.539833
0.484452
0.405079
0.358168
0.421102
0.431734
0.437979
0.435988
0.426833
0.383606
0.375469
0.403809
0.438204
0.486444
0.451534
0.489771
0.413354
0.48769
0.468476
0.405162
0.390116
0.381733
0.378855
0.369346
0.369856
0.360397
0.350354
0.349663
0.349842
0.342447
0.342366
0.347585
0.356356
0.355507
0.363006
0.353371
0.3596
0.36767
0.374355
0.3795
0.374145
0.380299
0.40471
0.40642
0.384173
0.400256
0.39309
0.380748
0.377847
0.37698
0.37393
0.387468
0.411885
0.417598
0.43342
0.416091
0.409828
0.43097
0.36682
0.397033
0.377996
0.414554
0.391654
0.382797
0.360511
0.38007
0.376897
0.377067
0.370808
0.380491
0.396926
0.389763
0.377189
0.364714
0.356111
0.342365
0.344574
0.341369
0.350071
0.353523
0.338296
0.350674
0.346135
0.340811
0.345884
0.340905
0.350361
0.344537
0.34946
0.362809
0.379054
0.382777
0.38259
0.377289
0.367519
0.347644
0.343348
0.353614
0.334193
0.353537
0.356685
0.363929
0.350188
0.35759
0.35118
0.356054
0.382693
0.403432
0.417566
0.432563
0.40451
0.381418
0.423328
0.392279
0.407108
0.40595
0.406091
0.406516
0.372677
0.39905
0.39772
0.394829
0.379203
0.395653
0.409042
0.40969
0.436554
0.40766
0.416208
0.394997
0.410632
0.400813
0.398306
0.417349
0.393581
0.379003
0.395467
0.394793
0.402727
0.386432
0.410357
0.391471
0.396915
0.394374
0.384314
0.378488
0.377629
0.397041
0.384541
0.421392
0.424817
0.396843
0.383432
0.374643
0.371572
0.364979
0.396178
0.410386
0.417016
0.403037
0.42634
0.462506
0.451605
0.448762
0.383075
0.408611
0.424958
0.396195
0.369347
0.3536
0.38329
0.460706
0.415599
0.37274
0.404906
0.459493
0.483911
0.425313
0.455695
0.452351
0.451247
0.41423
0.404676
0.432672
0.403803
0.403087
0.402178
0.403039
0.416113
0.4462
0.456311
0.444117
0.434975
0.465716
0.430323
0.46727
0.482765
0.445082
0.438793
0.458863
0.417024
0.425639
0.443596
0.475717
0.47079
0.491491
0.465997
0.429207
0.458376
0.440299
0.409001
0.395138
0.380309
0.38516
0.384828
0.38112
0.373517
0.380917
0.362663
0.375229
0.396111
0.408918
0.401219
0.376728
0.358558
0.353475
0.361591
0.356135
0.346729
0.346323
0.358067
0.359529
0.359483
0.358334
0.361756
0.366945
0.384072
0.373714
0.363955
0.360316
0.350143
0.368175
0.369958
0.376257
0.401363
0.393411
0.424763
0.397837
0.377189
0.432595
0.450513
0.431704
0.40969
0.442166
0.474345
0.452951
0.408472
0.502325
0.406785
0.408795
0.429448
0.481131
0.463638
0.520269
0.419575
0.391628
0.499153
0.451946
0.432069
0.477179
0.457946
0.441742
0.482115
0.452276
0.457172
0.438266
0.430578
0.426553
0.446283
0.418357
0.418092
0.419687
0.412733
0.407999
0.410723
0.455442
0.482202
0.473921
0.517953
0.433385
0.514933
0.504379
0.524875
0.434582
0.455189
0.491793
0.455754
0.470923
0.494145
0.458692
0.522165
0.458206
0.506918
0.456937
0.572116
0.526791
0.571997
0.551397
0.578528
0.556407
0.445613
0.412091
0.414583
0.426131
0.410636
0.430055
0.444578
0.423324
0.398467
0.38841
0.391385
0.403593
0.457066
0.383175
0.451413
0.433324
0.410405
0.401589
0.413389
0.415413
0.406028
0.409339
0.428339
0.44123
0.445256
0.432557
0.441353
0.403186
0.427804
0.425616
0.492844
0.435215
0.420257
0.424539
0.391775
0.406857
0.407031
0.422214
0.408543
0.419736
0.412542
0.401089
0.37669
0.354656
0.373686
0.365859
0.361881
0.374141
0.378792
0.380462
0.368272
0.364161
0.387189
0.377663
0.400671
0.410886
0.383687
0.39442
0.403621
0.400346
0.449507
0.51135
0.456311
0.47396
0.44778
0.45537
0.509885
0.439795
0.428403
0.420127
0.405162
0.440641
0.457334
0.403005
0.410311
0.419656
0.452722
0.421882
0.428221
0.393898
0.379256
0.37172
0.356788
0.358777
0.382427
0.388173
0.404788
0.384678
0.398967
0.384596
0.39201
0.380018
0.363993
0.37964
0.379667
0.417368
0.395946
0.406525
0.436845
0.395995
0.406558
0.437153
0.417814
0.394709
0.418168
0.387864
0.389269
0.370212
0.37781
0.354559
0.361188
0.375258
0.390534
0.416044
0.404659
0.392853
0.36943
0.366459
0.383913
0.367979
0.436864
0.430073
0.404155
0.404514
0.438868
0.38922
0.403152
0.432673
0.417488
0.409345
0.401051
0.407256
0.412074
0.424143
0.409115
0.401227
0.404117
0.372426
0.432873
0.430462
0.444419
0.433353
0.444808
0.393434
0.455463
0.421006
0.425707
0.493667
0.461279
0.465382
0.4015
0.477668
0.462661
0.463711
0.4887
0.456899
0.39426
0.390696
0.449202
0.428586
0.46544
0.461277
0.434318
0.423329
0.460356
0.459466
0.493043
0.476706
0.424289
0.398088
0.429695
0.417823
0.419448
0.393833
0.446561
0.423071
0.429171
0.397811
0.428851
0.482073
0.500587
0.52717
0.470048
0.509374
0.486906
0.493532
0.411205
0.451095
0.394223
0.37153
0.444261
0.37428
0.522851
0.526158
0.476627
0.436672
0.487462
0.475995
0.426634
0.410737
0.428359
0.426289
0.437675
0.443055
0.452624
0.430938
0.381652
0.405835
0.414615
0.459036
0.438653
0.414346
0.419844
0.393453
0.430747
0.464384
0.452377
0.409692
0.43575
0.433845
0.400066
0.388874
0.390491
0.375361
0.377913
0.406861
0.427731
0.474584
0.446374
0.468844
0.459957
0.469433
0.462336
0.47647
0.49107
0.428102
0.465979
0.456135
0.405698
0.404416
0.43415
0.437041
0.44847
0.446592
0.438579
0.450328
0.409397
0.391889
0.387986
0.383008
0.398369
0.383004
0.379727
0.380939
0.372485
0.391239
0.404618
0.418581
0.39119
0.380945
0.373189
0.371493
0.395351
0.417396
0.434822
0.443613
0.446895
0.423445
0.430585
0.388525
0.464131
0.441766
0.427427
0.46055
0.475803
0.486066
0.41779
0.538139
0.577687
0.611428
0.612903
0.597652
0.546932
0.55765
0.562884
0.53672
0.550798
0.490287
0.484649
0.468139
0.484062
0.536198
0.527828
0.502512
0.456727
0.445469
0.440376
0.41417
0.413893
0.405411
0.417373
0.412019
0.421079
0.40457
0.407397
0.415471
0.459529
0.479398
0.455391
0.425762
0.414256
0.423975
0.438137
0.459269
0.479716
0.501686
0.499802
0.459435
0.467774
0.467765
0.461856
0.435786
0.423912
0.418649
0.413605
0.408725
0.450093
0.458298
0.45874
0.468763
0.492334
0.429341
0.439055
0.456761
0.416963
0.440336
0.448134
0.454977
0.434945
0.459233
0.429104
0.433554
0.409749
0.439972
0.446501
0.429081
0.462274
0.431614
0.427544
0.462887
0.46484
0.43682
0.435601
0.441821
0.430167
0.452982
0.426392
0.414229
0.417849
0.409444
0.403005
0.432236
0.446597
0.4706
0.478079
0.49054
0.465728
0.495084
0.509574
0.482984
0.494652
0.508175
0.511735
0.521708
0.473397
0.402953
0.409159
0.427743
0.413206
0.415632
0.41484
0.387932
0.456926
0.402749
0.379668
0.39737
0.440344
0.431462
0.434613
0.432448
0.426605
0.470703
0.502557
0.470919
0.45122
0.481988
0.449354
0.454022
0.42979
0.406761
0.396211
0.391925
0.384789
0.407357
0.40248
0.39691
0.417986
0.380838
0.41098
0.462553
0.429658
0.416547
0.457942
0.432456
0.421281
0.435465
0.436835
0.444585
0.460785
0.504248
0.461936
0.510316
0.508721
0.467451
0.44906
0.438824
0.384289
0.380936
0.366957
0.366879
0.374104
0.367581
0.360589
0.357686
0.359889
0.361749
0.359881
0.378552
0.36371
0.373155
0.36153
0.366545
0.353638
0.365218
0.362134
0.366395
0.36901
0.374532
0.391706
0.393178
0.409231
0.429165
0.440278
0.48044
0.471515
0.480588
0.503361
0.493279
0.513593
0.466168
0.500323
0.474069
0.442635
0.445817
0.409902
0.460478
0.486271
0.505598
0.422843
0.404555
0.450908
0.429801
0.442174
0.371235
0.389357
0.467119
0.434839
0.426046
0.407193
0.391334
0.444198
0.447811
0.45332
0.468487
0.452887
0.379794
0.362341
0.36676
0.363504
0.37577
0.404233
0.41065
0.4314
0.432671
0.418215
0.429311
0.426514
0.431648
0.443863
0.421074
0.41173
0.407695
0.413721
0.419809
0.428445
0.464403
0.50748
0.479608
0.41211
0.420796
0.425896
0.413836
0.417474
0.421807
0.439601
0.495374
0.493447
0.493162
0.481634
0.523576
0.565644
0.555769
0.492283
0.477421
0.501658
0.479052
0.488654
0.492475
0.512307
0.530066
0.53171
0.590817
0.603597
0.582481
0.512325
0.548567
0.502595
0.525897
0.472751
0.530416
0.505885
0.541004
0.508147
0.459767
0.466693
0.520575
0.426486
0.460603
0.526959
0.461548
0.487431
0.508043
0.502723
0.440928
0.461932
0.448555
0.471366
0.487158
0.443644
0.477214
0.541734
0.499758
0.499396
0.505822
0.4335
0.466804
0.483927
0.445838
0.440801
0.472887
0.455914
0.408664
0.441587
0.418042
0.438614
0.427017
0.418047
0.396729
0.394802
0.41544
0.433766
0.391065
0.396326
0.409186
0.404795
0.417768
0.400329
0.402388
0.418244
0.443196
0.421087
0.471476
0.440293
0.505897
0.493133
0.535384
0.503509
0.527074
0.456717
0.50352
0.467488
0.42662
0.441749
0.425764
0.479757
0.492028
0.421187
0.388712
0.416955
0.493162
0.460323
0.406754
0.483547
0.490111
0.502419
0.462844
0.449035
0.400001
0.406368
0.422583
0.453923
0.39201
0.476694
0.451726
0.443283
0.446884
0.392013
0.454387
0.450515
0.446303
0.436232
0.432114
0.442268
0.48321
0.459666
0.442129
0.40919
0.445567
0.458711
0.486375
0.465026
0.410378
0.426894
0.452028
0.511139
0.511965
0.479771
0.454585
0.509871
0.472459
0.494323
0.46487
0.401631
0.398694
0.46082
0.525812
0.505699
0.482281
0.486713
0.485184
0.457642
0.483458
0.496416
0.525866
0.469933
0.479492
0.517484
0.485405
0.498964
0.439477
0.43652
0.43945
0.415628
0.497003
0.473027
0.394169
0.488274
0.468505
0.458924
0.486288
0.482787
0.533807
0.484275
0.510707
0.458004
0.423784
0.424989
0.413575
0.380942
0.374384
0.371227
0.361283
0.351924
0.355875
0.3607
0.361961
0.371468
0.371447
0.381733
0.372439
0.424937
0.402094
0.395919
0.403095
0.396357
0.454615
0.44388
0.448135
0.484368
0.472671
0.446636
0.453209
0.444631
0.395764
0.438616
0.413451
0.425357
0.428767
0.419789
0.371006
0.39867
0.46608
0.362943
0.414279
0.421288
0.469158
0.376674
0.398027
0.489378
0.485537
0.449904
0.4296
0.448317
0.456323
0.462004
0.392796
0.371501
0.428503
0.435906
0.484344
0.423227
0.444101
0.437246
0.448744
0.44872
0.413505
0.374861
0.365379
0.401478
0.383762
0.379584
0.372183
0.366266
0.372463
0.370064
0.382586
0.374895
0.410596
0.454028
0.474941
0.460153
0.459854
0.513033
0.504908
0.482133
0.505789
0.511543
0.518861
0.515315
0.486882
0.539851
0.526994
0.492302
0.510413
0.501211
0.486941
0.53563
0.491097
0.463384
0.542125
0.508298
0.498223
0.552054
0.543993
0.517011
0.517707
0.478212
0.571269
0.587889
0.558874
0.580984
0.553845
0.516939
0.536646
0.419967
0.428283
0.42253
0.378044
0.368588
0.354148
0.369801
0.382186
0.384377
0.409215
0.413893
0.419528
0.424957
0.395869
0.372126
0.369349
0.380683
0.390241
0.388358
0.403481
0.407704
0.394779
0.396072
0.396809
0.423311
0.438116
0.41445
0.395495
0.38968
0.439177
0.440992
0.431995
0.383337
0.414376
0.424799
0.444576
0.437092
0.421879
0.403814
0.400892
0.416274
0.450948
0.45223
0.4284
0.431037
0.426094
0.465753
0.433762
0.417766
0.40933
0.38678
0.406484
0.411871
0.424304
0.431383
0.396609
0.384886
0.442804
0.446022
0.434656
0.423051
0.407849
0.417512
0.411376
0.401888
0.383417
0.389052
0.398468
0.38709
0.401986
0.413594
0.393778
0.377139
0.372041
0.375368
0.366865
0.375823
0.359133
0.353454
0.344501
0.343828
0.348764
0.345474
0.346797
0.347119
0.360852
0.362249
0.370082
0.389713
0.394988
0.421143
0.39258
0.388868
0.367389
0.349949
0.354915
0.366097
0.349231
0.362441
0.366649
0.383966
0.391238
0.408243
0.397614
0.413599
0.424032
0.428992
0.418664
0.368979
0.486848
0.482896
0.411615
0.37774
0.374677
0.373304
0.368272
0.357829
0.370057
0.371279
0.368589
0.358158
0.35853
0.356753
0.352255
0.358744
0.374062
0.386193
0.367774
0.383882
0.369887
0.357493
0.359802
0.367635
0.356062
0.360567
0.361313
0.375874
0.424644
0.403279
0.409247
0.439523
0.428724
0.426949
0.482033
0.454813
0.40834
0.427835
0.440198
0.413566
0.476204
0.452313
0.480977
0.512748
0.390637
0.41467
0.446097
0.443656
0.430005
0.434249
0.42772
0.420725
0.405767
0.39807
0.383774
0.379004
0.376243
0.382408
0.358496
0.363142
0.366532
0.376869
0.391676
0.377536
0.377324
0.38274
0.391653
0.374895
0.3869
0.382535
0.396372
0.397037
0.357846
0.421235
0.425123
0.433083
0.428081
0.433818
0.444454
0.435133
0.432437
0.420252
0.429596
0.421793
0.371086
0.361006
0.34939
0.36175
0.379663
0.395693
0.416721
0.380305
0.395706
0.42859
0.402514
0.427531
0.410032
0.383801
0.388084
0.384948
0.363695
0.354104
0.346319
0.346225
0.343658
0.351909
0.347462
0.347322
0.341653
0.336767
0.347854
0.3588
0.355176
0.341656
0.347109
0.365241
0.358221
0.34404
0.355143
0.359086
0.38186
0.376728
0.408166
0.381987
0.373809
0.356158
0.347759
0.355124
0.344977
0.360054
0.37735
0.371017
0.362256
0.359663
0.378999
0.414452
0.428045
0.450024
0.376411
0.402262
0.452853
0.415673
0.410669
0.404814
0.430243
0.452798
0.4413
0.462422
0.413244
0.407739
0.409319
0.419855
0.456159
0.491806
0.452897
0.450289
0.537196
0.522887
0.458248
0.502912
0.596035
0.608384
0.592108
0.578242
0.585304
0.581498
0.535911
0.518148
0.551086
0.556921
0.564166
0.550845
0.544461
0.536144
0.545863
0.522369
0.51545
0.532473
0.491928
0.500368
0.483813
0.461805
0.530269
0.533583
0.515045
0.519984
0.468234
0.453763
0.429292
0.46466
0.510178
0.533937
0.521562
0.521523
0.523285
0.474649
0.444648
0.435539
0.494015
0.534576
0.517594
0.460204
0.529594
0.519884
0.510906
0.436547
0.498563
0.503677
0.45154
0.480873
0.507708
0.502805
0.505607
0.536097
0.517398
0.533748
0.53874
0.548845
0.556789
0.523562
0.520102
0.48537
0.418901
0.402287
0.395885
0.41146
0.402295
0.419749
0.410143
0.397893
0.430587
0.415375
0.416078
0.410706
0.420506
0.372419
0.413215
0.419696
0.429748
0.430289
0.428488
0.457696
0.484736
0.49743
0.445348
0.470648
0.461844
0.448231
0.426317
0.452308
0.433614
0.413616
0.440471
0.426428
0.45378
0.470486
0.519732
0.498162
0.492721
0.429024
0.461941
0.428746
0.489798
0.493491
0.511999
0.531461
0.49964
0.419653
0.40956
0.445299
0.407689
0.435156
0.511685
0.523303
0.520842
0.507243
0.510575
0.429205
0.454275
0.50348
0.519412
0.474673
0.499387
0.456613
0.5078
0.524594
0.513055
0.43347
0.440516
0.505001
0.417444
0.401612
0.431904
0.520346
0.535382
0.524981
0.525307
0.47149
0.486613
0.508924
0.494712
0.504864
0.51812
0.478109
0.489453
0.53769
0.524793
0.508503
0.536998
0.539698
0.495316
0.536988
0.517814
0.496152
0.484144
0.459582
0.416561
0.436925
0.445942
0.451747
0.442948
0.455634
0.495457
0.510609
0.485934
0.469377
0.538475
0.551669
0.473001
0.482145
0.42823
0.435852
0.443942
0.443402
0.44197
0.455631
0.484945
0.517646
0.429021
0.468629
0.484984
0.462449
0.446843
0.420697
0.477389
0.448183
0.44144
0.476788
0.457061
0.465238
0.451275
0.473726
0.472139
0.406929
0.450556
0.450371
0.425354
0.441265
0.421138
0.403915
0.379981
0.397982
0.374936
0.371181
0.361321
0.374077
0.375662
0.377443
0.376373
0.397226
0.392705
0.400463
0.393106
0.379204
0.406705
0.399105
0.417404
0.383687
0.383464
0.378555
0.388367
0.395862
0.385978
0.384369
0.390277
0.41201
0.379667
0.401931
0.384145
0.3673
0.368844
0.378748
0.382464
0.384463
0.392964
0.385506
0.413148
0.40533
0.410795
0.395524
0.39868
0.454249
0.472608
0.445138
0.410398
0.43054
0.42656
0.417825
0.438371
0.437837
0.421357
0.436117
0.394554
0.43447
0.416512
0.410798
0.425988
0.398244
0.393655
0.426829
0.426156
0.453511
0.448301
0.439627
0.448135
0.420756
0.447485
0.475826
0.476672
0.470854
0.447505
0.405513
0.477651
0.47126
0.482742
0.472813
0.503716
0.490441
0.473142
0.469926
0.474197
0.452117
0.438076
0.442677
0.455961
0.464606
0.462925
0.453509
0.496177
0.493389
0.475447
0.449911
0.499215
0.434752
0.465285
0.48128
0.448519
0.470347
0.445968
0.409365
0.399463
0.390041
0.397976
0.419377
0.45381
0.436125
0.462621
0.413026
0.422283
0.435949
0.411862
0.417394
0.426367
0.44096
0.461297
0.456811
0.474316
0.47151
0.467848
0.442984
0.413319
0.456422
0.436506
0.497143
0.499701
0.435265
0.448112
0.458022
0.459935
0.467143
0.469456
0.476306
0.496239
0.470887
0.440973
0.47305
0.454622
0.498697
0.510653
0.478182
0.467987
0.454809
0.48012
0.468558
0.439409
0.413669
0.40172
0.399122
0.412488
0.431289
0.442973
0.4169
0.39611
0.397707
0.38284
0.374923
0.375236
0.383156
0.39579
0.429158
0.4655
0.475127
0.489933
0.490957
0.499649
0.482006
0.457161
0.446933
0.489624
0.447219
0.45945
0.47216
0.439218
0.428014
0.436911
0.421353
0.429033
0.460637
0.491628
0.52313
0.542412
0.543497
0.6028
0.563944
0.542455
0.589437
0.590708
0.548118
0.532735
0.392956
0.382844
0.420373
0.361864
0.365436
0.373947
0.382291
0.376081
0.371673
0.358579
0.353818
0.352779
0.357091
0.36748
0.399714
0.40189
0.382127
0.360394
0.34857
0.357614
0.353879
0.343382
0.352135
0.342115
0.353359
0.352642
0.354465
0.358809
0.342858
0.337319
0.35002
0.355492
0.347408
0.349953
0.351306
0.341644
0.343118
0.345405
0.375052
0.345994
0.345584
0.351186
0.362983
0.359828
0.380633
0.401708
0.39436
0.395651
0.37145
0.38532
0.363876
0.361091
0.359628
0.362948
0.365387
0.377999
0.386678
0.404581
0.402287
0.38517
0.367954
0.36854
0.363472
0.369329
0.406417
0.429421
0.443334
0.444013
0.433544
0.456949
0.409806
0.451459
0.445413
0.421551
0.432345
0.426695
0.444216
0.444535
0.4351
0.405843
0.402228
0.414207
0.437007
0.462177
0.470439
0.449083
0.41642
0.404977
0.439642
0.418323
0.417171
0.417533
0.434271
0.459739
0.412382
0.430012
0.434915
0.424681
0.392747
0.409348
0.41839
0.456105
0.476
0.502676
0.493901
0.499046
0.494693
0.489338
0.53199
0.506402
0.515695
0.519024
0.559078
0.502166
0.544112
0.477741
0.573604
0.461054
0.530383
0.52485
0.454766
0.412687
0.4345
0.468742
0.452958
0.500636
0.479822
0.478152
0.477177
0.545909
0.561383
0.514308
0.493416
0.495509
0.500509
0.467017
0.44494
0.466871
0.470861
0.518952
0.502154
0.506038
0.494422
0.488521
0.460621
0.482738
0.459822
0.445638
0.436675
0.444771
0.475982
0.455359
0.452424
0.466561
0.49719
0.454771
0.39152
0.382335
0.444985
0.469321
0.491665
0.497271
0.417288
0.492182
0.504347
0.472648
0.482313
0.456123
0.46746
0.45777
0.435459
0.464331
0.454129
0.42799
0.436423
0.444815
0.422184
0.402766
0.406612
0.430443
0.450991
0.514981
0.428256
0.433166
0.495017
0.486963
0.487398
0.535804
0.551306
0.539967
0.528682
0.513092
0.469471
0.503445
0.522528
0.539133
0.43681
0.447342
0.446876
0.445166
0.441525
0.504616
0.494399
0.495576
0.493343
0.526937
0.49625
0.531247
0.519526
0.427017
0.509074
0.519728
0.500965
0.525977
0.494125
0.482121
0.46084
0.530179
0.519458
0.543345
0.511038
0.502165
0.488136
0.453697
0.442514
0.454889
0.502855
0.554486
0.496829
0.50779
0.487956
0.529768
0.534162
0.575749
0.528317
0.517811
0.461793
0.479913
0.507403
0.457789
0.465138
0.454809
0.429298
0.416187
0.436598
0.417325
0.37656
0.376338
0.374039
0.369895
0.381043
0.37758
0.38366
0.396057
0.394851
0.403394
0.419656
0.400528
0.387977
0.39221
0.384642
0.38773
0.403111
0.394824
0.440609
0.450271
0.469717
0.451712
0.392634
0.394304
0.385744
0.391118
0.393379
0.395949
0.383343
0.390385
0.398196
0.419852
0.405624
0.410283
0.413782
0.400865
0.377557
0.375624
0.380847
0.390014
0.39273
0.402855
0.395228
0.392973
0.423486
0.427562
0.408504
0.41875
0.428238
0.414335
0.41172
0.414015
0.438798
0.427039
0.433669
0.424602
0.433414
0.393135
0.394112
0.379176
0.375153
0.359437
0.378362
0.409967
0.399289
0.378799
0.366273
0.374005
0.39912
0.409872
0.43601
0.424286
0.419372
0.389063
0.413252
0.379157
0.372852
0.361104
0.373377
0.361933
0.358664
0.362454
0.357345
0.361621
0.372641
0.360669
0.37204
0.362388
0.35501
0.367628
0.360819
0.363259
0.376785
0.391146
0.399929
0.401772
0.38995
0.38313
0.363999
0.359227
0.3511
0.354773
0.364951
0.360986
0.353408
0.35589
0.358811
0.35791
0.363844
0.363413
0.372475
0.369332
0.36791
0.36496
0.35039
0.360119
0.38558
0.379471
0.393623
0.386758
0.381238
0.398748
0.394035
0.399465
0.413916
0.440721
0.463227
0.490235
0.500723
0.457776
0.417315
0.408857
0.450311
0.39489
0.384603
0.393658
0.385263
0.385704
0.368397
0.382618
0.399982
0.39426
0.399313
0.412711
0.4253
0.391734
0.384816
0.388094
0.398544
0.393606
0.422094
0.412536
0.446709
0.452157
0.43936
0.425227
0.459188
0.479239
0.509179
0.443639
0.398754
0.413212
0.396778
0.395372
0.400679
0.396369
0.396942
0.406843
0.434588
0.466417
0.439158
0.417184
0.418518
0.445365
0.411604
0.397529
0.395808
0.396923
0.386176
0.385813
0.40871
0.389405
0.378989
0.386119
0.402856
0.391585
0.379439
0.382619
0.400642
0.392962
0.408486
0.384717
0.38672
0.383314
0.441295
0.40346
0.377569
0.384352
0.381047
0.37259
0.374591
0.38877
0.383227
0.406245
0.440589
0.472636
0.491959
0.432021
0.385987
0.419813
0.431035
0.391315
0.421248
0.463086
0.44697
0.452516
0.428962
0.40772
0.390307
0.382076
0.400016
0.395184
0.429925
0.391302
0.383939
0.386202
0.396624
0.390092
0.380917
0.380635
0.395824
0.400087
0.3879
0.39805
0.374808
0.37131
0.36909
0.365892
0.366263
0.365649
0.374505
0.372118
0.371492
0.374558
0.362857
0.356036
0.369456
0.357908
0.359382
0.363406
0.360898
0.363476
0.364019
0.35614
0.361767
0.355642
0.362728
0.37547
0.362748
0.370377
0.371826
0.372903
0.35607
0.355935
0.35768
0.361507
0.359397
0.362143
0.359561
0.357262
0.359504
0.350236
0.355134
0.358372
0.363002
0.360413
0.364473
0.358527
0.358758
0.372133
0.357057
0.365433
0.36056
0.359767
0.355212
0.359898
0.356337
0.364264
0.359542
0.375454
0.382697
0.356627
0.377013
0.377682
0.385232
0.365125
0.371818
0.367459
0.356332
0.361257
0.354663
0.361887
0.368307
0.396474
0.400768
0.412602
0.423894
0.416817
0.389641
0.403852
0.396351
0.4076
0.398191
0.399436
0.42255
0.422701
0.396651
0.382449
0.377136
0.371803
0.363022
0.373665
0.378806
0.378854
0.374472
0.386998
0.40728
0.459896
0.408333
0.410043
0.367612
0.361974
0.372954
0.393687
0.392576
0.415662
0.394527
0.400981
0.396739
0.392168
0.390632
0.378477
0.398697
0.388376
0.386029
0.404346
0.377663
0.370141
0.363689
0.374421
0.370211
0.356631
0.354674
0.375889
0.392148
0.44646
0.37082
0.36195
0.367321
0.366234
0.376748
0.379096
0.371922
0.398568
0.40405
0.416866
0.43242
0.435262
0.457987
0.43175
0.407928
0.404346
0.406837
0.375807
0.35813
0.36215
0.368173
0.367655
0.368923
0.3803
0.391247
0.391793
0.422044
0.396269
0.381291
0.362844
0.365367
0.371042
0.364054
0.360831
0.364431
0.356814
0.354828
0.359875
0.358751
0.354424
0.349935
0.35058
0.365082
0.386264
0.391283
0.386616
0.422113
0.468981
0.457626
0.405794
0.390907
0.397631
0.390118
0.390131
0.392883
0.392539
0.371141
0.411973
0.407056
0.421762
0.417517
0.390885
0.40531
0.401346
0.417722
0.423911
0.415619
0.414383
0.418994
0.403787
0.405029
0.423654
0.390877
0.410486
0.393089
0.383037
0.382133
0.373924
0.388935
0.394411
0.380073
0.39228
0.402058
0.402096
0.391053
0.395536
0.386285
0.376194
0.382906
0.380208
0.366515
0.372627
0.365976
0.382083
0.372486
0.361046
0.361404
0.364879
0.371912
0.372436
0.37803
0.38239
0.39156
0.373888
0.366366
0.364057
0.374809
0.367033
0.382834
0.389737
0.391407
0.382908
0.39538
0.398323
0.434543
0.424839
0.436678
0.445009
0.417969
0.442658
0.40434
0.418924
0.435545
0.385595
0.376501
0.461253
0.461215
0.547342
0.550545
0.512809
0.53381
0.407677
0.389716
0.386003
0.406215
0.382735
0.359905
0.358426
0.359097
0.380519
0.41609
0.432309
0.404682
0.399278
0.385093
0.417589
0.424135
0.406523
0.419787
0.428959
0.394353
0.410091
0.429673
0.402692
0.380988
0.383744
0.382818
0.399278
0.385392
0.397021
0.375164
0.378628
0.408977
0.386401
0.379038
0.373596
0.374383
0.391699
0.388875
0.403225
0.382175
0.385793
0.374264
0.40091
0.394056
0.397465
0.394772
0.400478
0.394303
