0.523343
0.483906
0.474491
0.484175
0.47811
0.470569
0.456535
0.453407
0.43274
0.436443
0.403164
0.400837
0.380681
0.365438
0.366655
0.382483
0.391964
0.38213
0.364772
0.380752
0.422358
0.412372
0.451199
0.434643
0.411399
0.395688
0.396934
0.413326
0.379944
0.348039
0.352125
0.449188
0.432667
0.409687
0.381505
0.423743
0.444217
0.416963
0.391574
0.413603
0.436866
0.43274
0.404598
0.411719
0.419909
0.440551
0.385664
0.395673
0.433433
0.371493
0.381362
0.398647
0.403882
0.433941
0.378019
0.369748
0.43115
0.40713
0.421298
0.410217
0.418717
0.387553
0.447074
0.40594
0.361134
0.364807
0.389095
0.365048
0.380671
0.36741
0.402563
0.394858
0.36738
0.353583
0.364314
0.380845
0.402138
0.392946
0.364862
0.442845
0.392414
0.409825
0.455692
0.49252
0.38669
0.415186
0.459146
0.383917
0.381831
0.381628
0.395562
0.423234
0.440914
0.479574
0.423328
0.396591
0.399108
0.405052
0.36797
0.349279
0.357801
0.371113
0.373453
0.382092
0.383337
0.429668
0.443849
0.412742
0.415608
0.36131
0.384256
0.386166
0.362963
0.368958
0.37253
0.382646
0.426488
0.384507
0.440704
0.490834
0.474125
0.39258
0.379086
0.400401
0.350643
0.368164
0.400987
0.389756
0.356671
0.35074
0.369362
0.392584
0.38508
0.383917
0.357977
0.369959
0.368604
0.381028
0.366472
0.363268
0.368451
0.368884
0.34497
0.384904
0.382
0.388704
0.376172
0.363996
0.36904
0.374287
0.361673
0.395411
0.408892
0.46329
0.41436
0.39627
0.359734
0.349254
0.386998
0.392372
0.377238
0.390818
0.383289
0.394843
0.402239
0.403179
0.361738
0.366309
0.374567
0.361625
0.356293
0.380494
0.379634
0.372452
0.385255
0.407225
0.435501
0.427302
0.398999
0.427723
0.409515
0.369311
0.41301
0.445247
0.477849
0.433775
0.409642
0.419626
0.403619
0.397298
0.434006
0.463277
0.444795
0.425925
0.380074
0.364088
0.360853
0.375798
0.370362
0.387678
0.375034
0.365333
0.358651
0.41099
0.37961
0.374019
0.368813
0.374284
0.391874
0.379377
0.386307
0.404895
0.420493
0.407949
0.447415
0.506495
0.399025
0.358822
0.370678
0.406441
0.417163
0.403988
0.397207
0.430248
0.40474
0.414167
0.4315
0.461492
0.357413
0.357146
0.374759
0.414776
0.449503
0.385926
0.365973
0.365147
0.362961
0.435114
0.397226
0.426408
0.382362
0.449451
0.467487
0.420259
0.434532
0.390297
0.418887
0.427459
0.409128
0.403736
0.407889
0.400222
0.386619
0.388217
0.387898
0.36198
0.372473
0.368408
0.388201
0.405009
0.388135
0.36095
0.360246
0.394614
0.414759
0.413122
0.409684
0.524513
0.399532
0.374912
0.380439
0.38402
0.369712
0.387012
0.430835
0.398509
0.381632
0.396429
0.396062
0.425169
0.440477
0.421788
0.374483
0.410698
0.426616
0.414891
0.446454
0.501196
0.547461
0.428216
0.407419
0.430857
0.391699
0.400269
0.410961
0.416572
0.415229
0.353165
0.38373
0.373511
0.459169
0.437676
0.3996
0.406405
0.402047
0.435428
0.435358
0.393572
0.412867
0.435572
0.447913
0.488033
0.484751
0.423814
0.408947
0.409431
0.364785
0.391881
0.386444
0.404021
0.404996
0.489212
0.502483
0.453493
0.404376
0.384408
0.368602
0.38842
0.369736
0.374686
0.409171
0.448728
0.432906
0.426194
0.439057
0.448427
0.42242
0.394794
0.371038
0.380995
0.389821
0.389636
0.461385
0.437694
0.370215
0.397361
0.367441
0.371345
0.355169
0.359895
0.397919
0.392489
0.409777
0.45295
0.448845
0.456503
0.45175
0.477281
0.413518
0.420588
0.406437
0.376164
0.404104
0.399663
0.383398
0.358275
0.344661
0.343389
0.378003
0.367298
0.344872
0.353284
0.393712
0.405545
0.3739
0.464084
0.426903
0.36389
0.397213
0.375221
0.355661
0.382474
0.400914
0.391093
0.412174
0.432927
0.439478
0.36925
0.395991
0.452064
0.452057
0.495193
0.419781
0.429414
0.397149
0.423782
0.408156
0.398955
0.390927
0.417962
0.446011
0.448686
0.447661
0.430891
0.438215
0.408948
0.424057
0.529383
0.438025
0.44997
0.439188
0.451219
0.442352
0.425971
0.399265
0.422421
0.442063
0.416815
0.44213
0.524479
0.489687
0.467955
0.41503
0.474855
0.441023
0.447306
0.467496
0.470889
0.444827
0.407006
0.420127
0.438033
0.420446
0.5239
0.398392
0.41572
0.368109
0.387529
0.381959
0.403587
0.419237
0.397881
0.398888
0.351523
0.378547
0.446131
0.549431
0.491733
0.503111
0.440752
0.474853
0.481401
0.497688
0.472765
0.453513
0.391944
0.387276
0.42295
0.450458
0.441164
0.451098
0.45957
0.435644
0.504274
0.377711
0.350548
0.374608
0.419951
0.427439
0.504291
0.477231
0.473593
0.454487
0.478499
0.490752
0.505162
0.431351
0.406299
0.401182
0.401027
0.380454
0.369142
0.404824
0.3992
0.428142
0.399863
0.425458
0.3893
0.364399
0.361496
0.360993
0.380135
0.39185
0.394961
0.377906
0.399753
0.369376
0.405989
0.401863
0.379496
0.393491
0.444631
0.382566
0.401291
0.387478
0.394828
