0.520423
0.580517
0.554604
0.465556
0.502861
0.489348
0.479584
0.464346
0.471227
0.500612
0.492193
0.449627
0.466869
0.493496
0.500051
0.49224
0.487218
0.473465
0.459711
0.501325
0.460611
0.472096
0.477248
0.485497
0.471757
0.462073
0.478248
0.471034
0.47953
0.467611
0.444498
0.436392
0.468946
0.477047
0.456125
0.457425
0.445011
0.455982
0.430868
0.476898
0.454056
0.439188
0.450459
0.441291
0.394358
0.394678
0.402259
0.423591
0.470903
0.479523
0.414351
0.405899
0.40625
0.417589
0.393872
0.390382
0.415758
0.394138
0.404869
0.408451
0.378235
0.394704
0.394469
0.369047
0.371507
0.366487
0.347094
0.351759
0.364318
0.377705
0.386148
0.388449
0.364777
0.356673
0.354103
0.370685
0.366703
0.378703
0.39928
0.378215
0.391398
0.377325
0.395594
0.387685
0.405898
0.391736
0.415368
0.408025
0.373265
0.36934
0.352465
0.368631
0.38578
0.379692
0.348743
0.34833
0.350168
0.344663
0.361452
0.38829
0.43247
0.472804
0.398525
0.440109
0.407608
0.413086
0.412294
0.429068
0.401741
0.385374
0.414585
0.413367
0.4336
0.449477
0.423786
0.443414
0.466182
0.475694
0.500069
0.426791
0.383609
0.425366
0.444452
0.426755
0.386943
0.381889
0.418158
0.404506
0.423897
0.40225
0.384581
0.376046
0.396786
0.381677
0.397359
0.393558
0.40962
0.405835
0.393238
0.41365
0.410342
0.429094
0.422975
0.41085
0.399497
0.385677
0.365632
0.358973
0.343062
0.339224
0.336881
0.343677
0.364561
0.361893
0.342537
0.344309
0.351474
0.365549
0.356848
0.398135
0.467613
0.465889
0.466919
0.465032
0.473687
0.445412
0.418222
0.407388
0.417551
0.414256
0.425367
0.422008
0.412451
0.378778
0.363663
0.380238
0.381068
0.375981
0.399228
0.391226
0.403708
0.438171
0.413914
0.43594
0.43851
0.483831
0.456255
0.441507
0.429488
0.419121
0.409997
0.419592
0.430766
0.429244
0.394399
0.369157
0.382813
0.396944
0.402935
0.400223
0.408327
0.431192
0.418523
0.425761
0.389656
0.43914
0.464971
0.449288
0.44977
0.379162
0.405812
0.413584
0.416131
0.445928
0.481228
0.447708
0.423222
0.372311
0.368759
0.408951
0.430927
0.386789
0.388609
0.412016
0.447157
0.379453
0.386837
0.447783
0.438656
0.435808
0.486637
0.425116
0.442821
0.428935
0.433431
0.395514
0.404058
0.380655
0.356337
0.391186
0.401432
0.418842
0.393648
0.361332
0.400055
0.45066
0.408526
0.419867
0.424706
0.448028
0.419344
0.395015
0.362279
0.356149
0.354239
0.373993
0.40415
0.399016
0.379093
0.355144
0.366667
0.381982
0.422426
0.412164
0.402875
0.381552
0.431701
0.417713
0.380229
0.397197
0.408053
0.433467
0.447345
0.417063
0.436687
0.454547
0.402589
0.359547
0.350489
0.359095
0.384536
0.37735
0.355975
0.353429
0.367192
0.423295
0.461818
0.421527
0.424447
0.451835
0.424715
0.414821
0.430849
0.433936
0.40615
0.362654
0.395221
0.43471
0.411181
0.386615
0.441097
0.433832
0.428938
0.429587
0.379227
0.361597
0.364061
0.402397
0.436887
0.4315
0.491213
0.422331
0.36212
0.378188
0.371979
0.382575
0.467211
0.461436
0.421434
0.451806
0.408944
0.396411
0.425328
0.395816
0.404562
0.37537
0.37264
0.359854
0.346636
0.350167
0.363895
0.373236
0.368175
0.353193
0.366666
0.373827
0.402667
0.378561
0.389312
0.400711
0.374784
0.353918
0.34444
0.370545
0.382447
0.401582
0.388416
0.387131
0.367741
0.354119
0.362028
0.364155
0.361994
0.361198
0.389931
0.392596
0.394947
0.406464
0.414564
0.405226
0.40838
0.386723
0.400423
0.393512
0.384149
0.373343
0.36097
0.368791
0.372154
0.359854
0.340612
0.350708
0.364383
0.359104
0.355503
0.383194
0.393318
0.364191
0.33991
0.339532
0.368334
0.382976
0.400683
0.365017
0.388769
0.407719
0.415408
0.404192
0.406897
0.376568
0.418848
0.398448
0.411618
0.366295
0.370881
0.35774
0.348389
0.363712
0.362995
0.390849
0.439997
0.434983
0.47319
0.47728
0.388906
0.388679
0.404622
0.404873
0.395274
0.369609
0.396639
0.397732
0.383616
0.410768
0.449995
0.473745
0.450191
0.437882
0.46068
0.459131
0.452048
0.479548
0.502428
0.52674
0.498571
0.368508
0.36791
0.382256
0.392654
0.422616
0.384202
0.372394
0.395544
0.439609
0.483986
0.456866
0.426508
0.515847
0.4717
0.425927
0.414903
0.383695
0.372067
0.379258
0.370034
0.364891
0.376789
0.402234
0.381571
0.384008
0.388762
0.379922
0.369577
0.373899
0.39623
0.430462
0.404463
0.382806
0.361006
0.398706
0.438926
0.439905
0.406481
0.416211
0.414772
0.438093
0.422793
0.442827
0.441282
0.458689
0.476387
0.493522
0.483192
0.458341
0.484494
0.439797
0.416446
0.410509
0.416142
0.434238
0.406444
0.393535
0.396903
0.403252
0.390101
0.408586
0.398025
0.412581
0.386396
0.38921
0.397093
0.384346
0.431351
0.429365
0.390109
0.389943
0.374654
0.358202
0.363185
0.350512
0.347553
0.359586
0.353154
0.339581
0.346902
0.342727
0.355211
0.3636
0.350882
0.364981
0.34424
0.350999
0.360329
0.377475
0.380388
0.385624
0.389864
0.3568
0.346336
0.354543
0.365031
0.375607
0.385256
0.387571
0.360393
0.377315
0.388301
0.400831
0.377084
0.376969
0.371073
0.366199
0.383583
0.406138
0.385985
0.396843
0.442867
0.42721
0.429061
0.462778
0.492972
0.469808
0.469453
0.404297
0.39075
0.389298
0.4347
0.437887
0.40557
0.399174
0.416326
0.427562
0.419767
0.420456
0.391326
0.397768
0.35938
0.349924
0.359549
0.36058
0.372778
0.396097
0.400022
0.367728
0.380442
0.37189
0.378441
0.402254
0.389334
0.376166
0.391536
0.395866
0.376627
0.348843
0.346252
0.343927
0.348911
0.354034
0.367243
0.360688
0.399607
0.402036
0.39717
0.374896
0.355718
0.351228
0.360888
0.403196
0.372428
0.397175
0.375635
0.383053
0.386746
0.441079
0.45549
0.427756
0.431752
0.411402
0.386186
0.376317
0.369773
0.369228
0.392703
0.454429
0.465496
0.45893
0.431019
0.488442
0.528295
0.489922
0.506306
0.441193
0.492524
0.508768
0.5223
0.454795
0.402015
0.372062
0.390183
0.390781
0.396226
0.410948
0.413784
0.374926
0.363733
0.37094
0.376211
0.384058
0.377867
0.419782
0.435024
0.396151
0.360959
0.351117
0.346455
0.356208
0.349934
0.347061
0.346612
0.344089
0.358534
0.38185
0.421968
0.408918
0.42597
0.414545
0.395493
0.360168
0.360492
0.352399
0.359061
0.378187
0.406391
0.399236
0.411878
0.392277
0.421293
0.374817
0.348376
0.348091
0.352667
0.357812
0.345684
0.343447
0.345163
0.348365
0.371658
0.36579
0.353685
0.389897
0.365368
0.376956
0.371958
0.395207
0.409426
0.405108
0.38803
0.3604
0.36629
0.389663
0.416784
0.387348
0.378138
0.370365
0.392816
0.399607
0.37925
0.355706
0.351573
0.349102
0.355263
0.374684
0.36721
0.352988
0.361228
0.393136
0.381585
0.363624
0.370576
0.376565
0.354296
0.368164
0.365111
0.373918
0.397813
0.389022
0.383822
0.361358
0.387992
0.365512
0.352129
0.34316
0.343529
0.371478
0.380497
0.365279
0.380976
0.378643
0.378128
0.357898
0.353873
0.356369
0.383683
0.392189
0.354107
0.344823
0.354246
0.346742
0.344675
0.343488
0.346638
0.352287
0.3877
0.413952
0.397244
0.370648
0.370232
0.378892
0.382042
0.395709
0.380297
0.390544
0.365784
0.37157
0.409487
0.403821
0.416139
0.383239
0.3692
0.359652
0.357451
0.387376
0.374777
0.347905
0.339598
0.369059
0.359024
0.39633
0.355131
0.351794
0.381808
0.396117
0.369968
0.351807
0.371231
0.382732
0.360543
0.362187
0.369547
0.363954
0.351982
0.357001
0.372007
0.389228
0.421935
0.431613
0.420549
0.418328
0.39111
0.402171
0.413145
0.531149
0.505757
0.447858
0.426318
0.405539
0.424888
0.424639
0.397489
0.393569
0.432141
0.407259
0.361738
0.371339
0.426597
0.397064
0.417101
0.405762
0.354024
0.349198
0.356467
0.353486
0.354605
0.351919
0.348043
0.350585
0.344438
0.348609
0.346962
0.359506
0.425401
0.408529
0.394679
0.40328
0.391891
0.389665
0.415889
0.377635
0.380581
0.376194
0.390535
0.392153
0.361575
0.364529
0.350977
0.374864
0.389948
0.403376
0.413242
0.40366
0.378257
0.378218
0.381038
0.395711
0.396496
0.365467
0.377229
0.377962
0.398879
0.38829
0.41049
0.393005
0.407189
0.407183
0.39855
0.40109
0.410987
0.396225
0.403565
0.411334
0.392955
0.386999
0.36436
0.349198
0.343119
0.362022
0.364136
0.367018
0.362217
0.379461
0.350672
0.369317
0.365601
0.374119
0.39118
0.378464
0.369822
0.361124
0.355871
0.354572
0.365654
0.359131
0.344012
0.344176
0.364504
0.374562
0.377996
0.368843
0.377996
0.392852
0.400111
0.380035
0.387505
0.388308
0.355575
0.377792
0.373509
0.353926
0.368033
0.389941
0.379233
0.383664
0.386225
0.398031
0.376219
0.362818
0.36598
0.400575
0.441187
0.465373
0.452462
0.442919
0.407121
0.424837
0.453853
0.459155
0.419081
0.461231
0.40747
0.379287
0.375848
0.404999
0.388606
0.386056
0.452315
0.47371
0.430223
0.381234
0.412949
0.434986
0.384117
0.415032
0.414847
0.403539
0.433045
0.375883
0.359917
0.376381
0.357896
0.360371
0.377815
0.390478
0.447816
0.423454
0.427377
0.450034
0.473903
0.447433
0.429756
0.465973
0.482917
0.474662
0.497933
0.460066
0.432004
0.42834
0.443021
0.438906
0.428326
0.419916
0.444275
0.412041
0.371971
0.406885
0.417603
0.396228
0.421353
0.429018
0.434275
0.420167
0.416572
0.394975
0.390741
0.395932
0.415493
0.372568
0.376798
0.411406
0.403173
0.409741
0.405059
0.413944
0.454
0.483411
0.43707
0.511545
0.457986
0.454408
0.467841
0.44397
0.423957
0.426555
0.455262
0.480575
0.467732
0.484
0.392761
0.402184
0.396849
0.359895
0.362827
0.36314
0.378041
0.418765
0.399747
0.359604
0.353449
0.385018
0.367822
0.36426
0.37031
0.34248
0.348676
0.340107
0.350475
0.358684
0.375368
0.378059
0.363718
0.409064
0.364008
0.381601
0.361205
0.364001
0.372023
0.377814
0.355157
0.378217
0.376964
0.3805
0.394965
0.385337
0.395147
0.397845
0.417065
0.380891
0.351901
0.350223
0.345722
0.35068
0.370287
0.356604
0.375683
0.387129
0.363512
0.343927
0.341825
0.358682
0.390033
0.400423
0.422836
0.420373
0.40585
0.410331
0.410764
0.369398
0.382747
0.361664
0.366773
0.375584
0.386685
0.388466
0.352577
0.366831
0.365975
0.362487
0.361321
0.389194
0.366008
0.365647
0.35901
0.373123
0.387579
0.384435
0.378018
0.392998
0.396149
0.381863
0.400411
0.406673
0.407931
0.364236
0.349426
0.372906
0.393643
0.390816
0.377572
0.371071
0.379752
0.415427
0.430775
0.432528
0.406854
0.377433
0.372989
0.418282
0.385058
0.419717
0.445892
0.436032
0.42983
0.416573
0.391106
0.412611
0.389387
0.404826
0.447701
0.469808
0.45344
0.456531
0.544133
0.550472
0.482147
0.44364
0.509877
0.474543
0.381604
0.373797
0.347673
0.366834
0.357101
0.367259
0.356887
0.351524
0.362127
0.376299
0.36773
0.362667
0.368815
0.388756
0.410367
0.404444
0.401323
0.411913
0.414367
0.413182
0.407095
0.414812
0.446253
0.40248
0.394331
0.401124
0.396969
0.424522
0.397884
0.387807
0.409299
0.387137
0.404638
0.400017
0.463852
0.458312
0.415114
0.431935
0.40694
0.374523
0.415278
0.41696
0.37235
0.362671
0.395419
0.446433
0.414728
0.410717
0.423548
0.450027
0.432407
0.434426
0.411567
0.443022
0.448475
0.505957
0.487318
0.419155
0.378843
0.353878
0.364324
0.356902
0.354719
0.350247
0.345051
0.346101
0.369228
0.372707
0.355422
0.369334
0.384629
0.384902
0.369818
0.368595
0.377456
0.385946
0.408391
0.471002
0.470223
0.515073
0.488394
0.386264
0.395965
0.434319
0.399992
0.389951
0.372778
0.35458
0.363458
0.393065
0.367007
0.355216
0.35707
0.37355
0.383264
0.35978
0.343655
0.35851
0.367223
0.370577
0.3715
0.359834
0.349639
0.373748
0.439081
0.449563
0.433773
0.421532
0.455183
0.387253
0.409822
0.412341
0.373648
0.389151
0.426365
0.436963
0.436043
0.408675
0.430736
0.39346
0.361878
0.359041
0.377542
0.436609
0.458353
0.480223
0.443942
0.421761
0.438638
0.482974
0.439479
0.502013
0.472745
0.462292
0.471164
0.39347
0.382758
0.377991
0.406415
0.446486
0.417354
0.449047
0.46237
0.418171
0.356001
0.364331
0.361331
0.388505
0.392534
0.411246
0.428806
0.447403
0.486334
0.449902
0.379724
0.411336
0.420886
0.446138
0.42058
0.424977
0.410873
0.378663
0.383061
0.404729
0.373872
0.388285
0.40663
0.459988
0.392837
0.390236
0.448067
0.444505
0.418625
0.417795
0.415329
0.365499
0.360144
0.390434
0.396535
0.414988
0.393988
0.407259
0.393074
0.38839
0.365731
0.3993
0.393997
0.374128
0.375418
0.375656
0.400059
0.401217
0.38868
0.373086
0.406326
0.380746
0.383037
0.399697
0.39541
0.358568
0.352392
0.347784
0.353098
0.383654
0.411956
0.373618
0.344493
0.353018
0.366876
0.388424
0.357725
0.357354
0.366086
0.375245
0.372921
0.367573
0.405652
0.411143
0.40233
0.399936
0.426848
0.372849
0.39979
0.430874
0.418791
0.396562
0.376514
0.36279
0.372155
0.372869
0.372537
0.366111
0.342409
0.348626
0.337503
0.346701
0.352741
0.369457
0.387934
0.401233
0.385196
0.395098
0.380761
0.393214
0.430362
0.42462
0.419206
0.394678
0.427748
0.390678
0.404053
0.410973
0.396622
0.435807
0.42983
0.431391
0.395821
0.370741
0.408449
0.446515
0.475216
0.507012
0.551244
0.546773
0.539947
0.421099
0.398179
0.390943
0.388439
0.39897
0.394941
0.411864
0.378988
0.358977
0.348233
0.354365
0.349479
0.374472
0.385807
0.388217
0.411934
0.380507
0.397315
0.398194
0.377487
0.382625
0.358233
0.37489
0.349727
0.365607
0.39564
0.368438
0.353558
0.345923
0.35415
0.394014
0.438783
0.45996
0.443005
0.437735
0.450548
0.398122
0.412929
0.396645
0.386896
0.389557
0.353684
0.384647
0.392215
0.406622
0.405571
0.384936
0.383374
0.376196
0.399361
0.400057
0.408672
0.402484
0.411914
0.432691
0.432211
0.449268
0.417921
0.428192
0.465743
0.444297
0.436321
0.428217
0.427343
0.464632
0.402419
0.391262
0.375821
0.348583
0.359188
0.399677
0.388377
0.412154
0.417081
0.426165
0.406454
0.39052
0.41056
0.447746
0.468045
0.391236
0.412123
0.400055
0.372564
0.407145
0.424761
0.468768
0.408405
0.458341
0.4468
0.436669
0.474179
0.522054
0.517364
0.506488
0.493508
0.47059
0.529592
0.551393
0.531612
0.588463
0.530556
0.456397
0.445516
0.42129
0.425993
0.389931
0.45635
0.42252
0.422707
0.365556
0.374355
0.418501
0.452876
0.445215
0.431458
0.418462
0.399275
0.399612
0.386095
0.368368
0.39776
0.399031
0.410851
0.40401
0.390988
0.40165
0.396908
0.404497
0.428094
0.430846
0.399015
0.398246
0.413881
0.412468
0.408158
0.384902
0.412262
0.44924
0.427218
0.431317
0.432368
0.425992
0.383355
0.365088
0.366584
0.351661
0.343364
0.347821
0.350881
0.379275
0.390086
0.383582
0.377039
0.399116
0.396963
0.361318
0.353269
0.358367
0.391099
0.436619
0.474642
0.494907
0.483166
0.401498
0.415957
0.436166
0.401554
0.440877
0.467825
0.460913
0.40285
0.370678
0.370812
0.402568
0.396103
0.448727
0.41056
0.380744
0.391122
0.38762
0.395998
0.418816
0.415992
0.400861
0.41413
0.458528
0.451979
0.399572
0.45153
0.465325
0.467145
0.460735
0.420106
0.382653
0.388036
0.371342
0.376242
0.403378
0.422028
0.409481
0.424522
0.428535
0.381331
0.396147
0.440133
0.411229
0.466693
0.414003
0.428813
0.45005
0.44915
0.489193
0.431303
0.434032
0.445006
0.437318
0.464062
0.47272
0.517706
0.541566
0.557058
0.551755
0.511342
0.42222
0.379992
0.419939
0.401506
0.446092
0.41234
0.424714
0.442267
0.422747
0.40692
0.398803
0.386327
0.436268
0.431506
0.433069
0.420809
0.375829
0.36418
0.360464
0.353273
0.352386
0.368604
0.386585
0.368294
0.374407
0.375057
0.408509
0.400686
0.439191
0.410478
0.420368
0.365082
0.352599
0.360583
0.36852
0.367836
0.378181
0.411687
0.484323
0.457818
0.459913
0.447503
0.368862
0.373003
0.376107
0.442588
0.393092
0.398409
0.469709
0.496849
0.441653
0.536337
0.519369
0.501343
0.50089
0.493177
0.513415
0.502963
0.463244
0.46374
0.425541
0.465153
0.448197
0.42834
0.430464
0.42079
0.372993
0.359091
0.381347
0.38479
0.364928
0.389093
0.399984
0.381745
0.357793
0.36329
0.364139
0.396578
0.405859
0.406872
0.388714
0.366328
0.353983
0.349464
0.362142
0.379341
0.392716
0.373987
0.363939
0.357059
0.368047
0.389053
0.394163
0.384283
0.396403
0.416042
0.422937
0.449666
0.409731
0.427734
0.453335
0.479932
0.47409
0.479648
0.445873
0.398487
0.443274
0.387084
0.446164
0.45988
0.405835
0.405567
0.415907
0.442707
0.429232
0.415922
0.441205
0.465065
0.444616
0.435666
0.485356
0.454004
0.425641
0.461818
0.46195
0.43272
0.404767
0.374163
0.409091
0.42794
0.410154
0.383504
0.378534
0.356628
0.356112
0.3843
0.372738
0.366223
0.374308
0.366233
0.371827
0.392706
0.39043
0.396559
0.367139
0.388469
0.41919
0.420259
0.388612
0.390999
0.369195
0.367483
0.364533
0.396257
0.371519
0.369095
0.38683
0.387591
0.437973
0.450059
0.465098
0.433931
0.472313
0.487078
0.467684
0.39269
0.466101
0.478441
0.382952
0.361959
0.347274
0.365827
0.389505
0.390779
0.398169
0.398085
0.38689
0.398373
0.404634
0.384738
0.375533
0.368846
0.349679
0.352421
0.373988
0.391124
0.362563
0.352459
0.377819
0.354707
0.354977
0.36801
0.351899
0.343769
0.349697
0.348838
0.361414
0.381742
0.359542
0.360151
0.391413
0.41292
0.41887
0.414243
0.392824
0.38839
0.400826
0.380492
0.396243
0.393678
0.393189
0.428552
0.414329
0.420401
0.424852
0.450018
0.476787
0.44959
0.464432
0.444558
0.486735
0.437953
0.417012
0.458135
0.448457
0.429327
0.457617
0.465986
0.481734
0.476851
0.498867
0.466239
0.407731
0.412829
0.441311
0.433173
0.468152
0.507522
0.524301
0.415516
0.423139
0.423332
0.395055
0.414736
0.425618
0.409875
0.432641
0.419404
0.414703
0.424696
0.421841
0.390815
0.397968
0.38702
0.367804
0.395286
0.368383
0.36591
0.384178
0.419147
0.392074
0.398955
0.396833
0.419571
0.409464
0.387199
0.395543
0.399521
0.401612
0.40775
0.419904
0.372537
0.357312
0.341877
0.343678
0.343336
0.362567
0.376984
0.366732
0.346016
0.338749
0.343692
0.343803
0.35039
0.347829
0.34224
0.340724
0.341572
0.345896
0.368326
0.389967
0.374683
0.379748
0.3787
0.373002
0.377494
0.381732
0.35691
0.34471
0.341344
0.348222
0.349585
0.341785
0.343764
0.34646
0.343267
0.35711
0.365525
0.356669
0.366596
0.397435
0.405849
0.386913
0.413815
0.436873
0.425532
0.407921
0.370796
0.386466
0.358112
0.359974
0.391527
0.382107
0.376903
0.402941
0.451368
0.463771
0.490871
0.503999
0.40215
0.431634
0.403714
0.463012
0.444351
0.378611
0.355084
0.345921
0.357156
0.369599
0.390399
0.392541
0.377371
0.415115
0.411399
0.393565
0.376205
0.376426
0.384288
0.347535
0.346563
0.345275
0.347081
0.378009
0.360779
0.348337
0.35616
0.381098
0.407409
0.405795
0.397555
0.39216
0.414058
0.408112
0.402487
0.392924
0.396853
0.387175
0.393659
0.398261
0.378877
0.416743
0.440202
0.401592
0.398376
0.414951
0.453087
0.42605
0.403768
0.437706
0.442677
0.456326
0.437945
0.475972
0.445776
0.393204
0.379177
0.384537
0.380391
0.352621
0.357709
0.368068
0.361376
0.376537
0.400441
0.43055
0.445414
0.43505
0.462336
0.453103
0.44952
0.458103
0.435303
0.417033
0.435532
0.482877
0.488959
0.468157
0.486466
0.505475
0.566302
0.45395
0.42557
0.414956
0.406275
0.426611
0.408938
0.438705
0.425807
0.445256
0.413349
0.414873
0.389623
0.367562
0.373136
0.388379
0.396109
0.457211
0.465595
0.439539
0.432586
0.426424
0.405936
0.365737
0.394347
0.383241
0.388746
0.409224
0.416158
0.393304
0.366218
0.399779
0.378279
0.40911
0.40771
0.416804
0.410475
0.395829
0.436596
0.430982
0.449022
0.454076
0.459443
0.418418
0.445745
0.469536
0.423152
0.417728
0.420975
0.49638
0.491863
0.401274
0.467036
0.471297
0.424332
0.441821
0.409674
0.442144
0.431661
0.431526
0.388827
0.412755
0.458982
0.478498
0.442875
0.426032
0.444573
0.388565
0.385706
0.397295
0.379307
0.419009
0.427576
0.438521
0.453801
0.577938
0.579874
0.528306
0.490991
0.496434
0.428941
0.413734
0.412667
0.457413
0.433787
0.490319
0.460864
0.423042
0.44653
0.462373
0.433859
0.446954
0.43506
0.438932
0.442857
0.447139
0.434972
0.411535
0.453906
0.487422
0.494172
0.503448
0.417892
0.407282
0.423584
0.443604
0.476985
0.430526
0.394887
0.400703
0.427337
0.439174
0.447528
0.496769
0.435192
0.371808
0.363451
0.365536
0.365989
0.36332
0.382953
0.442813
0.488764
0.487217
0.442023
0.475013
0.427125
0.41527
0.415628
0.454126
0.402752
0.379109
0.423517
0.431924
0.415278
0.445016
0.445525
0.419787
0.48421
0.531928
0.489987
0.502768
0.566171
0.527436
0.512923
0.5032
0.45778
0.497766
0.47483
0.466427
0.498438
0.474671
0.45908
0.436909
0.422397
0.412728
0.399425
0.410053
0.44256
0.48935
0.491141
0.447716
0.451944
0.431181
0.461734
0.459709
0.426238
0.439937
0.436329
0.437305
0.456864
0.451669
0.438283
0.490632
0.475341
0.431929
0.500314
0.476498
0.493188
0.498863
0.437419
0.446365
0.478899
0.500651
0.440666
0.382067
0.356723
0.369412
0.399105
0.416105
0.465695
0.435585
0.427806
0.398283
0.41526
0.427287
0.458526
0.446647
0.413376
0.445232
0.428897
0.381292
0.372031
0.387821
0.461697
0.497749
0.514516
0.51084
0.505407
0.50702
0.52017
0.567249
0.543474
0.414498
0.367998
0.404052
0.395932
0.387562
0.399654
0.418857
0.422775
0.415109
0.420598
0.43791
0.435858
0.403582
0.409503
0.43907
0.407501
0.390628
0.396805
0.372718
0.353105
0.345866
0.365152
0.402803
0.361916
0.362682
0.397405
0.421384
0.43626
0.37372
0.366662
0.357749
0.36924
0.370683
0.359938
0.395609
0.432384
0.440362
0.444275
0.449311
0.43717
0.41827
0.381488
0.365126
0.381729
0.384382
0.383564
0.430066
0.43656
0.415268
0.360222
0.391146
0.421867
0.388266
0.351606
0.34725
0.346944
0.352213
0.354295
0.386779
0.360565
0.360846
0.373156
0.413808
0.423399
0.43981
0.419102
0.455069
0.494115
0.563125
0.577423
0.538064
0.555575
0.526497
0.512378
0.493334
0.502931
0.461255
0.524084
0.469975
0.502316
0.510124
0.479466
0.487344
0.517343
0.542656
0.508742
0.408037
0.409159
0.41458
0.40372
0.44433
0.472589
0.442822
0.42945
0.489281
0.453495
0.499879
0.457052
0.442725
0.516462
0.472029
0.492782
0.501332
0.447835
0.461369
0.51163
0.498512
0.497856
0.524291
0.526758
0.480438
0.438366
0.46465
0.49997
0.493761
0.438227
0.478688
0.459781
0.449219
0.463811
0.456273
0.43638
0.4101
0.375852
0.376489
0.395853
0.40055
0.383692
0.388658
0.395253
0.374228
0.392296
0.402188
0.446543
0.425377
0.427788
0.418829
0.409898
0.444306
0.451303
0.444697
0.486475
0.467396
0.448412
0.473317
0.476565
0.45632
0.438496
0.408478
0.438395
0.420634
0.45203
0.463295
0.447851
0.460513
0.469131
0.467941
0.484288
0.470678
0.442065
0.414143
0.413165
0.378938
0.436556
0.48984
0.464028
0.451055
0.433298
0.510075
0.566409
0.563395
0.394016
0.37242
0.363431
0.367526
0.379811
0.352563
0.34823
0.348996
0.350693
0.344742
0.355455
0.36937
0.390125
0.366077
0.373016
0.391755
0.369169
0.436365
0.43682
0.432035
0.436788
0.419088
0.448687
0.420381
0.43009
0.427364
0.423712
0.492066
0.512466
0.519887
0.524094
0.491453
0.429338
0.479559
0.524714
0.496552
0.459166
0.509686
0.475656
0.445529
0.461486
0.436731
0.461249
0.476693
0.472668
0.452268
0.439855
0.414876
0.457401
0.48042
0.537876
0.500929
0.487635
0.447813
0.499642
0.519053
0.490606
0.500763
0.510324
0.496089
0.478106
0.507532
0.541299
0.492472
0.465107
0.428088
0.375802
0.380542
0.404728
0.390403
0.403691
0.447137
0.390952
0.390484
0.411249
0.390246
0.391329
0.409786
0.417484
0.421683
0.428735
0.382806
0.387817
0.378998
0.422102
0.396193
0.366338
0.359733
0.368031
0.360542
0.390088
0.37849
0.357542
0.356825
0.365535
0.36315
0.379354
0.389453
0.424875
0.47199
0.419469
0.387082
0.386576
0.40849
0.390463
0.421649
0.439968
0.472735
0.401548
0.399283
0.436512
0.423707
0.394024
0.392304
0.388065
0.39685
0.403502
0.382074
0.380789
0.454088
0.412997
0.42916
0.431326
0.396615
0.399692
0.388159
0.390024
0.385125
0.366503
0.373018
0.365245
0.360691
0.360258
0.365577
0.36944
0.357192
0.361113
0.355786
0.360944
0.361441
0.361521
0.358514
0.369748
0.376981
0.363877
0.362835
0.407207
0.403931
0.403107
0.405867
0.371589
0.381603
0.414576
0.377282
0.4002
0.395559
0.38728
0.384272
0.366631
0.378264
0.385333
0.37388
0.413278
0.438299
0.396642
0.364425
0.381142
0.397494
0.365577
0.359718
0.356146
0.368428
0.426405
0.408193
0.390571
0.401656
0.404495
0.417448
0.411492
0.406986
0.38174
0.389555
0.396876
0.384505
0.3682
0.368798
0.371967
0.379677
0.370177
0.387161
0.417943
0.436172
0.412779
0.444608
0.527937
0.394538
0.363383
0.387927
0.400127
0.416419
0.416444
0.386089
0.392185
0.388289
0.378875
0.389602
0.393027
0.394941
