0.547449
0.493565
0.483149
0.48259
0.469338
0.482608
0.495623
0.470112
0.475954
0.481351
0.468469
0.47734
0.458169
0.456951
0.459681
0.44321
0.464751
0.444668
0.407031
0.410934
0.467421
0.40455
0.402488
0.402994
0.403855
0.391948
0.371602
0.355335
0.36658
0.386319
0.354972
0.369854
0.383889
0.385434
0.392809
0.406942
0.389449
0.361
0.37918
0.349646
0.351489
0.417597
0.431582
0.410803
0.421391
0.408988
0.441036
0.44267
0.482062
0.402656
0.43686
0.390508
0.415551
0.388665
0.387221
0.401214
0.400486
0.404775
0.428314
0.390933
0.35731
0.339289
0.357721
0.345313
0.35829
0.419263
0.464193
0.463896
0.415307
0.417023
0.416682
0.372001
0.379475
0.399897
0.419565
0.439469
0.465672
0.423591
0.423172
0.405427
0.382908
0.400149
0.422717
0.406413
0.446483
0.430346
0.406142
0.445439
0.44542
0.375108
0.409947
0.408776
0.395359
0.442891
0.450864
0.435369
0.4134
0.377683
0.393532
0.397778
0.411507
0.411867
0.439246
0.378261
0.357402
0.400043
0.364643
0.396469
0.402924
0.415961
0.389663
0.428769
0.429996
0.421999
0.352585
0.380508
0.353428
0.431107
0.428398
0.422031
0.42065
0.393028
0.40496
0.43589
0.414027
0.365136
0.422251
0.452632
0.370922
0.417394
0.446395
0.413248
0.412569
0.38288
0.354028
0.36197
0.362099
0.380057
0.386189
0.38025
0.356955
0.391626
0.380266
0.3599
0.361145
0.391226
0.404483
0.404945
0.394703
0.380798
0.365801
0.355321
0.357343
0.366635
0.373663
0.349081
0.38897
0.385463
0.409483
0.398415
0.406204
0.366365
0.356553
0.383863
0.450661
0.43108
0.399377
0.38573
0.393437
0.432343
0.451461
0.457612
0.474257
0.51042
0.368624
0.402924
0.382169
0.439901
0.451973
0.480512
0.39898
0.375913
0.368934
0.391392
0.383842
0.373624
0.416646
0.373809
0.426592
0.415312
0.424733
0.434071
0.468712
0.475672
0.468503
0.41258
0.421883
0.396807
0.400886
0.40285
0.393107
0.404853
0.399762
0.377295
0.356343
0.35546
0.342887
0.352082
0.356634
0.364525
0.381014
0.367658
0.358077
0.379569
0.373139
0.394489
0.374521
0.374088
0.396212
0.425491
0.44497
0.483416
0.409613
0.41138
0.417258
0.415821
0.418204
0.382753
0.354545
0.375872
0.385176
0.37412
0.393748
0.385277
0.37695
0.346235
0.352673
0.373593
0.401939
0.360279
0.375385
0.383818
0.381154
0.439845
0.426975
0.3889
0.37355
0.434909
0.450971
0.50762
0.48219
0.494616
0.466008
0.384442
0.399003
0.398252
0.368403
0.377698
0.422872
0.37115
0.350033
0.348428
0.349817
0.402373
0.419068
0.378312
0.35628
0.397819
0.404324
0.36847
0.351003
0.347424
0.349769
0.365454
0.373502
0.377307
0.407611
0.375736
0.387526
0.387796
0.382573
0.380115
0.350224
0.367482
0.356926
0.384073
0.371576
0.362712
0.374977
0.39122
0.372978
0.353714
0.354197
0.375247
0.381211
0.355937
0.381135
0.353951
0.349793
0.343213
0.369714
0.399526
0.373542
0.385764
0.38356
0.384189
0.405891
0.369343
0.37391
0.352064
0.360945
0.371317
0.377805
0.365312
0.375399
0.364587
0.358427
0.374665
0.424657
0.410959
0.404656
0.50983
0.422045
0.423765
0.40055
0.395506
0.399863
0.410759
0.35234
0.355219
0.350727
0.347336
0.350586
0.411224
0.398093
0.399901
0.380714
0.389452
0.361693
0.393469
0.403794
0.377318
0.395406
0.36973
0.392131
0.398563
0.406664
0.402371
0.405938
0.392003
0.356174
0.356548
0.366466
0.361966
0.373417
0.380638
0.362796
0.359742
0.347879
0.367981
0.372363
0.394266
0.384239
0.372329
0.362632
0.380123
0.38953
0.379039
0.376676
0.454275
0.431507
0.444065
0.441369
0.400723
0.390751
0.410884
0.442558
0.413083
0.402679
0.415533
0.375136
0.365819
0.379349
0.439541
0.447595
0.441926
0.481042
0.473077
0.429218
0.43824
0.431393
0.390667
0.409067
0.429774
0.416111
0.390547
0.387262
0.406942
0.40241
0.469645
0.468267
0.457157
0.430367
0.459739
0.458096
0.39701
0.359427
0.397942
0.368051
0.371155
0.349641
0.345819
0.373023
0.383801
0.371561
0.365217
0.367701
0.378663
0.388674
0.401286
0.377782
0.347264
0.36221
0.379184
0.347118
0.37152
0.415058
0.408999
0.388249
0.370429
0.380211
0.365885
0.367026
0.374585
0.362018
0.382317
0.382272
0.391984
0.405001
0.362437
0.390387
0.373668
0.401329
0.427173
0.382264
0.403093
0.441168
0.414448
0.397108
0.436715
0.460139
0.54458
0.466065
0.439664
0.359822
0.36329
0.354439
0.371794
0.367977
0.404387
0.407044
0.41017
0.426529
0.400983
0.405327
0.39563
0.398188
0.43085
0.426462
0.407292
0.410679
0.370735
0.421297
0.439108
0.423309
0.452576
0.474642
0.372746
0.360323
0.348255
0.359963
0.363192
0.384609
0.37008
0.398468
0.480346
0.460489
0.410452
0.391207
0.359661
0.374663
0.363093
0.36516
0.358892
0.368769
0.360809
0.441482
0.435235
0.40144
0.390012
0.430691
0.422601
0.389043
0.377968
0.462289
0.436592
0.455946
0.479116
0.454361
0.383096
0.432403
0.444573
0.388262
0.372684
0.404365
0.461624
0.415364
0.428157
0.424441
0.382974
0.389371
0.424866
0.40032
0.428639
0.372327
0.39441
0.406031
0.390362
0.388041
0.375773
0.392509
0.383121
0.392093
0.395239
0.358206
0.356
0.391607
0.350385
0.375056
0.364487
0.371208
0.405321
0.410465
0.393608
0.420445
0.369243
0.372776
0.357559
0.343823
0.357409
0.392208
0.388267
0.411206
0.413725
0.404625
0.403133
0.434157
0.398525
0.42397
0.501116
0.547087
0.408588
0.391047
0.400412
0.357848
0.355489
0.385635
0.392325
0.393629
0.373216
0.359144
0.376508
0.350883
0.421145
0.451533
0.402479
0.393176
0.370392
0.400394
0.387481
0.38977
0.406435
0.425263
0.434127
0.445526
0.43588
0.440237
0.393432
0.356197
0.393587
0.423552
0.402033
0.44713
0.404405
0.38744
0.44359
0.438338
0.459959
0.514658
0.48835
0.540402
0.553896
0.442005
0.414697
0.437243
0.381588
0.432198
0.436962
0.399121
0.378952
0.403499
0.400136
0.396491
0.429526
0.399609
0.416133
0.413482
0.428148
0.414617
0.363822
0.346328
0.367185
0.382644
0.395804
0.356422
0.397189
0.488539
0.433715
0.410832
0.46943
0.406068
0.389025
0.423124
0.385377
0.396948
0.407112
0.44001
0.423725
0.46836
0.433431
0.379857
0.394368
0.411517
0.408825
0.418028
0.435398
0.437092
0.462883
0.438256
0.454689
0.523237
0.550168
0.427992
0.416747
0.421903
0.426214
0.399549
0.429886
0.40927
0.361087
0.357464
0.375764
0.386116
0.417294
0.401712
0.359235
0.369804
0.448666
0.456958
0.380638
0.40196
0.475231
0.492877
0.504658
0.5016
0.476271
0.44928
0.437318
0.405264
0.374296
0.374283
0.390535
0.358715
0.395263
0.394993
0.354803
0.36964
0.379677
0.36161
0.391145
0.401952
0.429539
0.434281
0.479958
0.437279
0.414737
0.445413
0.407558
0.433185
0.444949
0.447788
0.450762
0.456493
0.403844
0.413434
0.389515
0.359189
0.375044
0.369579
0.387034
0.383518
0.410239
0.386232
0.376372
0.374513
0.398067
0.456236
0.460488
0.438267
0.464367
0.363423
0.373951
0.395466
0.393876
0.390901
0.364235
0.366736
0.366166
0.363404
0.361405
0.346203
0.360403
0.365081
0.404725
0.40814
0.38995
0.393993
0.411604
0.414303
0.460476
0.453452
0.460418
0.441598
0.440081
0.473454
0.490462
0.411414
0.446181
0.508472
0.421073
0.405631
0.418588
0.424599
0.422712
0.392713
0.381283
0.372103
0.402073
0.397064
0.410676
0.391044
0.410237
0.382648
0.34365
0.359821
0.35932
0.342364
0.348099
0.341657
0.352562
0.382254
0.377542
0.37736
0.346116
0.348113
0.34364
0.349602
0.362859
0.394098
0.407471
0.423446
0.376814
0.365355
0.383576
0.436088
0.49445
0.40959
0.449305
0.370389
0.353837
0.388541
0.398745
0.392451
0.37946
0.346811
0.358176
0.356438
0.384631
0.399505
0.405021
0.39872
0.391571
0.389789
0.423726
0.397872
0.440368
0.424251
0.447765
0.453922
0.379725
0.369919
0.364943
0.383074
0.444406
0.446161
0.452924
0.425026
0.485911
0.478624
0.510939
0.419555
0.417057
0.429174
0.424714
0.390658
0.381729
0.440082
0.438139
0.407037
0.384501
0.40081
0.389698
0.385908
0.416229
0.406313
0.438067
0.452643
0.442143
0.43019
0.468735
0.442348
0.448298
0.432715
0.427979
0.419759
0.454405
0.427532
0.38954
0.409627
0.439926
0.569694
0.502817
0.421585
0.435647
0.470882
0.445354
0.445491
0.437077
0.44226
0.441634
0.49687
0.418288
0.457013
0.398955
0.438068
0.463035
0.365207
0.365965
0.420021
0.480887
0.449279
0.420002
0.406741
0.425715
0.438391
0.452693
0.507464
0.544804
0.502977
0.478905
0.479507
0.459863
0.422267
0.410944
0.47874
0.458148
0.452872
0.43314
0.437654
0.453458
0.474163
0.469136
0.489324
0.449043
0.485877
0.383574
0.385425
0.447585
0.415835
0.428479
0.431349
0.430254
0.378381
0.476467
0.510233
0.529571
0.393818
0.39643
0.414399
0.420129
0.418393
0.406246
0.383167
0.351961
0.380568
0.390164
0.408485
0.361874
0.368129
0.419778
0.443884
0.423633
0.374988
0.3837
0.431501
0.383717
0.396544
0.34597
0.355913
0.368148
0.392603
0.431321
0.46308
0.563079
0.543545
0.505473
0.489663
0.486303
0.493814
0.528277
0.43945
0.421763
0.442934
0.464599
0.469183
0.486169
0.49153
0.469237
0.498159
0.52149
0.456398
0.494862
0.461059
0.452724
0.45524
0.395574
0.388637
0.390628
0.385221
0.419024
0.425288
0.422506
0.455838
0.45636
0.471778
0.426978
0.43439
0.459862
0.465684
0.472076
0.429148
0.398492
0.475527
0.454273
0.560268
0.38533
0.372107
0.351579
0.34784
0.362817
0.372921
0.383022
0.437424
0.429069
0.431962
0.427596
0.50181
0.515079
0.451955
0.499835
0.490557
0.45973
0.446563
0.468528
0.434436
0.496142
0.488485
0.48896
0.502158
0.49062
0.523077
0.474533
0.394325
0.395956
0.419058
0.397968
0.392494
0.415214
0.410954
0.388095
0.395768
0.362995
0.380369
0.358585
0.363498
0.395894
0.44398
0.390498
0.403396
0.454362
0.411304
0.419036
0.390382
0.389916
0.428474
0.421014
0.39547
0.385994
0.368627
0.361296
0.365339
0.35818
0.360869
0.360522
0.372318
0.386588
0.405428
0.377264
0.395912
0.394992
0.373108
0.383459
0.418941
0.378552
0.381708
0.357135
0.410972
0.399257
0.411273
0.395034
0.389542
0.370835
0.374385
0.401571
0.422577
0.464396
0.375336
0.410748
0.394773
0.386941
0.393834
