0.544956
0.499506
0.487561
0.479262
0.47586
0.473406
0.495982
0.471642
0.476967
0.480044
0.469332
0.47476
0.451601
0.467744
0.448582
0.450341
0.453725
0.448084
0.393353
0.440965
0.433901
0.412093
0.394366
0.405254
0.389426
0.382248
0.363132
0.359887
0.385259
0.36008
0.365142
0.385007
0.384521
0.39156
0.406472
0.388936
0.361
0.377857
0.349022
0.352188
0.419593
0.430685
0.41174
0.416948
0.408315
0.414654
0.441462
0.454214
0.466572
0.411524
0.42548
0.396667
0.412286
0.382305
0.391912
0.401054
0.405286
0.417031
0.411995
0.373964
0.345523
0.342658
0.356944
0.35003
0.376385
0.466158
0.468339
0.430654
0.41235
0.421433
0.379842
0.378044
0.393935
0.423432
0.428949
0.462902
0.42954
0.421145
0.410555
0.38224
0.401042
0.420725
0.406542
0.446308
0.427504
0.407655
0.457476
0.424971
0.384305
0.403874
0.419559
0.402732
0.436633
0.451865
0.429151
0.396323
0.374953
0.407274
0.38393
0.427972
0.439002
0.385496
0.357339
0.395989
0.366937
0.396033
0.401203
0.416862
0.390836
0.436428
0.431447
0.395406
0.360537
0.370293
0.36921
0.443743
0.430638
0.419477
0.428549
0.385459
0.412066
0.430371
0.429062
0.392327
0.382631
0.455578
0.399671
0.375401
0.452635
0.441586
0.405311
0.406598
0.371723
0.350373
0.369555
0.360034
0.385375
0.392875
0.361157
0.368914
0.395247
0.365966
0.363946
0.370827
0.397033
0.408079
0.399212
0.390466
0.366304
0.36844
0.3498
0.357377
0.386096
0.342646
0.380173
0.381521
0.4125
0.391608
0.410974
0.375132
0.355226
0.374391
0.447066
0.438619
0.394964
0.389866
0.392512
0.427205
0.453951
0.457456
0.474569
0.510214
0.368802
0.404366
0.380747
0.449432
0.45749
0.460795
0.393787
0.374168
0.377718
0.385977
0.382241
0.381002
0.413191
0.37766
0.433378
0.413219
0.432166
0.449637
0.495565
0.463398
0.424478
0.422191
0.393656
0.399552
0.407822
0.390494
0.396049
0.414046
0.37814
0.357437
0.354503
0.344018
0.351319
0.356569
0.366199
0.386012
0.357635
0.361764
0.385938
0.373102
0.386573
0.374707
0.391569
0.400234
0.434293
0.477663
0.438085
0.401617
0.420669
0.415178
0.420067
0.383591
0.354873
0.375991
0.383919
0.376222
0.393889
0.389145
0.360783
0.34766
0.358767
0.391532
0.381111
0.356082
0.38791
0.384678
0.432197
0.424109
0.393344
0.37145
0.433654
0.450547
0.50622
0.475757
0.506236
0.443132
0.384244
0.400885
0.38363
0.37455
0.396126
0.40462
0.349242
0.352049
0.34594
0.390101
0.418849
0.382724
0.356533
0.397872
0.406542
0.359787
0.353518
0.345389
0.356105
0.360773
0.377796
0.37939
0.405791
0.368301
0.401628
0.374453
0.393308
0.360007
0.355953
0.363978
0.375825
0.37054
0.366708
0.367666
0.394462
0.375467
0.357225
0.348617
0.377165
0.381065
0.355653
0.380488
0.35706
0.344797
0.345147
0.38286
0.386945
0.375603
0.388411
0.379308
0.39812
0.392056
0.36031
0.373706
0.354064
0.374026
0.364018
0.37567
0.37288
0.363387
0.359961
0.370007
0.420499
0.413491
0.404383
0.50903
0.42271
0.420931
0.409743
0.375723
0.407969
0.395839
0.352923
0.353601
0.348816
0.346703
0.394158
0.399611
0.392927
0.387393
0.389814
0.362515
0.392869
0.403334
0.378243
0.393527
0.373058
0.392893
0.396762
0.403485
0.401014
0.405215
0.401147
0.374769
0.348603
0.365765
0.366848
0.365503
0.383652
0.366274
0.35698
0.355268
0.357325
0.374337
0.386597
0.386284
0.372921
0.371457
0.373448
0.380023
0.390423
0.369313
0.44568
0.437757
0.433284
0.447225
0.407246
0.388239
0.409796
0.443488
0.412202
0.402221
0.416884
0.372826
0.365764
0.384064
0.441984
0.448411
0.442032
0.483107
0.472867
0.429303
0.438321
0.43118
0.388029
0.408234
0.431002
0.417049
0.390116
0.387844
0.406843
0.403313
0.465233
0.470089
0.45649
0.429968
0.459604
0.454254
0.396957
0.3594
0.400611
0.364662
0.371807
0.348431
0.346682
0.373886
0.381839
0.370603
0.370029
0.3676
0.379972
0.392324
0.403817
0.359764
0.347916
0.366346
0.374839
0.345422
0.395098
0.416553
0.408308
0.370893
0.37148
0.377942
0.365853
0.367482
0.367478
0.373399
0.381122
0.391327
0.403417
0.373613
0.380308
0.379474
0.395428
0.428
0.381028
0.402917
0.440436
0.415238
0.397122
0.436563
0.460782
0.5446
0.467667
0.437233
0.359698
0.362576
0.355073
0.371548
0.369817
0.403174
0.40972
0.408957
0.4253
0.401844
0.40614
0.395725
0.398684
0.435807
0.424709
0.399794
0.409661
0.378659
0.420378
0.435022
0.425388
0.437603
0.494064
0.429333
0.361095
0.353724
0.345533
0.368717
0.374784
0.374734
0.381959
0.446421
0.502964
0.395858
0.406325
0.365604
0.375154
0.356684
0.374186
0.356124
0.368904
0.356991
0.434796
0.435437
0.404245
0.390275
0.433477
0.419263
0.386644
0.3781
0.46294
0.436046
0.457234
0.477633
0.455063
0.383595
0.434273
0.434798
0.419149
0.360701
0.396533
0.441298
0.433791
0.421127
0.428844
0.389399
0.389202
0.418275
0.402792
0.429298
0.370248
0.396778
0.404362
0.387269
0.388462
0.374965
0.396906
0.388592
0.383329
0.388708
0.350546
0.382034
0.364096
0.370233
0.360074
0.371235
0.38651
0.404073
0.39931
0.415785
0.390872
0.369705
0.366153
0.343418
0.350093
0.389856
0.389173
0.404266
0.415651
0.40671
0.402763
0.430073
0.400829
0.422342
0.502024
0.547004
0.408657
0.391437
0.398958
0.356935
0.356983
0.391047
0.390546
0.388917
0.371594
0.363395
0.369185
0.358139
0.44131
0.443605
0.411012
0.39291
0.400025
0.401176
0.392716
0.370479
0.399815
0.393032
0.385883
0.406304
0.416645
0.433754
0.444136
0.436807
0.439595
0.403866
0.358238
0.390528
0.416755
0.404721
0.44615
0.407047
0.388025
0.441443
0.439735
0.453174
0.513936
0.488188
0.540689
0.553992
0.439735
0.416613
0.435665
0.378792
0.444028
0.417579
0.396876
0.386551
0.404196
0.396351
0.416604
0.405472
0.416665
0.413004
0.425047
0.439316
0.396658
0.362363
0.346241
0.372874
0.383564
0.388529
0.35716
0.438596
0.475225
0.420839
0.427885
0.462404
0.376794
0.395479
0.423253
0.385204
0.409965
0.408311
0.438579
0.450698
0.455511
0.391439
0.378047
0.415122
0.423285
0.406031
0.432201
0.43498
0.462288
0.437668
0.454841
0.523239
0.549523
0.431556
0.41326
0.424289
0.42743
0.400297
0.428256
0.40951
0.361059
0.357514
0.375793
0.386641
0.416794
0.400058
0.359594
0.371246
0.452986
0.449056
0.380755
0.400987
0.480648
0.497657
0.499585
0.505535
0.461582
0.445217
0.433585
0.374416
0.379925
0.388829
0.37043
0.366775
0.405421
0.371213
0.357508
0.381941
0.363251
0.385868
0.390573
0.427913
0.429382
0.46769
0.456655
0.409442
0.447754
0.404752
0.434148
0.444006
0.447587
0.451
0.456438
0.403457
0.412968
0.389596
0.359278
0.374983
0.369825
0.386653
0.383673
0.409079
0.3865
0.378029
0.374116
0.4052
0.449945
0.473012
0.437894
0.437491
0.356195
0.384089
0.396445
0.398276
0.381329
0.353616
0.380141
0.362565
0.358025
0.352306
0.349998
0.36993
0.381652
0.413912
0.396442
0.388507
0.399187
0.420308
0.441928
0.46369
0.459437
0.438188
0.438151
0.474308
0.4907
0.41213
0.44583
0.508626
0.420739
0.405755
0.4191
0.422081
0.420139
0.392607
0.382081
0.370218
0.403795
0.404419
0.400452
0.398879
0.412728
0.353466
0.344335
0.372099
0.345055
0.344269
0.344184
0.342593
0.377161
0.37884
0.373489
0.361162
0.344774
0.344969
0.34568
0.360789
0.390452
0.396937
0.430658
0.380061
0.363724
0.384018
0.433954
0.494418
0.412847
0.439158
0.38195
0.352653
0.38725
0.399333
0.391339
0.376063
0.345365
0.363206
0.352742
0.39527
0.396272
0.408364
0.396659
0.394877
0.394865
0.40935
0.433482
0.41469
0.45179
0.453991
0.397508
0.376363
0.360633
0.378143
0.427409
0.446324
0.461547
0.420557
0.481823
0.484458
0.508752
0.427529
0.41137
0.421475
0.437257
0.414901
0.379216
0.387196
0.459944
0.428415
0.387318
0.387403
0.410392
0.382637
0.399403
0.41206
0.42384
0.456427
0.435368
0.436484
0.460853
0.441522
0.45387
0.434325
0.427499
0.412612
0.463363
0.427726
0.389744
0.408576
0.439081
0.5696
0.503022
0.419977
0.440207
0.465336
0.445558
0.448079
0.437114
0.444783
0.42568
0.482256
0.477096
0.416897
0.451969
0.407785
0.444268
0.431863
0.366084
0.371218
0.472643
0.461685
0.421931
0.42083
0.412685
0.439845
0.44442
0.505836
0.542299
0.503624
0.47585
0.484904
0.45094
0.41422
0.41584
0.484594
0.465143
0.443135
0.43891
0.439301
0.455408
0.466904
0.468094
0.488096
0.453323
0.475622
0.413726
0.375551
0.43853
0.420273
0.41998
0.43869
0.437384
0.376463
0.464523
0.511135
0.529614
0.393961
0.396354
0.41482
0.421215
0.418488
0.401915
0.377828
0.358272
0.374102
0.400883
0.397353
0.366593
0.373425
0.433638
0.447455
0.390805
0.380246
0.415486
0.394204
0.403589
0.351087
0.351958
0.369084
0.388119
0.429988
0.462416
0.561021
0.537377
0.495466
0.488
0.497075
0.509156
0.46346
0.422333
0.444185
0.477936
0.466316
0.491156
0.463667
0.49805
0.514682
0.474128
0.492153
0.458446
0.453161
0.453858
0.394247
0.389614
0.390318
0.38424
0.420129
0.425768
0.423529
0.457116
0.462476
0.459778
0.422414
0.448643
0.453557
0.477283
0.441809
0.400309
0.472015
0.449727
0.558131
0.385686
0.372322
0.351437
0.348574
0.360287
0.374379
0.381661
0.437003
0.428369
0.432256
0.427717
0.501685
0.515298
0.449805
0.512176
0.482574
0.462226
0.450373
0.47014
0.431986
0.48491
0.500691
0.483739
0.501206
0.49125
0.522655
0.472251
0.392854
0.396009
0.417394
0.401873
0.395125
0.422003
0.393033
0.402238
0.366951
0.369348
0.370487
0.362946
0.384901
0.444968
0.389289
0.409087
0.449565
0.406266
0.424472
0.390725
0.389514
0.4265
0.424422
0.394357
0.38416
0.368519
0.360199
0.364905
0.358353
0.361323
0.360584
0.371993
0.38825
0.405475
0.378127
0.395814
0.394104
0.372678
0.383093
0.422655
0.376431
0.37772
0.361024
0.41158
0.400293
0.415339
0.388386
0.390162
0.368832
0.375386
0.411404
0.423791
0.465137
0.363639
0.407103
0.413219
0.389199
0.38355
0.391402
0.393445
0.396059
