0.524974
0.480839
0.478097
0.480131
0.474075
0.471156
0.456361
0.454203
0.429239
0.438594
0.402945
0.40147
0.381499
0.363435
0.368128
0.381639
0.391519
0.384508
0.36575
0.373652
0.427433
0.417323
0.462444
0.413689
0.405976
0.387323
0.403122
0.41459
0.358662
0.349973
0.36322
0.467799
0.421348
0.400612
0.385613
0.426169
0.446283
0.416898
0.390935
0.413894
0.435499
0.436497
0.403515
0.403099
0.439184
0.422616
0.389762
0.403225
0.418597
0.373605
0.381021
0.409096
0.416151
0.405267
0.364854
0.424047
0.406911
0.421957
0.388946
0.425046
0.415899
0.420956
0.376481
0.361484
0.380033
0.370369
0.384803
0.360762
0.399607
0.398469
0.371722
0.353572
0.366447
0.374379
0.404452
0.392667
0.363321
0.443001
0.393302
0.403559
0.457464
0.491598
0.386788
0.415322
0.459067
0.383917
0.381861
0.381645
0.395516
0.423086
0.440757
0.479116
0.423463
0.398075
0.3989
0.406358
0.367914
0.349391
0.357808
0.371075
0.373503
0.382046
0.383494
0.429322
0.443317
0.412871
0.415472
0.361222
0.384286
0.386126
0.363117
0.3683
0.373349
0.382417
0.425891
0.385568
0.438935
0.490142
0.471603
0.393206
0.378973
0.400069
0.350688
0.367227
0.4027
0.389416
0.354073
0.354889
0.369458
0.391362
0.386652
0.37887
0.359187
0.371284
0.367202
0.38481
0.354394
0.3775
0.368654
0.348305
0.374371
0.380558
0.382376
0.387156
0.361463
0.366682
0.377123
0.36265
0.391092
0.409628
0.462608
0.414381
0.39531
0.361529
0.349007
0.388471
0.391226
0.377688
0.390159
0.383616
0.398261
0.402619
0.38909
0.35728
0.366012
0.373824
0.354521
0.368728
0.389087
0.366315
0.387344
0.384833
0.438483
0.443036
0.385664
0.428883
0.411569
0.382409
0.397918
0.44591
0.475347
0.434127
0.409569
0.419686
0.403646
0.395914
0.432555
0.465289
0.446152
0.428475
0.376756
0.365744
0.360909
0.375871
0.370535
0.387363
0.374801
0.365964
0.359027
0.411028
0.379323
0.373928
0.368838
0.374358
0.39185
0.379485
0.386021
0.405324
0.419525
0.409187
0.445703
0.503837
0.384106
0.362152
0.380027
0.409465
0.412186
0.402257
0.426042
0.408006
0.413598
0.451461
0.406677
0.349786
0.372884
0.379412
0.467345
0.398687
0.366253
0.362905
0.365176
0.413437
0.413514
0.415864
0.385878
0.447659
0.464199
0.420269
0.437865
0.380869
0.433285
0.421579
0.403629
0.406727
0.407091
0.400016
0.386549
0.388193
0.38798
0.361916
0.372546
0.36852
0.38822
0.405218
0.387966
0.361126
0.359865
0.393977
0.416224
0.412588
0.407919
0.523167
0.399672
0.376024
0.378367
0.387373
0.369766
0.373325
0.407967
0.389556
0.389003
0.421069
0.439637
0.42824
0.374923
0.408291
0.424689
0.413082
0.444539
0.501719
0.545015
0.428267
0.407245
0.431018
0.392491
0.400711
0.410599
0.420857
0.37737
0.366598
0.378256
0.434847
0.422289
0.425904
0.405913
0.401462
0.426722
0.445557
0.391162
0.410478
0.433546
0.448326
0.4867
0.481453
0.424929
0.408645
0.410026
0.36417
0.388783
0.391136
0.395408
0.407624
0.491723
0.502263
0.453428
0.402686
0.384207
0.37166
0.384486
0.371615
0.374612
0.413681
0.449042
0.430578
0.426753
0.438978
0.448588
0.422648
0.393535
0.371152
0.381016
0.389645
0.390512
0.461577
0.436971
0.371427
0.397257
0.366243
0.371618
0.354692
0.36015
0.39972
0.391738
0.410036
0.453159
0.448915
0.456805
0.452735
0.475568
0.414389
0.420508
0.40459
0.376293
0.405346
0.398719
0.381462
0.358627
0.344533
0.343652
0.378272
0.366782
0.344934
0.353836
0.394251
0.405652
0.373736
0.463026
0.424258
0.361248
0.397761
0.372082
0.354933
0.387282
0.400958
0.391331
0.415909
0.432688
0.43691
0.368906
0.395948
0.452031
0.451743
0.494465
0.417615
0.426055
0.389798
0.437295
0.38814
0.38969
0.412357
0.443038
0.435041
0.465118
0.43085
0.43596
0.410457
0.42366
0.521612
0.442579
0.4461
0.434227
0.448473
0.425496
0.400298
0.421485
0.441982
0.416678
0.440656
0.523952
0.487993
0.465457
0.423177
0.461452
0.443876
0.461928
0.48004
0.456456
0.388591
0.427551
0.439121
0.41634
0.523405
0.397539
0.41599
0.367835
0.387732
0.382028
0.403292
0.419709
0.397213
0.399284
0.351976
0.378355
0.445285
0.549188
0.49217
0.502695
0.440839
0.476974
0.479508
0.49828
0.472444
0.445973
0.386829
0.406078
0.447573
0.441273
0.450609
0.460182
0.43483
0.504318
0.37649
0.349918
0.376204
0.421187
0.428025
0.504827
0.476425
0.462236
0.459055
0.488364
0.489139
0.505673
0.430421
0.406469
0.400838
0.40173
0.383425
0.368536
0.392989
0.406101
0.426248
0.400512
0.423383
0.384367
0.364583
0.359907
0.366779
0.395839
0.388729
0.385766
0.397107
0.373282
0.39225
0.4073
0.382565
0.384668
0.44349
0.391252
0.391316
