0.523594
0.48287
0.475469
0.482786
0.478687
0.47291
0.457563
0.451465
0.454567
0.408969
0.43594
0.402739
0.397908
0.363499
0.376415
0.362602
0.384658
0.399841
0.375238
0.363534
0.385701
0.421167
0.418063
0.461424
0.418376
0.40441
0.386817
0.402845
0.415039
0.362488
0.349715
0.360778
0.466251
0.422826
0.401372
0.385343
0.426131
0.446152
0.416383
0.391071
0.413994
0.436868
0.431967
0.403869
0.414299
0.417193
0.444453
0.384872
0.391939
0.430566
0.383288
0.383047
0.396375
0.399645
0.425449
0.392477
0.366386
0.426717
0.406852
0.42285
0.390679
0.437367
0.394091
0.430082
0.397755
0.35801
0.371113
0.383234
0.374342
0.370143
0.376139
0.404714
0.387731
0.360573
0.361972
0.361319
0.387225
0.403955
0.386163
0.370191
0.440867
0.392557
0.412785
0.454519
0.492632
0.386963
0.415592
0.458718
0.383637
0.381955
0.382328
0.395358
0.424078
0.44026
0.478355
0.424484
0.398674
0.398931
0.405951
0.368052
0.349366
0.357436
0.37307
0.372522
0.382576
0.378041
0.414252
0.464864
0.408496
0.413564
0.384186
0.377311
0.379533
0.387587
0.348406
0.382575
0.367564
0.385038
0.430663
0.382042
0.442885
0.49129
0.474029
0.392483
0.37913
0.400631
0.350712
0.368108
0.402064
0.388418
0.359766
0.348602
0.369144
0.392231
0.381606
0.385172
0.365102
0.362206
0.377829
0.368836
0.382078
0.353959
0.378169
0.368605
0.351842
0.356438
0.386325
0.384667
0.395002
0.371633
0.35651
0.374542
0.370334
0.361505
0.399646
0.407757
0.466914
0.412181
0.397688
0.382014
0.353078
0.34897
0.404451
0.390304
0.37647
0.390514
0.382557
0.396153
0.404502
0.398968
0.356361
0.364216
0.377042
0.361309
0.35791
0.383248
0.378286
0.371357
0.384264
0.415294
0.437785
0.421053
0.400836
0.427747
0.409079
0.370505
0.409455
0.444758
0.477211
0.433657
0.410304
0.419428
0.403288
0.397074
0.435306
0.46272
0.445039
0.427587
0.378728
0.365205
0.359475
0.377691
0.366457
0.383705
0.389568
0.354725
0.363191
0.393207
0.398622
0.375312
0.366455
0.368314
0.382295
0.398489
0.3764
0.387467
0.404747
0.422098
0.405824
0.448629
0.506063
0.400742
0.358855
0.369881
0.405716
0.418393
0.403162
0.396907
0.428656
0.408985
0.414419
0.438906
0.43309
0.354255
0.361585
0.377371
0.439207
0.436895
0.375323
0.368906
0.36202
0.364796
0.43839
0.395702
0.426613
0.383893
0.449507
0.467524
0.420281
0.437583
0.380951
0.432977
0.421767
0.403664
0.407101
0.407721
0.400225
0.389202
0.384133
0.387596
0.37667
0.373825
0.362876
0.36784
0.407897
0.406958
0.371006
0.350697
0.374723
0.399653
0.409149
0.418611
0.411224
0.524673
0.399581
0.375319
0.38015
0.385213
0.370126
0.377434
0.408011
0.387905
0.388875
0.418146
0.441101
0.43002
0.37515
0.408782
0.423925
0.412887
0.444429
0.502157
0.544887
0.428824
0.406634
0.431126
0.392063
0.400657
0.411493
0.419363
0.3889
0.358193
0.387485
0.394324
0.446832
0.445553
0.38516
0.402454
0.411491
0.444652
0.423595
0.396575
0.414673
0.433866
0.449854
0.488274
0.482356
0.424615
0.408928
0.409117
0.364828
0.390439
0.387977
0.402096
0.405674
0.490461
0.502458
0.454288
0.409233
0.384026
0.368957
0.388033
0.369808
0.374713
0.409141
0.449048
0.433134
0.425846
0.438967
0.448319
0.422455
0.394555
0.371035
0.381033
0.389856
0.389707
0.461187
0.440257
0.369537
0.39785
0.368273
0.370904
0.355408
0.359763
0.398701
0.392101
0.410031
0.453212
0.448825
0.456951
0.45255
0.475631
0.41342
0.420813
0.406504
0.376403
0.404133
0.399979
0.384218
0.358103
0.344957
0.34343
0.378094
0.367462
0.34475
0.353285
0.39339
0.406425
0.37369
0.463147
0.426519
0.362111
0.393633
0.385933
0.35251
0.370474
0.402262
0.395163
0.406637
0.419062
0.435985
0.416596
0.367429
0.413621
0.44953
0.455467
0.495213
0.418544
0.427097
0.386256
0.439091
0.395907
0.395256
0.400956
0.42215
0.447391
0.449571
0.445327
0.430485
0.437012
0.408605
0.42513
0.537171
0.428648
0.457074
0.441539
0.441947
0.446416
0.425965
0.399467
0.421576
0.442536
0.416695
0.441441
0.524239
0.490862
0.469692
0.416467
0.468207
0.443013
0.445841
0.471739
0.467226
0.434518
0.416395
0.4221
0.430808
0.427185
0.523769
0.398287
0.415954
0.367794
0.387875
0.381937
0.403189
0.419993
0.397176
0.399338
0.352144
0.378342
0.445241
0.549447
0.491418
0.503238
0.438279
0.466925
0.48885
0.483627
0.489177
0.478024
0.453983
0.392109
0.387938
0.422165
0.449659
0.442366
0.450735
0.460574
0.434335
0.503811
0.377402
0.350338
0.375426
0.420285
0.427626
0.504293
0.474677
0.465523
0.460511
0.487145
0.486924
0.505893
0.434745
0.407495
0.395236
0.413087
0.391944
0.371682
0.361047
0.41973
0.396915
0.430963
0.397359
0.424497
0.390745
0.364963
0.361632
0.360734
0.379451
0.392118
0.395453
0.378335
0.398859
0.369348
0.405117
0.403431
0.380442
0.388354
0.444712
0.391554
0.391098
