0.518953
0.579571
0.564825
0.479285
0.474763
0.513272
0.475255
0.449762
0.499129
0.482968
0.50272
0.462604
0.430924
0.48454
0.494932
0.506116
0.492517
0.480464
0.469591
0.468023
0.498728
0.462219
0.46423
0.479396
0.486996
0.482196
0.452782
0.476827
0.478081
0.475111
0.473922
0.456329
0.444389
0.430055
0.488771
0.475111
0.446827
0.451361
0.441387
0.463945
0.431727
0.47802
0.45414
0.436236
0.448683
0.454409
0.403529
0.390245
0.399653
0.413585
0.448557
0.476655
0.456052
0.403604
0.406339
0.409342
0.413864
0.384534
0.398717
0.413611
0.390116
0.411116
0.404472
0.379479
0.396417
0.393939
0.369175
0.369952
0.368737
0.347279
0.351412
0.361678
0.376955
0.383563
0.388631
0.37619
0.355164
0.351058
0.367027
0.365216
0.372714
0.392897
0.382571
0.388383
0.387019
0.3799
0.3968
0.391627
0.401648
0.392849
0.418432
0.407466
0.373138
0.370402
0.35178
0.36721
0.384343
0.383412
0.352314
0.349306
0.350584
0.34229
0.35388
0.375853
0.402823
0.466302
0.43134
0.429144
0.434047
0.405413
0.397853
0.416389
0.433162
0.395288
0.38637
0.412432
0.418786
0.419047
0.445005
0.452523
0.408012
0.463165
0.488015
0.467815
0.489739
0.419881
0.381812
0.427822
0.445409
0.429065
0.389773
0.375339
0.419313
0.41182
0.409742
0.413746
0.386877
0.378128
0.393298
0.384176
0.390687
0.384997
0.425002
0.390096
0.407265
0.401161
0.412388
0.398704
0.442502
0.419794
0.410525
0.399339
0.380696
0.366147
0.357491
0.342708
0.339537
0.336835
0.342888
0.363367
0.364626
0.342953
0.342971
0.349705
0.366888
0.355711
0.384181
0.44349
0.490802
0.45086
0.466225
0.47152
0.457992
0.415158
0.434158
0.415207
0.412502
0.421449
0.425739
0.411581
0.408948
0.373751
0.362119
0.378369
0.38461
0.378006
0.4
0.391436
0.402009
0.440365
0.417236
0.432985
0.446838
0.455722
0.475783
0.438379
0.443305
0.413321
0.415224
0.40946
0.437151
0.427407
0.41253
0.382797
0.364634
0.392342
0.39934
0.403843
0.397583
0.41036
0.441723
0.414676
0.420524
0.391311
0.440258
0.465654
0.444062
0.461848
0.378449
0.406253
0.409877
0.408989
0.444356
0.467163
0.46479
0.438107
0.388158
0.355379
0.396154
0.435161
0.392833
0.395512
0.391339
0.443796
0.413833
0.370572
0.429016
0.419711
0.453085
0.449871
0.474592
0.431247
0.432415
0.425928
0.431924
0.396365
0.405567
0.379309
0.355104
0.392437
0.3976
0.421996
0.394596
0.370285
0.373177
0.438965
0.433293
0.407999
0.428321
0.437692
0.446147
0.405224
0.371069
0.356869
0.353975
0.3599
0.389888
0.40539
0.394453
0.367034
0.354144
0.376309
0.387666
0.422826
0.418362
0.392662
0.38716
0.433171
0.415441
0.380784
0.395933
0.406192
0.432129
0.436527
0.443601
0.426887
0.450855
0.414297
0.371173
0.352406
0.347865
0.380019
0.390057
0.358749
0.351738
0.35412
0.383846
0.467648
0.429597
0.423958
0.419972
0.482177
0.415698
0.419401
0.422978
0.445226
0.417367
0.380001
0.365716
0.423206
0.433784
0.388582
0.396228
0.452386
0.43148
0.425379
0.42707
0.377073
0.360395
0.364452
0.402264
0.43752
0.422228
0.503004
0.426666
0.364732
0.37291
0.377426
0.373109
0.448994
0.46421
0.432064
0.450804
0.422131
0.407881
0.40876
0.415852
0.40314
0.394543
0.375421
0.371685
0.357651
0.347236
0.350845
0.363692
0.373339
0.368572
0.35209
0.366154
0.373779
0.402478
0.378297
0.389269
0.400908
0.380691
0.356481
0.34641
0.365887
0.369799
0.389346
0.404296
0.391986
0.373909
0.362015
0.358326
0.363088
0.365041
0.358545
0.366322
0.397613
0.394713
0.399595
0.397266
0.418252
0.407392
0.403102
0.387523
0.402097
0.39371
0.384489
0.37379
0.361219
0.367932
0.371511
0.366111
0.3399
0.34646
0.368289
0.355949
0.352301
0.373087
0.39154
0.384292
0.344163
0.341773
0.345436
0.382379
0.39186
0.391129
0.364625
0.397112
0.411889
0.418356
0.39832
0.4056
0.37483
0.422499
0.398176
0.411339
0.36671
0.371781
0.358749
0.345172
0.364288
0.361286
0.385684
0.425548
0.42678
0.475649
0.496911
0.404271
0.385577
0.396125
0.398182
0.413467
0.380456
0.376423
0.40626
0.382467
0.39727
0.417905
0.470589
0.457574
0.452833
0.437186
0.464034
0.458419
0.457981
0.477667
0.500298
0.531171
0.498524
0.368867
0.365856
0.38217
0.392363
0.419253
0.392464
0.372054
0.387424
0.436932
0.460982
0.478659
0.427446
0.486913
0.478027
0.464514
0.417846
0.393778
0.378663
0.368283
0.385611
0.366394
0.363193
0.383217
0.400297
0.386204
0.382279
0.39136
0.376055
0.367897
0.375024
0.397669
0.430396
0.403562
0.388338
0.360563
0.394141
0.424
0.444853
0.414654
0.416709
0.405789
0.44702
0.422589
0.431011
0.43718
0.456238
0.457194
0.489725
0.500835
0.453003
0.484247
0.475055
0.433103
0.415232
0.409774
0.415391
0.436692
0.406857
0.394359
0.394059
0.404448
0.391659
0.407909
0.396754
0.416577
0.388363
0.383943
0.402495
0.376822
0.414312
0.442359
0.407499
0.370432
0.404809
0.357192
0.36103
0.360597
0.348181
0.350095
0.361597
0.34532
0.342672
0.3459
0.343662
0.356416
0.365149
0.350449
0.365316
0.345261
0.350069
0.355269
0.378193
0.377562
0.387444
0.39254
0.367186
0.345485
0.352774
0.359184
0.367417
0.386489
0.380177
0.38148
0.36184
0.388273
0.390263
0.400589
0.36611
0.380458
0.369941
0.365376
0.391326
0.404785
0.383928
0.397533
0.440144
0.428507
0.431707
0.461078
0.47855
0.476443
0.485857
0.422058
0.388428
0.386058
0.407621
0.439965
0.427386
0.40262
0.399872
0.420195
0.42637
0.418817
0.423707
0.388842
0.398089
0.358522
0.349306
0.360522
0.361498
0.366279
0.395304
0.401394
0.374951
0.372587
0.377144
0.37107
0.39837
0.395198
0.381818
0.383157
0.401328
0.38448
0.362473
0.347237
0.34876
0.342436
0.347747
0.357908
0.366916
0.362591
0.405721
0.400088
0.396578
0.375454
0.355373
0.352536
0.357878
0.400744
0.37431
0.393672
0.379053
0.377405
0.389055
0.416512
0.48129
0.411999
0.432421
0.423296
0.400234
0.38312
0.375105
0.369007
0.378958
0.402463
0.460298
0.46699
0.452269
0.432923
0.488365
0.533674
0.484156
0.513529
0.44881
0.472722
0.505149
0.524209
0.475192
0.418708
0.385011
0.379923
0.395548
0.38805
0.410785
0.402548
0.399854
0.367621
0.365014
0.377811
0.380108
0.375405
0.397232
0.425466
0.427489
0.382378
0.356117
0.345711
0.351692
0.353214
0.348407
0.348837
0.344131
0.347615
0.36357
0.398909
0.421319
0.410441
0.428562
0.405061
0.392385
0.356575
0.360162
0.350813
0.361389
0.383295
0.405371
0.401782
0.412741
0.392416
0.41526
0.393649
0.352666
0.348669
0.350121
0.353415
0.353728
0.342253
0.348187
0.34398
0.354858
0.372396
0.363767
0.357214
0.389119
0.365461
0.376749
0.37209
0.392035
0.406505
0.415376
0.392679
0.363563
0.363271
0.378576
0.410002
0.402205
0.380893
0.371706
0.374561
0.396716
0.39814
0.373032
0.353944
0.352551
0.348282
0.357487
0.374825
0.367619
0.352966
0.358159
0.392948
0.383857
0.365418
0.364768
0.381801
0.35991
0.362415
0.368286
0.362306
0.391617
0.387071
0.399078
0.370557
0.369548
0.384567
0.363515
0.350581
0.341949
0.343381
0.369058
0.38449
0.364762
0.37932
0.376057
0.385759
0.3603
0.356002
0.348838
0.371853
0.40591
0.364031
0.349362
0.35362
0.345032
0.346917
0.344475
0.34109
0.349732
0.355488
0.391388
0.415493
0.396117
0.371091
0.36912
0.380604
0.37742
0.399176
0.375134
0.398026
0.373565
0.372249
0.38311
0.409435
0.411205
0.399307
0.377167
0.365172
0.357414
0.36526
0.393276
0.365962
0.344496
0.342744
0.370221
0.358949
0.39785
0.355324
0.353396
0.372954
0.393382
0.387498
0.348908
0.357543
0.39343
0.363723
0.360089
0.367164
0.373015
0.34934
0.358013
0.360389
0.378023
0.401706
0.424874
0.433248
0.414108
0.418741
0.389107
0.401191
0.41505
0.527516
0.516931
0.450266
0.434133
0.398941
0.422333
0.435104
0.403445
0.388632
0.411494
0.435638
0.375208
0.35646
0.402036
0.419215
0.395003
0.432489
0.382382
0.351258
0.348926
0.356997
0.352545
0.354989
0.352002
0.348183
0.351199
0.344638
0.347031
0.346451
0.355506
0.412141
0.425218
0.395114
0.400904
0.389606
0.386295
0.40594
0.40072
0.373181
0.38532
0.373384
0.402204
0.381942
0.362341
0.365459
0.351648
0.369925
0.383908
0.409359
0.403154
0.410157
0.384877
0.38306
0.370928
0.388618
0.405718
0.379663
0.367584
0.373559
0.391908
0.390535
0.394995
0.396753
0.399391
0.40762
0.406637
0.400347
0.397992
0.414657
0.388385
0.410628
0.413669
0.39426
0.388987
0.371477
0.35802
0.343164
0.350149
0.364386
0.37038
0.358894
0.368753
0.374894
0.34869
0.373263
0.36663
0.383597
0.38798
0.372106
0.373935
0.358362
0.355985
0.353679
0.36354
0.365259
0.343923
0.343623
0.354928
0.37198
0.380204
0.379233
0.36657
0.387944
0.407184
0.379345
0.38681
0.385811
0.376052
0.362188
0.385067
0.362995
0.351505
0.377385
0.383948
0.386409
0.378454
0.393447
0.3943
0.375952
0.362176
0.36417
0.388351
0.445521
0.456986
0.450438
0.456254
0.4086
0.419051
0.4482
0.472842
0.419404
0.451102
0.437326
0.393579
0.370077
0.391209
0.397284
0.383079
0.40234
0.469647
0.461627
0.422593
0.379954
0.415949
0.435006
0.384157
0.409521
0.41989
0.402929
0.432578
0.387917
0.358712
0.372922
0.365106
0.357883
0.368029
0.38238
0.428311
0.431762
0.448629
0.423911
0.458971
0.465623
0.440113
0.433833
0.479432
0.4791
0.478647
0.491533
0.459605
0.431929
0.429201
0.437243
0.44626
0.429957
0.420649
0.440712
0.422735
0.373304
0.39097
0.425069
0.401084
0.411935
0.423663
0.439358
0.427375
0.411599
0.415455
0.379167
0.407976
0.394636
0.399418
0.370509
0.391301
0.403821
0.41296
0.409079
0.404511
0.415862
0.457497
0.481807
0.436878
0.504521
0.466035
0.455483
0.468022
0.44693
0.411187
0.435973
0.453998
0.480063
0.456844
0.493589
0.421042
0.404625
0.394455
0.377503
0.355501
0.361873
0.372839
0.393335
0.421054
0.378382
0.357933
0.361114
0.383684
0.367638
0.360492
0.375383
0.346048
0.346969
0.341416
0.348152
0.351989
0.370332
0.382885
0.363578
0.394732
0.383894
0.372217
0.373709
0.361243
0.36672
0.374409
0.37348
0.355835
0.379253
0.376647
0.381749
0.393799
0.385012
0.396138
0.386077
0.42579
0.390625
0.360379
0.352272
0.344617
0.347093
0.357422
0.371843
0.356547
0.392272
0.374428
0.356828
0.338781
0.345642
0.367096
0.393798
0.405287
0.421712
0.421465
0.406153
0.409241
0.409865
0.37471
0.379669
0.364393
0.365499
0.372551
0.384627
0.391944
0.36293
0.354253
0.369526
0.368489
0.358193
0.376041
0.383021
0.36543
0.35725
0.361549
0.38428
0.389143
0.378057
0.37761
0.398469
0.391695
0.387124
0.399338
0.40865
0.406736
0.364498
0.349265
0.369809
0.393313
0.395129
0.378228
0.368439
0.377599
0.409033
0.414574
0.441911
0.423883
0.384384
0.367695
0.399078
0.402385
0.403439
0.432289
0.447439
0.431955
0.416575
0.419951
0.38774
0.419541
0.3826
0.408421
0.453978
0.474356
0.449348
0.457456
0.543291
0.556631
0.500517
0.434043
0.48739
0.484367
0.440288
0.383833
0.351519
0.354033
0.368435
0.357375
0.361755
0.356542
0.35328
0.368606
0.375838
0.364251
0.363822
0.367709
0.389043
0.406934
0.408391
0.39886
0.409496
0.415062
0.414346
0.408209
0.412376
0.436188
0.414839
0.411178
0.394121
0.394758
0.405149
0.418831
0.394189
0.389633
0.409921
0.387367
0.403956
0.397355
0.459744
0.470928
0.421657
0.399451
0.444082
0.373839
0.388419
0.440229
0.388581
0.36477
0.365582
0.424898
0.438082
0.406879
0.426241
0.414828
0.454597
0.440268
0.430571
0.420303
0.424505
0.441311
0.453444
0.51225
0.483936
0.430998
0.388766
0.357681
0.360533
0.362716
0.355055
0.348623
0.346141
0.345684
0.35104
0.377724
0.369622
0.352445
0.37676
0.385301
0.384176
0.367044
0.371437
0.376394
0.386013
0.402539
0.474904
0.453822
0.514037
0.496658
0.445597
0.379465
0.410885
0.427576
0.390202
0.396314
0.363152
0.359916
0.36537
0.392098
0.365498
0.354909
0.357805
0.370994
0.384306
0.363482
0.344135
0.353366
0.370161
0.367788
0.369936
0.36497
0.352914
0.358357
0.398519
0.471789
0.436369
0.420921
0.431865
0.441292
0.38955
0.404747
0.416152
0.368271
0.395772
0.426276
0.439559
0.436578
0.408217
0.424445
0.403971
0.367215
0.357803
0.366839
0.414396
0.464048
0.449134
0.495182
0.431058
0.418884
0.442572
0.48256
0.436114
0.508468
0.471055
0.462262
0.476146
0.396618
0.383926
0.376705
0.399916
0.448868
0.427418
0.424862
0.461425
0.439531
0.372405
0.353404
0.371646
0.365376
0.396538
0.399539
0.420206
0.433131
0.478362
0.47572
0.406586
0.398047
0.41466
0.425667
0.446319
0.41668
0.425498
0.395108
0.379824
0.398713
0.386953
0.37722
0.386269
0.424218
0.456497
0.377468
0.399342
0.454884
0.440627
0.419022
0.413879
0.426372
0.368129
0.356364
0.383694
0.397779
0.404391
0.401547
0.41035
0.392156
0.395976
0.382118
0.365646
0.411631
0.38202
0.380418
0.3682
0.379151
0.402058
0.400383
0.389369
0.372783
0.403903
0.385337
0.38251
0.402384
0.395611
0.366292
0.348152
0.353713
0.34972
0.362544
0.408072
0.394935
0.359923
0.346895
0.351849
0.3829
0.379271
0.35809
0.354221
0.368976
0.375151
0.372936
0.367477
0.402849
0.409578
0.402278
0.399152
0.428809
0.390209
0.376128
0.432013
0.408148
0.431341
0.365385
0.379584
0.365798
0.370883
0.376973
0.370009
0.359593
0.341897
0.348392
0.337713
0.346291
0.354871
0.372091
0.386754
0.401946
0.385282
0.393824
0.382439
0.382203
0.436165
0.419641
0.430896
0.397966
0.399855
0.420924
0.387941
0.423438
0.389392
0.411497
0.457042
0.419835
0.420992
0.381423
0.375216
0.431094
0.456325
0.450347
0.528128
0.547456
0.5628
0.534272
0.421381
0.397345
0.395206
0.383975
0.400463
0.394698
0.412698
0.383177
0.362643
0.346693
0.356129
0.347838
0.368907
0.384551
0.39588
0.399277
0.386436
0.385524
0.410081
0.380552
0.382589
0.364716
0.372931
0.355449
0.357022
0.382242
0.387888
0.355386
0.350177
0.348025
0.370221
0.434318
0.438444
0.445078
0.448028
0.440712
0.449087
0.396725
0.418383
0.399522
0.37813
0.403463
0.359591
0.36345
0.395252
0.4063
0.400596
0.399576
0.386782
0.371843
0.395884
0.388694
0.40241
0.411098
0.399527
0.414078
0.432771
0.434083
0.452643
0.419204
0.430724
0.457401
0.445406
0.430828
0.438783
0.423833
0.450501
0.443295
0.391069
0.38812
0.363149
0.349159
0.363426
0.403299
0.390437
0.421002
0.413037
0.424046
0.406508
0.391527
0.407571
0.451764
0.468188
0.395813
0.405265
0.408249
0.372988
0.394538
0.430681
0.455628
0.428448
0.421964
0.472978
0.419467
0.476244
0.492385
0.51209
0.519872
0.500697
0.488836
0.472182
0.545009
0.545933
0.538921
0.58975
0.527564
0.455471
0.4493
0.417825
0.429848
0.387447
0.456084
0.421437
0.426462
0.374274
0.367198
0.419208
0.444925
0.445959
0.433868
0.431109
0.394282
0.401161
0.39839
0.365539
0.379379
0.409487
0.401033
0.402238
0.413617
0.381253
0.40664
0.389513
0.420721
0.432493
0.420407
0.404776
0.394481
0.406983
0.424155
0.399406
0.386034
0.407106
0.464114
0.431491
0.419291
0.436122
0.451189
0.404824
0.366109
0.372261
0.355593
0.347901
0.343125
0.350518
0.359201
0.384241
0.389464
0.381905
0.380484
0.400583
0.392526
0.355809
0.354716
0.359657
0.392993
0.435716
0.475547
0.492617
0.495321
0.399785
0.423686
0.428195
0.410466
0.416666
0.468178
0.466336
0.43749
0.364992
0.373822
0.377986
0.410476
0.401868
0.460721
0.395233
0.380155
0.384737
0.392286
0.403613
0.419567
0.409513
0.404448
0.411995
0.45855
0.45642
0.398805
0.438949
0.47089
0.469858
0.463395
0.430003
0.394442
0.378468
0.381673
0.371768
0.392123
0.427108
0.397353
0.417275
0.430209
0.423378
0.365659
0.421155
0.433889
0.420738
0.457548
0.416729
0.43696
0.444793
0.464505
0.481161
0.426498
0.437833
0.441966
0.438501
0.465815
0.473792
0.521389
0.542578
0.554728
0.557089
0.521335
0.434141
0.383581
0.414922
0.401646
0.429152
0.436996
0.412145
0.435694
0.427775
0.40924
0.402489
0.412498
0.384413
0.453539
0.424185
0.433707
0.407275
0.370287
0.363749
0.357757
0.35279
0.353716
0.373054
0.383341
0.368475
0.374743
0.375385
0.403619
0.402412
0.437437
0.411731
0.426891
0.374111
0.349536
0.357747
0.371015
0.365201
0.371848
0.396427
0.456941
0.481286
0.45586
0.46004
0.404935
0.369276
0.372637
0.365756
0.45245
0.384954
0.405392
0.437665
0.504604
0.465981
0.484221
0.523271
0.512101
0.497001
0.501432
0.496986
0.506944
0.508688
0.458824
0.462464
0.422496
0.467087
0.443112
0.441943
0.42284
0.433992
0.38063
0.358858
0.36893
0.395762
0.367728
0.374422
0.405906
0.386521
0.370209
0.364814
0.351262
0.374196
0.395132
0.411541
0.405062
0.385755
0.365011
0.353535
0.349725
0.361008
0.380017
0.391505
0.374788
0.368228
0.357164
0.368064
0.373091
0.405988
0.382231
0.392396
0.408464
0.423863
0.433509
0.424218
0.421915
0.451133
0.469834
0.456709
0.497558
0.466095
0.421973
0.408925
0.432652
0.39832
0.436208
0.468057
0.393823
0.421295
0.40956
0.438433
0.431352
0.417106
0.445325
0.462616
0.446728
0.432121
0.480892
0.458738
0.430652
0.451663
0.481843
0.429023
0.414781
0.37823
0.386114
0.423346
0.424603
0.39772
0.375176
0.371542
0.354912
0.362733
0.390299
0.364379
0.370116
0.376033
0.357522
0.383956
0.395198
0.387953
0.387635
0.373964
0.391536
0.422127
0.420313
0.385044
0.393766
0.369774
0.366025
0.361196
0.393388
0.375204
0.373531
0.383621
0.385209
0.393465
0.440805
0.477374
0.450016
0.432633
0.493092
0.481368
0.460421
0.396013
0.466791
0.481102
0.387739
0.364133
0.347281
0.361176
0.388041
0.38189
0.412265
0.387175
0.390203
0.394215
0.405498
0.394096
0.379028
0.378368
0.358315
0.349247
0.350758
0.390348
0.384622
0.358596
0.35331
0.377035
0.354854
0.355023
0.368914
0.353384
0.342931
0.349106
0.347188
0.359261
0.380145
0.366347
0.35467
0.384159
0.406396
0.414357
0.415993
0.409614
0.383913
0.400608
0.380371
0.394849
0.394774
0.393364
0.39956
0.433752
0.405641
0.421369
0.426821
0.451306
0.476901
0.448886
0.471721
0.433793
0.491301
0.446898
0.427021
0.433827
0.458585
0.427904
0.439139
0.471213
0.487715
0.471324
0.467709
0.515259
0.438937
0.404234
0.416031
0.451174
0.433116
0.47634
0.507998
0.522065
0.412643
0.428268
0.420085
0.398324
0.41006
0.429669
0.412395
0.416569
0.431508
0.418722
0.412828
0.433121
0.406242
0.393502
0.393453
0.386541
0.372587
0.391599
0.3637
0.369214
0.388304
0.417592
0.391847
0.398845
0.394849
0.416999
0.415411
0.391337
0.393002
0.393432
0.407899
0.40282
0.414653
0.403042
0.354456
0.350638
0.339087
0.344851
0.349635
0.377439
0.37301
0.355136
0.340828
0.345342
0.340963
0.34352
0.35025
0.348991
0.340091
0.340696
0.343687
0.347583
0.373454
0.386115
0.375102
0.379947
0.378761
0.373917
0.376541
0.379034
0.362305
0.347362
0.339515
0.347548
0.348253
0.345466
0.343059
0.3478
0.341158
0.350719
0.36795
0.3568
0.364382
0.379529
0.41714
0.380708
0.396996
0.437721
0.42988
0.424865
0.382559
0.380695
0.378183
0.357719
0.360493
0.398824
0.378596
0.377025
0.407534
0.456238
0.468044
0.490883
0.505052
0.400474
0.433066
0.396104
0.463458
0.462594
0.390642
0.363772
0.348653
0.350932
0.359003
0.374595
0.396587
0.389326
0.379539
0.423157
0.403831
0.39665
0.375655
0.375188
0.386801
0.351702
0.347071
0.344175
0.346288
0.367759
0.374785
0.344248
0.356563
0.355412
0.414078
0.401601
0.403151
0.392051
0.392639
0.418153
0.406381
0.402007
0.392996
0.396297
0.387301
0.390338
0.404394
0.374542
0.41206
0.449205
0.4077
0.37123
0.413643
0.454647
0.439326
0.413302
0.404121
0.448819
0.452805
0.455289
0.436505
0.475945
0.439683
0.389547
0.379797
0.384911
0.379666
0.352552
0.356685
0.36546
0.365594
0.36956
0.405226
0.422071
0.439502
0.447672
0.43434
0.45183
0.457949
0.462983
0.444301
0.427011
0.414107
0.470662
0.487403
0.478832
0.469914
0.487045
0.51479
0.574024
0.429453
0.42022
0.431595
0.394745
0.429115
0.410059
0.417834
0.439834
0.424694
0.443024
0.412898
0.416393
0.382697
0.368038
0.372704
0.390606
0.395125
0.458177
0.458642
0.453989
0.433964
0.409659
0.431094
0.367388
0.389724
0.38846
0.374306
0.408353
0.416729
0.40757
0.377593
0.372781
0.400077
0.372915
0.419972
0.413297
0.412852
0.413199
0.399869
0.436081
0.427772
0.464991
0.445706
0.454151
0.426258
0.44326
0.472162
0.420652
0.418708
0.420329
0.493961
0.486841
0.426245
0.427639
0.482821
0.446257
0.432454
0.41961
0.443081
0.406074
0.446307
0.416447
0.383607
0.442524
0.465547
0.466122
0.433318
0.439782
0.432113
0.390031
0.380881
0.398624
0.379245
0.426019
0.426189
0.438954
0.454974
0.576758
0.579332
0.538145
0.478357
0.511034
0.435432
0.411853
0.412273
0.459182
0.424422
0.488675
0.468328
0.4304
0.42481
0.467983
0.449318
0.442455
0.441173
0.432778
0.440367
0.450028
0.437502
0.42673
0.417582
0.477956
0.489019
0.503492
0.474545
0.419141
0.408626
0.415809
0.435435
0.475543
0.451519
0.39495
0.401692
0.422335
0.433307
0.432611
0.477342
0.484321
0.398328
0.369208
0.359799
0.367811
0.362335
0.366159
0.392187
0.455904
0.491109
0.486503
0.44063
0.478851
0.424363
0.409249
0.433833
0.430343
0.445207
0.364847
0.411447
0.425993
0.427795
0.414844
0.474795
0.418956
0.436839
0.491002
0.537404
0.487689
0.50898
0.57497
0.524206
0.511647
0.505571
0.470212
0.474538
0.497129
0.456751
0.483032
0.506567
0.46055
0.45164
0.426193
0.415838
0.408395
0.407633
0.411585
0.441083
0.494706
0.49108
0.452623
0.461398
0.40667
0.454143
0.48985
0.420705
0.423923
0.45751
0.435091
0.439514
0.450693
0.457472
0.435415
0.488793
0.480885
0.439077
0.493341
0.475157
0.496102
0.493362
0.452886
0.452007
0.453919
0.473327
0.506232
0.421385
0.372387
0.356289
0.375737
0.39872
0.419257
0.465742
0.436428
0.423186
0.404357
0.413756
0.420631
0.460867
0.446335
0.411659
0.44578
0.446475
0.393448
0.384301
0.372147
0.414451
0.475379
0.504245
0.501276
0.521074
0.507775
0.503466
0.519858
0.567174
0.543465
0.417901
0.365766
0.399842
0.405349
0.380389
0.399983
0.418017
0.409213
0.416591
0.433157
0.411024
0.439866
0.442162
0.399196
0.409799
0.440424
0.413115
0.390218
0.400468
0.373454
0.360724
0.346247
0.355887
0.394929
0.379754
0.354461
0.379969
0.409641
0.411263
0.432774
0.368296
0.366944
0.355985
0.377793
0.364278
0.36147
0.40563
0.441873
0.433848
0.445887
0.448786
0.436243
0.420194
0.382677
0.366612
0.38063
0.384063
0.388592
0.414217
0.433519
0.429049
0.371825
0.387165
0.401805
0.406076
0.371574
0.34675
0.343983
0.351335
0.354492
0.363278
0.385862
0.351768
0.367837
0.381438
0.417191
0.418849
0.449001
0.412408
0.455175
0.498531
0.56314
0.57978
0.536151
0.555632
0.536066
0.515596
0.48316
0.524633
0.44658
0.516947
0.505945
0.465351
0.504856
0.496107
0.479455
0.506421
0.527243
0.544066
0.479193
0.401691
0.410177
0.417292
0.402299
0.440971
0.474223
0.447003
0.43201
0.474453
0.468493
0.470738
0.49938
0.422154
0.491215
0.496446
0.486305
0.475446
0.494964
0.453069
0.45493
0.526161
0.485905
0.499789
0.523629
0.514584
0.510301
0.449929
0.446932
0.487819
0.50625
0.472406
0.440767
0.481997
0.461571
0.448022
0.458948
0.465147
0.436299
0.423912
0.381132
0.371516
0.389379
0.39437
0.39415
0.387361
0.392167
0.381182
0.384795
0.402678
0.421023
0.435489
0.429318
0.4221
0.416297
0.411755
0.450125
0.456271
0.44087
0.487109
0.470612
0.44786
0.460984
0.477292
0.471047
0.456827
0.396726
0.442957
0.423098
0.430695
0.467245
0.445928
0.466697
0.45205
0.47991
0.461519
0.489092
0.468287
0.421606
0.424764
0.400591
0.379465
0.449653
0.491365
0.461323
0.450477
0.434817
0.515275
0.568486
0.562331
0.392911
0.378413
0.373117
0.354112
0.392781
0.355376
0.348172
0.353369
0.347083
0.347765
0.352783
0.354105
0.388917
0.377019
0.361362
0.38743
0.380493
0.388487
0.441711
0.437922
0.431108
0.428168
0.43138
0.4387
0.424441
0.430158
0.421734
0.435355
0.49261
0.509299
0.526027
0.523829
0.492171
0.427045
0.477619
0.513395
0.505916
0.465586
0.49334
0.48957
0.464957
0.454045
0.466053
0.414316
0.475873
0.48013
0.467468
0.450393
0.43297
0.421727
0.456658
0.504277
0.537088
0.49779
0.470498
0.462981
0.500556
0.515911
0.486817
0.503988
0.511759
0.493992
0.480837
0.504789
0.542478
0.487832
0.475497
0.431151
0.399745
0.375947
0.392917
0.402306
0.39199
0.435871
0.414565
0.392341
0.398714
0.410944
0.37826
0.396139
0.413212
0.417975
0.424374
0.426736
0.38342
0.386419
0.37643
0.421463
0.405456
0.370134
0.359788
0.365112
0.36347
0.374214
0.395776
0.358093
0.360271
0.358927
0.368344
0.359638
0.388825
0.392107
0.444125
0.461008
0.413979
0.387806
0.386935
0.410314
0.391054
0.40863
0.444927
0.477998
0.41842
0.399705
0.420916
0.433865
0.416305
0.392495
0.392064
0.387821
0.399485
0.400107
0.386935
0.379854
0.417257
0.436266
0.413174
0.451903
0.407665
0.398937
0.39201
0.388993
0.389349
0.386197
0.367151
0.37109
0.366486
0.36228
0.360449
0.361101
0.369624
0.363326
0.359267
0.357755
0.356926
0.361088
0.362589
0.362536
0.358478
0.370371
0.376378
0.365692
0.359929
0.402962
0.403464
0.405161
0.412326
0.376522
0.375241
0.401139
0.398478
0.381843
0.402927
0.387538
0.394782
0.372631
0.36234
0.402252
0.365947
0.381308
0.416263
0.437575
0.393973
0.365044
0.381197
0.399145
0.365722
0.360248
0.35632
0.36409
0.409005
0.424314
0.393407
0.394268
0.409629
0.411022
0.416942
0.405915
0.394424
0.384374
0.391043
0.393115
0.377156
0.375371
0.36254
0.375628
0.374406
0.376538
0.390111
0.424057
0.431862
0.408772
0.464859
0.516425
0.393598
0.363824
0.370249
0.415232
0.40596
0.417496
0.409963
0.387786
0.38511
0.389448
0.385739
0.385717
0.395537
0.39503
