0.503969
0.479304
0.474344
0.454967
0.434579
0.401997
0.373077
0.374633
0.387086
0.372773
0.425202
0.420088
0.396569
0.383253
0.376481
0.434391
0.39447
0.43688
0.401138
0.435948
0.401863
0.431107
0.397584
0.394359
0.39378
0.406464
0.409452
0.415695
0.403168
0.426236
0.362968
0.377071
0.374062
0.398727
0.360511
0.372617
0.397545
0.403826
0.401163
0.474047
0.404923
0.412022
0.390313
0.41315
0.454996
0.404549
0.38904
0.358722
0.378505
0.421603
0.41904
0.382287
0.378972
0.368765
0.39773
0.414063
0.470468
0.389507
0.363454
0.386214
0.360094
0.388837
0.370979
0.36928
0.373766
0.365832
0.356999
0.383446
0.38246
0.366526
0.368001
0.402186
0.438706
0.378009
0.368285
0.38429
0.390066
0.401377
0.361122
0.366764
0.374826
0.375803
0.411552
0.414322
0.419766
0.391673
0.462021
0.421287
0.407557
0.433898
0.443889
0.368187
0.373078
0.381464
0.361986
0.395334
0.37143
0.383073
0.382836
0.412691
0.427752
0.444863
0.371862
0.410044
0.414237
0.415639
0.410711
0.365993
0.432223
0.375986
0.364052
0.416277
0.404466
0.458359
0.427383
0.404468
0.418293
0.404939
0.387421
0.374987
0.370434
0.396638
0.374572
0.377527
0.413944
0.467069
0.3873
0.382234
0.378409
0.402887
0.396246
0.432827
0.398139
0.418627
0.430768
0.524203
0.421737
0.403393
0.412329
0.371811
0.419174
0.41989
0.409591
0.418391
0.41962
0.467887
0.451506
0.39514
0.389334
0.424072
0.470452
0.383348
0.37559
0.384508
0.444353
0.428782
0.435213
0.38286
0.387511
0.449499
0.383713
0.369386
0.357532
0.395198
0.431366
0.452725
0.464474
0.416976
0.391335
0.40188
0.370876
0.344025
0.372639
0.349083
0.399614
0.418952
0.396587
0.386218
0.369014
0.396011
0.422554
0.404513
0.423964
0.473851
0.424607
0.412065
0.395578
0.422398
0.447572
0.433356
0.418891
0.484105
0.444578
0.440704
0.41081
0.429547
0.483766
0.47892
0.445071
0.444139
0.469196
0.425959
0.429026
0.485081
0.40092
0.37959
0.412371
0.385334
0.407018
0.52072
0.467275
0.483573
0.41648
0.435357
0.455328
0.469715
0.364662
0.397298
0.465758
0.47549
0.466445
0.49789
0.418911
0.401104
0.374838
0.401985
0.412668
0.375105
0.362417
0.390489
0.392714
0.383122
0.39364
0.416394
0.39134
0.391234
