0.549905
0.493133
0.470906
0.490724
0.461256
0.497358
0.482544
0.477791
0.471204
0.476988
0.473865
0.46846
0.447256
0.465522
0.456644
0.451729
0.444617
0.413172
0.411877
0.465559
0.405108
0.400841
0.403701
0.399252
0.392834
0.37022
0.35136
0.375223
0.376909
0.359304
0.375072
0.388563
0.386212
0.396772
0.406337
0.362503
0.376058
0.35652
0.348529
0.397252
0.439749
0.415419
0.415408
0.411309
0.43969
0.463169
0.461718
0.408679
0.418516
0.404812
0.407143
0.383629
0.390981
0.400854
0.405396
0.419409
0.409727
0.372265
0.344904
0.343049
0.356845
0.351208
0.375606
0.465903
0.469743
0.428917
0.413166
0.421865
0.378979
0.378332
0.392755
0.423157
0.42937
0.461866
0.430311
0.420238
0.413565
0.379953
0.400802
0.42235
0.406164
0.448067
0.423936
0.409031
0.457364
0.419317
0.392698
0.39736
0.42106
0.405823
0.445728
0.44489
0.423081
0.392168
0.378745
0.406144
0.39427
0.420644
0.438834
0.377236
0.360209
0.399837
0.362581
0.403476
0.398237
0.41428
0.399441
0.44094
0.434571
0.366672
0.373781
0.35696
0.410076
0.429141
0.426793
0.406027
0.407802
0.403699
0.435485
0.392129
0.385554
0.459326
0.391026
0.377858
0.453932
0.431646
0.406519
0.391893
0.360863
0.355567
0.367401
0.370456
0.389641
0.383885
0.356613
0.390286
0.379282
0.359813
0.361691
0.39017
0.409054
0.400565
0.396403
0.374366
0.369085
0.347452
0.359754
0.378714
0.354241
0.366585
0.382187
0.40702
0.401887
0.401099
0.384418
0.357265
0.369334
0.43471
0.451226
0.393893
0.392711
0.391774
0.41536
0.459563
0.455302
0.472885
0.509497
0.368848
0.404634
0.380583
0.449902
0.457403
0.460721
0.393821
0.374175
0.377844
0.385919
0.382029
0.381251
0.413272
0.37757
0.433436
0.412883
0.43241
0.44913
0.493994
0.464172
0.427809
0.419145
0.397157
0.399002
0.40713
0.390789
0.395884
0.416871
0.377561
0.357524
0.354393
0.344347
0.350951
0.356628
0.3665
0.386274
0.357283
0.361773
0.385956
0.373079
0.386828
0.374375
0.390621
0.400255
0.434402
0.477382
0.437036
0.403329
0.418908
0.415384
0.420026
0.38317
0.355998
0.375311
0.383783
0.376223
0.394063
0.388855
0.361317
0.347439
0.358747
0.391063
0.381749
0.355714
0.387717
0.384718
0.428234
0.427952
0.394918
0.371135
0.432795
0.447296
0.506667
0.474277
0.509378
0.437142
0.384724
0.401705
0.382259
0.375699
0.395329
0.404759
0.349374
0.35201
0.345724
0.388481
0.418676
0.386563
0.35606
0.396863
0.406283
0.357673
0.353062
0.345144
0.358451
0.368658
0.371906
0.391293
0.395244
0.371302
0.399437
0.37866
0.384574
0.351162
0.366109
0.358154
0.382349
0.371674
0.362592
0.381408
0.3788
0.37551
0.345597
0.371194
0.374277
0.368593
0.364674
0.371009
0.348689
0.343394
0.364484
0.400683
0.373077
0.385671
0.379745
0.393413
0.399424
0.361886
0.376735
0.349587
0.37637
0.358707
0.380697
0.371519
0.363587
0.359949
0.367871
0.418718
0.415215
0.403594
0.506139
0.420543
0.42025
0.410701
0.375449
0.407949
0.397775
0.352036
0.353803
0.348982
0.34634
0.395456
0.398769
0.394333
0.387141
0.388847
0.362634
0.394858
0.401015
0.379375
0.389019
0.378176
0.394775
0.400341
0.398066
0.407169
0.402548
0.375506
0.348774
0.365786
0.36612
0.365902
0.384081
0.364356
0.357446
0.351533
0.363276
0.374082
0.393371
0.384823
0.37093
0.361775
0.384734
0.389939
0.371342
0.398039
0.455807
0.421132
0.452828
0.433125
0.382855
0.388484
0.456586
0.40189
0.40932
0.413834
0.396915
0.367945
0.369766
0.426132
0.445797
0.446024
0.478467
0.471948
0.42929
0.439107
0.431377
0.389265
0.408797
0.430602
0.417474
0.389831
0.389588
0.402273
0.406551
0.460412
0.473203
0.457163
0.429712
0.462655
0.459806
0.396728
0.360288
0.392976
0.373915
0.370567
0.347965
0.346918
0.373773
0.38237
0.370417
0.370073
0.367495
0.38104
0.391622
0.404278
0.357782
0.348715
0.36685
0.373881
0.345808
0.397589
0.415283
0.408408
0.370508
0.371579
0.377824
0.366122
0.367423
0.367413
0.373504
0.381089
0.391399
0.402958
0.375321
0.378865
0.38036
0.393578
0.429101
0.379666
0.403616
0.438746
0.417597
0.397323
0.435993
0.45846
0.54307
0.469091
0.42351
0.357349
0.360641
0.358642
0.368851
0.377894
0.404955
0.416769
0.407688
0.420206
0.397756
0.406614
0.395832
0.403091
0.451628
0.409998
0.408102
0.369117
0.419003
0.442335
0.426545
0.466409
0.451254
0.360286
0.355617
0.346157
0.369183
0.369589
0.376623
0.378392
0.441347
0.492791
0.407244
0.408246
0.367989
0.375603
0.356111
0.377262
0.350979
0.369791
0.357283
0.42497
0.42881
0.416657
0.393931
0.417354
0.424762
0.400081
0.367149
0.454537
0.441749
0.456683
0.477314
0.453471
0.383097
0.432497
0.445304
0.385929
0.374958
0.405708
0.460916
0.414561
0.428624
0.423849
0.38342
0.389803
0.423654
0.399858
0.429239
0.369357
0.397251
0.403836
0.386967
0.388567
0.375208
0.397252
0.388588
0.383117
0.388664
0.350613
0.381913
0.364492
0.370038
0.359405
0.37219
0.386662
0.403941
0.39993
0.415784
0.390696
0.369548
0.366481
0.343542
0.34967
0.389446
0.389318
0.404662
0.414649
0.407865
0.401784
0.427961
0.405339
0.41458
0.499547
0.547702
0.407987
0.390962
0.396508
0.355214
0.361739
0.394791
0.394448
0.38033
0.361212
0.378461
0.351829
0.393939
0.447541
0.404502
0.387056
0.374607
0.404355
0.378271
0.399445
0.408403
0.433766
0.430838
0.448088
0.429891
0.426495
0.367601
0.382238
0.409006
0.407577
0.42742
0.421905
0.391252
0.434658
0.439822
0.449272
0.514027
0.489273
0.537481
0.552148
0.439618
0.416727
0.436189
0.377952
0.441992
0.420008
0.397047
0.387363
0.404978
0.396486
0.416759
0.404648
0.417243
0.412835
0.432018
0.398687
0.359062
0.347075
0.381909
0.384806
0.377255
0.368184
0.460206
0.454276
0.42425
0.443471
0.422721
0.387794
0.421551
0.383071
0.401038
0.411895
0.446301
0.436378
0.459139
0.396213
0.378828
0.410055
0.426711
0.398433
0.438874
0.434322
0.460228
0.436172
0.453663
0.519893
0.549811
0.427096
0.417715
0.4226
0.426656
0.400101
0.429384
0.410456
0.361738
0.355892
0.376847
0.381641
0.42037
0.406049
0.356322
0.368647
0.437566
0.460425
0.386342
0.397627
0.48003
0.503672
0.496475
0.508537
0.45703
0.449599
0.431504
0.373207
0.379984
0.388368
0.369671
0.374062
0.402206
0.366516
0.360819
0.382327
0.363317
0.385697
0.394916
0.432642
0.427936
0.469876
0.451142
0.410255
0.448364
0.405366
0.433885
0.444054
0.449451
0.447713
0.452076
0.393223
0.41593
0.370845
0.372293
0.370026
0.376753
0.385229
0.403214
0.388096
0.377926
0.374844
0.406228
0.449542
0.473751
0.438572
0.435338
0.356551
0.385862
0.394957
0.39955
0.37996
0.352675
0.380355
0.362927
0.358136
0.351243
0.351079
0.369392
0.383987
0.415262
0.395548
0.387912
0.399491
0.420559
0.441597
0.464495
0.459805
0.437938
0.438214
0.474989
0.489936
0.414811
0.442365
0.50752
0.420683
0.407119
0.419598
0.421448
0.416878
0.392152
0.381341
0.371231
0.403881
0.406846
0.398533
0.398907
0.410089
0.350443
0.34542
0.371911
0.343799
0.345282
0.342877
0.344427
0.378524
0.37802
0.375006
0.358599
0.344999
0.344871
0.346154
0.361391
0.391709
0.396764
0.430565
0.380469
0.363294
0.384127
0.43111
0.494291
0.407597
0.448567
0.363325
0.35888
0.38891
0.407184
0.382827
0.36985
0.345177
0.365927
0.352162
0.403772
0.395675
0.410679
0.394793
0.393893
0.403213
0.403178
0.437744
0.415088
0.452085
0.454156
0.393
0.375861
0.361136
0.378184
0.427965
0.446988
0.459265
0.421879
0.481503
0.479304
0.510077
0.417709
0.41718
0.435364
0.419268
0.375895
0.387895
0.461475
0.427547
0.386856
0.38721
0.410434
0.383248
0.398377
0.412174
0.41801
0.450816
0.443442
0.441059
0.446049
0.446811
0.460279
0.43402
0.429911
0.411733
0.461848
0.426451
0.389975
0.409011
0.438495
0.56666
0.492414
0.415149
0.452534
0.450766
0.452547
0.439167
0.444162
0.42836
0.491581
0.424485
0.452609
0.407493
0.443388
0.434245
0.365808
0.370189
0.472328
0.460623
0.421797
0.420972
0.412117
0.439323
0.441992
0.505943
0.540187
0.503953
0.475101
0.48545
0.449685
0.414359
0.420056
0.487739
0.43803
0.453777
0.436517
0.442835
0.46417
0.463008
0.493302
0.459168
0.475897
0.420119
0.373433
0.434176
0.424871
0.4178
0.438335
0.436077
0.376568
0.46704
0.510693
0.529628
0.393021
0.396034
0.413237
0.418495
0.420442
0.402281
0.377935
0.357577
0.374678
0.400685
0.397224
0.366862
0.373275
0.433168
0.446639
0.392511
0.3797
0.41475
0.395097
0.403484
0.352235
0.351717
0.36894
0.387876
0.429059
0.461279
0.560913
0.536632
0.495485
0.488725
0.496981
0.508471
0.467868
0.42186
0.4437
0.474108
0.465898
0.491767
0.466505
0.498757
0.514451
0.475412
0.490593
0.458779
0.453836
0.449895
0.381693
0.394098
0.388341
0.392348
0.434612
0.418212
0.456612
0.462389
0.460154
0.422361
0.448198
0.453027
0.477648
0.442368
0.400704
0.470001
0.449763
0.557348
0.382647
0.36876
0.349341
0.350494
0.375697
0.376697
0.411612
0.430814
0.432703
0.423326
0.495798
0.513745
0.460682
0.493269
0.477771
0.445373
0.476197
0.441791
0.459623
0.516862
0.474572
0.504159
0.490913
0.520096
0.469815
0.391232
0.397329
0.417443
0.401844
0.394139
0.421061
0.395699
0.401666
0.371598
0.364802
0.377038
0.362095
0.376279
0.439458
0.395965
0.398853
0.446048
0.41206
0.426126
0.390996
0.389404
0.430917
0.41682
0.39199
0.376188
0.365451
0.363713
0.361516
0.359004
0.361615
0.371854
0.386743
0.40381
0.380599
0.396912
0.392146
0.37947
0.379361
0.414225
0.383926
0.362681
0.384378
0.400081
0.410942
0.403729
0.391025
0.374388
0.372538
0.395938
0.418614
0.46557
0.379468
0.408134
0.386168
0.393289
