0.45731
0.604369
0.540438
0.590047
0.574122
0.585259
0.530122
0.473847
0.465909
0.460191
0.521387
0.549522
0.461451
0.49275
0.450389
0.447316
0.460458
0.512703
0.475216
0.455895
0.513739
0.497071
0.518534
0.45979
0.452392
0.468023
0.432893
0.428228
0.492369
0.478204
0.500485
0.486027
0.496484
0.516378
0.493393
0.489457
0.493697
0.480934
0.461668
0.485923
0.41463
0.503
0.493441
0.492904
0.473092
0.471527
0.474015
0.456512
0.483036
0.464447
0.491538
0.48086
0.491925
0.497935
0.445068
0.461006
0.45268
0.487837
0.473283
0.48422
0.473713
0.482631
0.467568
0.472158
0.47055
0.45358
0.45366
0.445249
0.434419
0.428396
0.447198
0.490568
0.478606
0.48039
0.475827
0.439987
0.44006
0.468526
0.440061
0.446596
0.438127
0.500902
0.414469
0.423691
0.462385
0.474213
0.476829
0.478712
0.428004
0.431397
0.441899
0.465978
0.425641
0.482179
0.426588
0.420855
0.386126
0.371427
0.413269
0.381913
0.414164
0.402617
0.425303
0.427945
0.469516
0.472145
0.47946
0.48499
0.429397
0.404246
0.402414
0.404601
0.408774
0.402799
0.418586
0.415737
0.408848
0.396692
0.37604
0.397902
0.395541
0.402789
0.430122
0.385454
0.391879
0.414219
0.407478
0.407308
0.407974
0.368673
0.38583
0.373793
0.41253
0.40617
0.392757
0.376325
0.364858
0.353359
0.381962
0.376226
0.364859
0.348465
0.346901
0.352403
0.349491
0.352841
0.363666
0.37461
0.374261
0.389427
0.381612
0.383443
0.388477
0.390962
0.373409
0.355973
0.358172
0.355098
0.347783
0.357577
0.377815
0.362787
0.359234
0.36764
0.381748
0.365058
0.395936
0.403777
0.385858
0.369064
0.389644
0.397946
0.386223
0.374966
0.375392
0.392493
0.399723
0.39154
0.389787
0.389233
0.418452
0.391984
0.394799
0.389757
0.421063
0.416965
0.418504
0.395091
0.374451
0.370187
0.374101
0.362803
0.34445
0.359021
0.36692
0.371352
0.383306
0.384906
0.377623
0.38879
0.354669
0.347502
0.345998
0.349261
0.34915
0.354352
0.347581
0.341528
0.346335
0.351783
0.363556
0.380938
0.382167
0.396511
0.41267
0.455868
0.476416
0.474399
0.390496
0.412305
0.444461
0.420616
0.448404
0.390312
0.419819
0.408845
0.387866
0.423974
0.40889
0.434765
0.430305
0.40986
0.383438
0.374662
0.397216
0.423455
0.410827
0.401761
0.415838
0.415739
0.406735
0.436571
0.419423
0.408452
0.423822
0.42031
0.406167
0.420289
0.432126
0.444901
0.453985
0.454734
0.435274
0.412717
0.406837
0.475051
0.4528
0.467701
0.519765
0.441367
0.489733
0.502566
0.473063
0.407346
0.428628
0.37068
0.391744
0.393283
0.465047
0.426936
0.464174
0.439501
0.418323
0.408881
0.381584
0.378697
0.369556
0.409688
0.418315
0.418924
0.421849
0.386808
0.406484
0.439678
0.405332
0.397574
0.382401
0.390216
0.369604
0.379781
0.393485
0.40192
0.374849
0.386834
0.392587
0.396263
0.38209
0.385622
0.431405
0.426433
0.379718
0.404905
0.405311
0.409774
0.391597
0.405595
0.410348
0.401111
0.418947
0.411716
0.446501
0.418705
0.421922
0.41159
0.421509
0.40023
0.402007
0.396551
0.383203
0.363378
0.3706
0.365946
0.359681
0.350949
0.339653
0.342742
0.338517
0.340391
0.335003
0.338979
0.342228
0.347457
0.356102
0.374597
0.368636
0.355906
0.34402
0.341404
0.337921
0.35133
0.341438
0.356579
0.352538
0.381161
0.355872
0.355034
0.364209
0.404882
0.409671
0.475784
0.496016
0.486014
0.433028
0.467702
0.471797
0.461986
0.467767
0.471813
0.475095
0.437861
0.458961
0.407886
0.409818
0.45119
0.402789
0.406195
0.439531
0.398007
0.420728
0.403633
0.439408
0.414626
0.438524
0.407948
0.41298
0.411686
0.393986
0.370006
0.369122
0.358944
0.374504
0.387488
0.366809
0.384643
0.383848
0.368405
0.392738
0.400246
0.406231
0.38316
0.39707
0.413624
0.388488
0.450049
0.438293
0.424735
0.410377
0.394509
0.469357
0.453072
0.445154
0.40832
0.489361
0.519679
0.447579
0.435529
0.436504
0.443488
0.44499
0.41491
0.417533
0.419845
0.414056
0.404184
0.407063
0.430741
0.448056
0.426847
0.425597
0.427191
0.417805
0.370706
0.390963
0.365062
0.363915
0.378756
0.405879
0.399706
0.391602
0.390159
0.41815
0.399019
0.403855
0.380297
0.430105
0.415418
0.440473
0.439759
0.401291
0.428042
0.432374
0.397961
0.373256
0.4089
0.43215
0.44907
0.444756
0.488721
0.415824
0.468691
0.479463
0.449911
0.384212
0.380248
0.396921
0.410915
0.391389
0.427485
0.400303
0.414309
0.458125
0.420435
0.44755
0.470771
0.496027
0.474272
0.430038
0.441404
0.397991
0.38887
0.354342
0.351076
0.381451
0.406137
0.397909
0.462513
0.417398
0.382787
0.380264
0.407797
0.384552
0.390778
0.416819
0.44401
0.455781
0.404768
0.385962
0.364675
0.375595
0.416223
0.468634
0.421745
0.400867
0.487925
0.424762
0.443524
0.484932
0.485863
0.443275
0.395729
0.460308
0.445015
0.42611
0.437978
0.415509
0.454609
0.396278
0.40831
0.388951
0.405123
0.405353
0.379289
0.369978
0.349712
0.361749
0.38235
0.403023
0.395142
0.408286
0.411763
0.428863
0.387512
0.400803
0.383079
0.352845
0.355425
0.399516
0.427832
0.451204
0.469207
0.392583
0.402665
0.415294
0.429706
0.425135
0.440004
0.433804
0.459931
0.437983
0.397258
0.411415
0.378592
0.366272
0.358847
0.355617
0.35841
0.348667
0.355169
0.366164
0.374127
0.396383
0.401688
0.409833
0.399555
0.391006
0.384971
0.358815
0.355322
0.354248
0.366151
0.375777
0.376333
0.393487
0.428609
0.417653
0.406219
0.418719
0.432799
0.377113
0.372876
0.38567
0.420946
0.436914
0.436446
0.409677
0.394096
0.375512
0.380583
0.405171
0.387995
0.411138
0.420505
0.435987
0.433195
0.460184
0.440714
0.461334
0.36849
0.453173
0.421268
0.445736
0.463871
0.424091
0.395263
0.369626
0.363954
0.352264
0.346807
0.35197
0.347985
0.386904
0.375087
0.393789
0.385558
0.359752
0.35658
0.355892
0.346266
0.360071
0.350241
0.382392
0.388056
0.451709
0.487461
0.447377
0.408572
0.414258
0.443539
0.415935
0.418883
0.404299
0.412981
0.421695
0.447364
0.447756
0.470009
0.46341
0.425427
0.404807
0.439545
0.413274
0.417412
0.420391
0.432806
0.449063
0.43417
0.420239
0.394721
0.381355
0.357572
0.358334
0.403395
0.426162
0.434745
0.438075
0.415003
0.392809
0.380004
0.390271
0.404475
0.459983
0.456718
0.444769
0.416216
0.432302
0.445135
0.419116
0.426698
0.449255
0.422706
0.392749
0.379845
0.366648
0.353306
0.364981
0.362548
0.371833
0.403837
0.410633
0.43042
0.456955
0.415649
0.447522
0.510792
0.467218
0.434024
0.414868
0.372054
0.352406
0.364646
0.385557
0.390597
0.361458
0.370207
0.381158
0.441377
0.457887
0.464366
0.476058
0.443756
0.408577
0.437288
0.458454
0.465595
0.445406
0.396043
0.411009
0.402028
0.394288
0.413955
0.431836
0.407559
0.386014
0.413956
0.417873
0.38278
0.374673
0.376507
0.375906
0.370393
0.361649
0.359432
0.344189
0.346663
0.355626
0.346913
0.357924
0.367723
0.362014
0.378616
0.380332
0.363942
0.353636
0.353969
0.35405
0.369353
0.385993
0.362881
0.386115
0.407017
0.390044
0.374701
0.381935
0.389241
0.394491
0.404371
0.39604
0.379129
0.369912
0.353799
0.355171
0.344811
0.342666
0.36197
0.381126
0.366291
0.381798
0.394431
0.401316
0.419478
0.368969
0.397608
0.385408
0.376743
0.361432
0.372338
0.350885
0.356688
0.362992
0.361562
0.367248
0.360982
0.370523
0.353464
0.35923
0.36315
0.379079
0.399864
0.392933
0.390668
0.394419
0.392638
0.420391
0.390449
0.400685
0.429008
0.407368
0.406726
0.405895
0.396224
0.407037
0.385265
0.388701
0.414297
0.394788
0.390268
0.39365
0.393363
0.37628
0.375569
0.371445
0.362659
0.359467
0.361922
0.374451
0.365642
0.377343
0.375203
0.357791
0.339334
0.340669
0.344357
0.347088
0.367383
0.370578
0.351266
0.358876
0.355366
0.349711
0.369743
0.373295
0.396084
0.385873
0.399238
0.376143
0.351408
0.339378
0.340275
0.342065
0.338069
0.347617
0.382449
0.376038
0.389985
0.388748
0.411889
0.378986
0.363502
0.36627
0.391775
0.396169
0.405354
0.418513
0.392098
0.436579
0.412238
0.391853
0.408049
0.405408
0.384521
0.369935
0.410853
0.426337
0.392487
0.403801
0.417046
0.415418
0.373015
0.367153
0.364272
0.371697
0.368492
0.358326
0.352861
0.342537
0.36107
0.359525
0.362654
0.356355
0.376007
0.38793
0.392841
0.425316
0.454934
0.416072
0.44697
0.493376
0.455463
0.486127
0.487651
0.401494
0.382295
0.385862
0.388885
0.39626
0.409253
0.391551
0.40943
0.417558
0.396742
0.374063
0.373757
0.371304
0.393603
0.409083
0.407837
0.379273
0.374418
0.396846
0.409145
0.412415
0.448314
0.452709
0.479766
0.46068
0.460082
0.472167
0.424375
0.433081
0.452601
0.451239
0.469957
0.453896
0.459686
0.450412
0.46553
0.494459
0.476567
0.505886
0.47752
0.527729
0.54714
0.488655
0.508184
0.374303
0.363845
0.363498
0.368296
0.372026
0.38597
0.393241
0.395462
0.399493
0.430421
0.414213
0.38542
0.371378
0.372807
0.375794
0.390268
0.413079
0.442427
0.438728
0.478631
0.492711
0.470996
0.446612
0.425744
0.420862
0.507605
0.516616
0.460249
0.497453
0.454136
0.4302
0.401357
0.423374
0.400777
0.367871
0.39199
0.368289
0.371485
0.366246
0.393672
0.376726
0.362355
0.369908
0.36228
0.364005
0.385979
0.393196
0.41357
0.377869
0.375026
0.395871
0.38291
0.383232
0.380709
0.403496
0.378869
0.372079
0.370516
0.364877
0.367952
0.381925
0.39403
0.398398
0.425946
0.430476
0.431637
0.386474
0.402666
0.373947
0.360732
0.36185
0.369172
0.404995
0.4078
0.43889
0.45089
0.447548
0.431252
0.405731
0.403066
0.420717
0.415091
0.385894
0.437675
0.457728
0.431376
0.414529
0.416194
0.432445
0.450174
0.43897
0.429583
0.474446
0.461178
0.448864
0.458296
0.494844
0.491853
0.502443
0.526787
0.453906
0.416341
0.46253
0.531301
0.459207
0.457433
0.440406
0.423579
0.427521
0.410848
0.414807
0.397903
0.41898
0.413632
0.423164
0.455139
0.41035
0.397535
0.405215
0.383408
0.385008
0.402698
0.403531
0.406158
0.394359
0.387762
0.404373
0.412098
0.396478
0.397123
0.411947
0.418455
0.39283
0.390028
0.380764
0.385614
0.399697
0.407854
0.380529
0.370083
0.400601
0.417828
0.442655
0.447026
0.416267
0.410095
0.377415
0.36914
0.372511
0.446444
0.357027
0.356465
0.36053
0.359416
0.362547
0.363424
0.352943
0.347386
0.34892
0.345486
0.357566
0.360081
0.3602
0.354627
0.334354
0.341658
0.342076
0.348317
0.34331
0.341381
0.348002
0.353523
0.362443
0.359434
0.369405
0.351381
0.348337
0.356079
0.37285
0.361804
0.345458
0.34524
0.343603
0.356221
0.352579
0.356709
0.373916
0.381691
0.372901
0.382019
0.39026
0.385989
0.375219
0.406544
0.377328
0.363634
0.348197
0.344447
0.347769
0.355023
0.355481
0.361388
0.368272
0.36568
0.382428
0.38217
0.393226
0.374216
0.398222
0.370571
0.35419
0.367879
0.372734
0.392626
0.384168
0.39015
0.405495
0.396458
0.395663
0.351796
0.375637
0.383136
0.373271
0.368979
0.368959
0.365207
0.369516
0.390144
0.419145
0.392257
0.415407
0.371824
0.387805
0.390381
0.404242
0.442685
0.459318
0.422836
0.426754
0.452164
0.406408
0.457202
0.476551
0.494109
0.487557
0.442528
0.49956
0.476515
0.483432
0.439115
0.385065
0.384283
0.394611
0.390368
0.381502
0.394716
0.433401
0.442658
0.438887
0.437442
0.409213
0.40573
0.39965
0.401509
0.395352
0.425874
0.425249
0.426501
0.419861
0.425341
0.409135
0.434319
0.416476
0.388624
0.388696
0.406191
0.38601
0.365029
0.352619
0.34484
0.353992
0.369141
0.351333
0.365927
0.357245
0.355056
0.377769
0.397108
0.390957
0.390343
0.41067
0.389018
0.366943
0.361982
0.378939
0.383208
0.372329
0.37106
0.373353
0.387867
0.404297
0.400973
0.387877
0.391444
0.381635
0.361599
0.40028
0.383694
0.41998
0.382402
0.385669
0.374111
0.357667
0.354438
0.342289
0.341647
0.351921
0.347651
0.341028
0.350709
0.344907
0.346171
0.364567
0.3631
0.371586
0.359171
0.362568
0.386469
0.406111
0.415147
0.392413
0.396006
0.398488
0.397838
0.366983
0.355432
0.357123
0.357434
0.351422
0.354247
0.352085
0.37735
0.408933
0.398762
0.35954
0.38295
0.390995
0.405881
0.372183
0.377916
0.372574
0.39365
0.3805
0.383539
0.426645
0.44209
0.485193
0.449137
0.409759
0.430311
0.437891
0.435972
0.417226
0.41438
0.405445
0.38957
0.382053
0.375646
0.378395
0.367702
0.36928
0.367987
0.371109
0.397339
0.39134
0.433801
0.461235
0.472198
0.432993
0.494488
0.458707
0.429175
0.447384
0.428702
0.412176
0.557447
0.541923
0.54049
0.489283
0.480926
0.517421
0.511372
0.45307
0.45346
0.434063
0.486871
0.514695
0.485955
0.534114
0.513805
0.528047
0.457485
0.459634
0.413845
0.395221
0.390896
0.366744
0.374466
0.396434
0.395468
0.390802
0.394511
0.388913
0.405767
0.41437
0.402521
0.404389
0.413829
0.380914
0.370427
0.36175
0.367517
0.360673
0.382198
0.37665
0.37452
0.386579
0.382811
0.367108
0.385334
0.409012
0.430941
0.41906
0.447021
0.413574
0.385993
0.380892
0.3559
0.355101
0.352106
0.340056
0.34757
0.350409
0.358019
0.354703
0.352263
0.344038
0.350525
0.349278
0.342626
0.343923
0.344929
0.345665
0.358704
0.366998
0.373948
0.408831
0.426468
0.417182
0.397563
0.422339
0.423271
0.429326
0.419136
0.405903
0.409645
0.384376
0.365256
0.354108
0.356603
0.364696
0.352829
0.353713
0.35161
0.363548
0.366056
0.380389
0.394262
0.387782
0.414153
0.408105
0.402801
0.403302
0.416807
0.409389
0.39822
0.390716
0.39972
0.420673
0.420086
0.378953
0.363067
0.348248
0.345279
0.349526
0.345941
0.350818
0.355419
0.357943
0.355528
0.34666
0.3486
0.339956
0.34417
0.348102
0.344718
0.345326
0.346369
0.356872
0.377331
0.368718
0.370887
0.372012
0.353116
0.357728
0.347228
0.383736
0.398871
0.371572
0.36332
0.368004
0.381782
0.371706
0.370223
0.375582
0.393269
0.396476
0.407759
0.410311
0.420894
0.399696
0.390988
0.389328
0.367769
0.356119
0.372623
0.354475
0.378035
0.390176
0.398957
0.417901
0.412805
0.39074
0.378661
0.381661
0.375228
0.368364
0.371083
0.387334
0.39849
0.390241
0.408278
0.385735
0.38276
0.362615
0.35608
0.348685
0.351662
0.356232
0.351594
0.341422
0.348343
0.366363
0.378599
0.372704
0.372911
0.361855
0.353333
0.353171
0.357341
0.358584
0.388344
0.397683
0.37808
0.390018
0.367296
0.364599
0.368939
0.358931
0.385411
0.377457
0.370601
0.353656
0.354909
0.368034
0.369672
0.370136
0.364292
0.356775
0.378527
0.398699
0.400304
0.374952
0.398891
0.396679
0.392692
0.359272
0.351974
0.374077
0.404123
0.371506
0.36695
0.364877
0.362421
0.342771
0.340104
0.346368
0.34555
0.341483
0.349053
0.36539
0.395632
0.380061
0.375921
0.364126
0.368593
0.378749
0.381442
0.367586
0.390626
0.380812
0.380148
0.361256
0.358128
0.351195
0.355728
0.34811
0.355323
0.370884
0.380075
0.400056
0.40226
0.372662
0.35462
0.350641
0.344772
0.344113
0.366244
0.346684
0.344929
0.344741
0.349152
0.34231
0.346003
0.343917
0.337182
0.345025
0.354569
0.352254
0.359219
0.370846
0.412145
0.412472
0.418281
0.39744
0.395214
0.37597
0.367886
0.364172
0.372498
0.386921
0.378254
0.371708
0.37448
0.393433
0.402819
0.385011
0.37387
0.38884
0.407898
0.373597
0.377166
0.357208
0.381983
0.360953
0.394131
0.408122
0.424098
0.393761
0.419407
0.410959
0.395823
0.380763
0.373923
0.374732
0.363318
0.359156
0.359446
0.35324
0.364973
0.385279
0.390009
0.388703
0.364806
0.350309
0.344412
0.341767
0.337985
0.355766
0.375855
0.365195
0.351863
0.3801
0.410158
0.376115
0.353732
0.351051
0.35148
0.35744
0.367369
0.396589
0.400912
0.390107
0.393538
0.353529
0.345988
0.356748
0.35497
0.373905
0.392839
0.386209
0.364354
0.360755
0.361993
0.356604
0.369742
0.365173
0.378329
0.36487
0.350606
0.351096
0.355465
0.357889
0.355209
0.370971
0.374936
0.385696
0.393009
0.417288
0.423208
0.426469
0.437327
0.440719
0.409646
0.408505
0.422162
0.410409
0.388187
0.394923
0.416023
0.38135
0.397148
0.435197
0.510619
0.529096
0.564878
0.500471
0.457303
0.444246
0.443505
0.432759
0.399975
0.39852
0.426088
0.415267
0.448911
0.427563
0.403079
0.403047
0.389317
0.387016
0.400595
0.417127
0.452136
0.42418
0.390618
0.369721
0.356637
0.352831
0.385294
0.410349
0.437099
0.407598
0.392096
0.397801
0.420533
0.438021
0.414804
0.362879
0.357179
0.349329
0.349083
0.348772
0.350625
0.353939
0.359662
0.355196
0.351838
0.356831
0.353211
0.354221
0.34912
0.349266
0.348684
0.354162
0.343293
0.34475
0.345226
0.349542
0.348248
0.347508
0.346436
0.351699
0.363211
0.395411
0.450793
0.43184
0.399305
0.392344
0.399011
0.394491
0.411588
0.385978
0.392969
0.393501
0.379015
0.399753
0.413111
0.415836
0.38528
0.380369
0.365025
0.381522
0.389289
0.376799
0.370468
0.379877
0.426046
0.394147
0.367335
0.362957
0.360361
0.35547
0.370248
0.36822
0.356409
0.350238
0.352817
0.377647
0.382798
0.386813
0.409352
0.405568
0.394115
0.411876
0.417716
0.406121
0.397754
0.378195
0.378415
0.387056
0.368794
0.370685
0.388322
0.381177
0.407981
0.406523
0.396053
0.3769
0.359506
0.372812
0.374288
0.373049
0.377552
0.391916
0.39809
0.39588
0.376139
0.400521
0.398585
0.42036
0.394331
0.382633
0.38299
0.391517
0.404749
0.409102
0.400168
0.415551
0.401695
0.411414
0.406314
0.392168
0.385292
0.412398
0.420736
0.408676
0.399548
0.375467
0.421153
0.40188
0.406368
0.421014
0.398358
0.394667
0.386895
0.389054
0.380267
0.361837
0.366471
0.352886
0.345535
0.342237
0.343867
0.353765
0.364429
0.366316
0.36353
0.367529
0.369458
0.359498
0.360161
0.371853
0.37138
0.381986
0.347829
0.348723
0.36183
0.38455
0.364757
0.36463
0.371521
0.379813
0.391009
0.392328
0.386016
0.373116
0.362325
0.376671
0.375746
0.3538
0.352187
0.362179
0.349449
0.350585
0.359854
0.366821
0.364203
0.369646
0.352125
0.346387
0.341736
0.342575
0.34636
0.347979
0.36687
0.384989
0.360312
0.380814
0.379426
0.379553
0.374425
0.364483
0.370689
0.386732
0.390468
0.400629
0.413893
0.381466
0.376768
0.384055
0.389757
0.385698
0.385748
0.395119
0.358234
0.356385
0.366142
0.384425
0.386194
0.368548
0.359733
0.353807
0.34704
0.363748
0.389238
0.395688
0.374864
0.371042
0.39636
0.394659
0.369495
0.366482
0.405029
0.4147
0.384364
0.381053
0.374315
0.368959
0.354904
0.364312
0.363142
0.387969
0.38408
0.437148
0.441043
0.445879
0.45418
0.468078
0.449542
0.457675
0.45427
0.434694
0.395994
0.413863
0.424917
0.423296
0.455808
0.439595
0.50205
0.443978
0.419948
0.402645
0.474158
0.450316
0.44094
0.405371
0.394456
0.380626
0.371113
0.367053
0.389614
0.411574
0.397809
0.389579
0.389283
0.36581
0.40086
0.451728
0.446876
0.501447
0.436681
0.454755
0.434813
0.394672
0.375031
0.390648
0.407185
0.443156
0.445014
0.399989
0.389694
0.380995
0.404504
0.434097
0.42109
0.405672
0.4002
0.407428
0.423002
0.44423
0.394115
0.366434
0.349753
0.367444
0.364582
0.386841
0.368264
0.355085
0.356266
0.362259
0.365445
0.37044
0.38786
0.378856
0.420374
0.451716
0.448318
0.408063
0.438058
0.458653
0.388133
0.462963
0.44321
0.480735
0.468132
0.460976
0.432412
0.444848
0.421653
0.444376
0.456414
0.497414
0.470212
0.499178
0.488308
0.473892
0.480985
0.499489
0.474256
0.473639
0.446786
0.435188
0.428319
0.454955
0.407795
0.421311
0.443346
0.465782
0.433601
0.425703
0.435409
0.409026
0.433889
0.415457
0.452915
0.43632
0.422733
0.382768
0.37289
0.369319
0.380365
0.428803
0.419852
0.414966
0.403456
0.395007
0.402102
0.434026
0.421646
0.430095
0.44298
0.432059
0.419381
0.431312
0.405553
0.416085
0.423089
0.40182
0.37012
0.384789
0.408245
0.407145
0.381095
0.426257
0.405162
0.373586
0.37037
0.371713
0.380949
0.413459
0.406846
0.395189
0.407218
0.422878
0.395993
0.420304
0.397976
0.41258
0.386605
0.442307
0.436327
0.473464
0.465227
0.4973
0.478116
0.407645
0.471014
0.514168
0.494328
0.457126
0.469428
0.451292
0.443604
0.468732
0.458019
0.468195
0.409899
0.392838
0.461287
0.419084
0.445231
0.459902
0.453294
0.487853
0.465311
0.445939
0.494373
0.488926
0.478999
0.413605
0.372772
0.423796
0.392187
0.392701
0.397744
0.375516
0.356668
0.354171
0.366014
0.356871
0.360076
0.380547
0.373093
0.394947
0.424289
0.421341
0.404514
0.376159
0.358346
0.35929
0.352702
0.358104
0.37785
0.392455
0.374081
0.379208
0.369975
0.348856
0.351473
0.366811
0.38688
0.366195
0.354487
0.338625
0.344112
0.349117
0.344824
0.340344
0.338638
0.35418
0.349585
0.353298
0.367559
0.369992
0.380764
0.387111
0.368946
0.35648
0.368665
0.405952
0.414176
0.371691
0.363215
0.376455
0.380558
0.373473
0.363276
0.358839
0.367141
0.360843
0.373984
0.372015
0.381874
0.373464
0.356114
0.354028
0.370839
0.381892
0.382002
0.376043
0.379809
0.375033
0.385819
0.391498
0.39444
0.385157
0.388054
0.387369
0.404246
0.393678
0.390948
0.428579
0.413867
0.396356
0.377115
0.36103
0.352143
0.346658
0.357584
0.344873
0.34312
0.342983
0.354669
0.350924
0.365482
0.381735
0.356329
0.35231
0.367628
0.39041
0.397518
0.376006
0.362432
0.365219
0.349281
0.339933
0.338473
0.343752
0.348993
0.359413
0.377091
0.394246
0.397993
0.401954
0.411062
0.420365
0.423881
0.416346
0.425013
0.409081
0.40269
0.402166
0.41606
0.395779
0.424042
0.386413
0.361158
0.366808
0.393102
0.372559
0.355884
0.358968
0.370604
0.377092
0.36907
0.384672
0.384317
0.384879
0.400141
0.373875
0.353504
0.348142
0.359789
0.377484
0.36157
0.370293
0.3699
0.353194
0.360058
0.362496
0.382676
0.392337
0.380874
0.358927
0.365004
0.36939
0.352831
0.363543
0.357986
0.377231
0.385118
0.385541
0.390324
0.386596
0.374666
0.383649
0.373609
0.37916
0.410899
0.405619
0.387529
0.370802
0.392177
0.398296
0.400351
0.403086
0.41051
0.407226
0.408142
0.387633
0.362694
0.347868
0.350147
0.357078
0.364441
0.391013
0.390187
0.402249
0.403795
0.375282
0.378145
0.369974
0.374
0.369367
0.372127
0.388994
0.422149
0.410739
0.411311
0.444144
0.43842
0.429316
0.429606
0.39524
0.387557
0.375208
0.367869
0.366924
0.409905
0.419428
0.400395
0.379866
0.403374
0.408091
0.447634
0.440339
0.445859
0.441883
0.426698
0.442219
0.418986
0.408342
0.424944
0.402046
0.389587
0.392419
0.422864
0.414416
0.373323
0.386593
0.398759
0.432004
0.46563
0.448018
0.453816
0.493367
0.453669
0.43724
0.465273
0.456971
0.526546
0.558251
0.572507
0.547449
0.537605
0.473048
0.396309
0.469365
0.46833
0.493585
0.518527
0.462519
0.493982
0.422919
0.379944
0.387237
0.372352
0.347216
0.351641
0.348981
0.370098
0.368293
0.354826
0.355912
0.376449
0.358073
0.356472
0.359453
0.349785
0.353268
0.353945
0.36587
0.384106
0.368827
0.373328
0.369483
0.35761
0.365417
0.361046
0.369069
0.381526
0.389556
0.391729
0.409563
0.407072
0.413429
0.399628
0.404154
0.399696
0.40917
0.413926
0.428374
0.388249
0.446661
0.393031
0.406389
0.407409
0.418489
0.410586
0.415921
0.489064
0.397897
0.393446
0.414831
0.411044
0.374066
0.413396
0.390511
0.388973
0.408103
0.415948
0.423656
0.410163
0.405377
0.379838
0.400278
0.381681
0.407888
0.412009
0.381584
0.392053
0.396499
0.413772
0.392087
0.403348
0.414537
0.500736
0.471067
0.477019
0.429076
0.417624
0.387071
0.403516
0.474796
0.420578
0.383131
0.368523
0.380346
0.385998
0.446783
0.432891
0.406613
0.38215
0.363747
0.368317
0.35979
0.366934
0.392665
0.436362
0.441946
0.450839
0.441478
0.450656
0.380006
0.386612
0.416823
0.445059
0.40538
0.421883
0.400716
0.441777
0.44668
0.449407
0.444356
0.438467
0.426894
0.435751
0.439364
0.394675
0.417369
0.441366
0.442927
0.435924
0.431611
0.459883
0.498307
0.505738
0.499768
0.487046
0.484657
0.493476
0.487547
0.406298
0.396187
0.401377
0.375332
0.359802
0.35223
0.359644
0.362337
0.369413
0.356109
0.347239
0.366888
0.344582
0.350945
0.348641
0.340505
0.348634
0.342535
0.350742
0.354094
0.377468
0.37734
0.371347
0.368129
0.348677
0.355987
0.368348
0.384567
0.382315
0.388809
0.376731
0.391474
0.374795
0.360585
0.370861
0.369321
0.371879
0.381318
0.390995
0.381156
0.399515
0.39395
0.472902
0.474882
0.473997
0.43353
0.498719
0.524197
0.507088
0.498341
0.501536
0.440015
0.394805
0.374306
0.384551
0.409833
0.415083
0.451512
0.40359
0.403628
0.3745
0.403127
0.390397
0.375175
0.348362
0.356186
0.364808
0.36363
0.366829
0.391969
0.39235
0.369641
0.360909
0.360467
0.348307
0.366846
0.350291
0.354209
0.385431
0.392965
0.375946
0.378935
0.34992
0.344469
0.34429
0.351265
0.352509
0.367834
0.372753
0.368298
0.366416
0.368764
0.371317
0.372118
0.362669
0.359157
0.346196
0.350466
0.362477
0.386271
0.405794
0.460958
0.470052
0.436746
0.443784
0.442665
0.406215
0.400302
0.459502
0.464126
0.426168
0.393034
0.383232
0.413598
0.405964
0.408097
0.417393
0.380167
0.365888
0.374225
0.406273
0.411163
0.438761
0.429985
0.449668
0.453168
0.414023
0.431006
0.397325
0.419121
0.429435
0.424372
0.386452
0.404353
0.373787
0.361221
0.357845
0.35865
0.359982
0.37093
0.393252
0.429238
0.449458
0.451768
0.465656
0.436152
0.51409
0.477026
0.442038
0.436075
0.435333
0.409187
0.429134
0.430026
0.462971
0.481304
0.475312
0.424183
0.457451
0.516783
0.500186
0.480564
0.459
0.445224
0.480638
0.48204
0.479692
0.413292
0.396332
0.392527
0.378768
0.378673
0.376501
0.379803
0.40287
0.427841
0.460315
0.453814
0.445454
0.425781
0.42968
0.406389
0.432655
0.469393
0.44361
0.477685
0.431504
0.426049
0.387723
0.360344
0.349781
0.354694
0.374675
0.370037
0.353933
0.371753
0.400817
0.393124
0.392833
0.402352
0.417534
0.412576
0.443317
0.431601
0.437792
0.502876
0.472767
0.478978
0.4535
0.395318
0.371827
0.404576
0.413054
0.420894
0.429288
0.396652
0.464823
0.434864
0.434583
0.406453
0.431239
0.426999
0.425475
0.386538
0.377549
0.379258
0.381348
0.383929
0.432184
0.383182
0.369336
0.375348
0.388449
0.386752
0.382292
0.414384
0.467128
0.440512
0.45383
0.386405
0.356694
0.399241
0.411656
0.440389
0.470304
0.43782
0.437222
0.407687
0.431684
0.40625
0.405322
0.420118
0.435074
0.424231
0.373068
0.365859
0.361231
0.351898
0.375909
0.386932
0.397327
0.397534
0.398054
0.408186
0.420657
0.383669
0.402735
0.418018
0.402387
0.385977
0.402362
0.384577
0.38783
0.383532
0.364669
0.364629
0.401021
0.419835
0.391734
0.376086
0.371252
0.38648
0.383332
0.360462
0.374214
0.376596
0.399079
0.401079
0.412273
0.394892
0.398369
0.379791
0.369905
0.368448
0.399611
0.417342
0.387971
0.38213
0.379067
0.383744
0.38285
0.408171
0.395428
0.412602
0.372834
0.360343
0.356215
0.343587
0.360765
0.352614
0.342508
0.352098
0.354653
0.365092
0.394709
0.413142
0.40607
0.389439
0.378565
0.353054
0.338136
0.350157
0.354295
0.352054
0.357149
0.385565
0.39934
0.380283
0.362786
0.352091
0.35871
0.359673
0.349446
0.374694
0.373348
0.382454
0.365416
0.370217
0.380176
0.370476
0.369735
0.400847
0.416109
0.401574
0.42503
0.389653
0.412568
0.395056
0.403805
0.431349
0.42653
0.387368
0.363095
0.37823
0.402518
0.43082
0.435682
0.406546
0.404686
0.450538
0.39835
0.356092
0.379104
0.385166
0.361339
0.363888
0.370516
0.374312
0.36785
0.379746
0.371057
0.372707
0.367848
0.367008
0.34342
0.340111
0.344168
0.35245
0.343329
0.337182
0.343282
0.34477
0.344602
0.352751
0.359691
0.366492
0.396394
0.385989
0.38384
0.40914
0.393084
0.379316
0.391024
0.407257
0.384414
0.379196
0.380653
0.371694
0.410049
0.437365
0.428828
0.41701
0.426588
0.40765
0.446825
0.379922
0.407326
0.39109
0.432618
0.434923
0.385494
0.380757
0.396012
0.429016
0.422144
0.38638
0.388253
0.421113
0.409021
0.46464
0.449953
0.409312
0.435532
0.422335
0.409707
0.38314
0.368606
0.373158
0.384856
0.41917
0.454835
0.425118
0.495848
0.462543
0.432158
0.54615
0.533005
0.569962
0.519128
0.573516
0.565566
0.578816
0.483791
0.419049
0.432632
0.393271
0.396611
0.40116
0.39862
0.362649
0.396422
0.409301
0.40107
0.390709
0.392384
0.405693
0.411016
0.401795
0.383812
0.372737
0.368749
0.347615
0.35008
0.346345
0.3596
0.350355
0.343758
0.352656
0.366415
0.377445
0.380007
0.389272
0.393666
0.398617
0.399066
0.401339
0.394336
0.377419
0.384757
0.38503
0.42117
0.40268
0.393851
0.370958
0.373713
0.382393
0.383326
0.36023
0.355085
0.384997
0.367545
0.352579
0.34606
0.359274
0.366718
0.385096
0.401036
0.388298
0.365031
0.355135
0.353678
0.348478
0.345911
0.347251
0.353827
0.361624
0.389035
0.413965
0.45391
0.42774
0.464276
0.456322
0.426896
0.45494
0.44269
0.46366
0.416605
0.4548
0.44534
0.408769
0.397429
0.398506
0.390272
0.404856
0.399061
0.380485
0.386908
0.397338
0.392688
0.410251
0.432275
0.365813
0.408841
0.403193
0.395443
0.39632
0.405711
0.382833
0.391625
0.388615
0.382992
0.408984
0.424565
0.404857
0.394638
0.408094
0.372714
0.387423
0.405028
0.397986
0.362095
0.347916
0.35856
0.379348
0.398939
0.387624
0.402377
0.414865
0.391915
0.407235
0.406144
0.391424
0.383288
0.392065
0.375844
0.361858
0.37662
0.424517
0.388221
0.38454
0.403282
0.401806
0.416625
0.406029
0.411231
0.389404
0.414801
0.411786
0.413514
0.448316
0.440098
0.430358
0.448969
0.462377
0.396674
0.434682
0.410866
0.449909
0.41514
0.481441
0.473557
0.443819
0.431098
0.432638
0.437411
0.430712
0.435482
0.415943
0.429561
0.454198
0.458012
0.447499
0.408054
0.385157
0.402697
0.380175
0.38763
0.36132
0.350255
0.347114
0.354151
0.363141
0.375817
0.425409
0.387289
0.38906
0.388213
0.411087
0.448063
0.408719
0.4138
0.421009
0.423416
0.425598
0.373414
0.384793
0.405963
0.415745
0.415685
0.441586
0.45413
0.499789
0.438139
0.405414
0.376739
0.404312
0.418067
0.418152
0.387057
0.368524
0.376405
0.393641
0.405409
0.440132
0.427838
0.415027
0.494972
0.446254
0.400425
0.442694
0.41865
0.496664
0.435672
0.442784
0.408476
0.468041
0.477168
0.473865
0.523438
0.518578
0.504151
0.527994
0.50132
0.517123
0.499515
0.494198
0.468177
0.483359
0.47351
0.543026
0.54849
0.561049
0.534706
0.526679
0.554282
0.593355
0.589664
0.558043
0.491271
0.441387
0.472204
0.474097
0.431584
0.397531
0.417733
0.458307
0.422926
0.387065
0.391514
0.426372
0.451105
0.449852
0.41234
0.437919
0.424241
0.407412
0.362326
0.364104
0.366238
0.385323
0.406602
0.430678
0.454731
0.455031
0.442834
0.441775
0.443888
0.426284
0.431242
0.425602
0.380246
0.409108
0.395368
0.40531
0.401264
0.403011
0.385516
0.355559
0.375887
0.375845
0.386621
0.432938
0.384178
0.404882
0.401054
0.414104
0.389301
0.419437
0.407515
0.375568
0.388237
0.409719
0.400716
0.397672
0.386653
0.406069
0.42649
0.428014
0.439971
0.428228
0.424372
0.386746
0.414787
0.388171
0.398957
0.408887
0.418964
0.39229
0.42849
0.434445
0.395235
0.385223
0.376219
0.405965
0.402265
0.392648
0.425247
0.498261
0.435106
0.43868
0.426458
0.421475
0.415568
0.415139
0.42415
0.442153
0.456615
0.410617
0.437104
0.454264
0.448887
0.413028
0.411734
0.400955
0.369261
0.367454
0.362314
0.374971
0.366044
0.35605
0.35529
0.34189
0.347668
0.339513
0.344981
0.351882
0.353
0.35591
0.377717
0.383899
0.382646
0.395123
0.387298
0.379607
0.3778
0.374832
0.388116
0.409162
0.396729
0.396075
0.382495
0.356745
0.35016
0.354853
0.35706
0.360672
0.36098
0.392963
0.409234
0.431301
0.461077
0.485072
0.463266
0.48962
0.49863
0.514347
0.452858
0.398529
0.402268
0.462112
0.380715
0.40754
0.457123
0.418246
0.399492
0.394996
0.444477
0.469687
0.468159
0.484593
0.511894
0.410127
0.440098
0.444038
0.370738
0.358905
0.37727
0.374426
0.370734
0.371357
0.430877
0.399242
0.38795
0.400726
0.474935
0.442022
0.43037
0.38642
0.38731
0.368509
0.396216
0.389566
0.377431
0.384032
0.401233
0.395391
0.411906
0.405374
0.433154
0.415463
0.405608
0.387419
0.415592
0.411433
0.422105
0.417864
0.48286
0.484355
0.442316
0.380878
0.411834
0.429803
0.438549
0.488306
0.458084
0.451065
0.478542
0.457768
0.459765
0.467836
0.420342
0.413662
0.38557
0.376496
0.377318
0.399155
0.375189
0.369211
0.371275
0.377891
0.390417
0.412586
0.434287
0.412439
0.398253
0.4089
0.402519
0.443137
0.440182
0.406015
0.44047
0.386111
0.34629
0.416498
0.418393
0.427612
0.44443
0.399971
0.414817
0.463525
0.472642
0.411767
0.41745
0.421634
0.438461
0.458723
0.447628
0.425862
0.458385
0.487173
0.484776
0.45447
0.426677
0.429033
0.438911
0.443769
0.436234
0.454756
0.439722
0.434736
0.470345
0.462894
0.466493
0.480891
0.502727
0.549932
0.568354
0.520895
0.534421
0.57277
0.566681
0.559955
0.517623
0.54167
0.471818
0.431135
0.405914
0.36741
0.397742
0.388224
0.450612
0.375816
0.419779
0.432258
0.438745
0.436974
0.429952
0.382386
0.438358
0.425105
0.447041
0.436114
0.42023
0.422106
0.396301
0.416166
0.390917
0.411353
0.408191
0.375151
0.389711
0.428098
0.485843
0.413515
0.437938
0.412346
0.447178
0.424622
0.404018
0.380124
0.364915
0.36522
0.363051
0.364448
0.35531
0.355868
0.351042
0.349098
0.355924
0.360581
0.367174
0.392444
0.399778
0.359937
0.371332
0.359961
0.373783
0.387787
0.377348
0.360382
0.398646
0.431969
0.391301
0.408288
0.432341
0.447555
0.39737
0.421709
0.421268
0.429031
0.383559
0.360654
0.347045
0.353
0.35177
0.362666
0.37126
0.370086
0.362321
0.36965
0.367155
0.374543
0.390081
0.402674
0.419638
0.477695
0.493677
0.474117
0.443165
0.474953
0.439111
0.483585
0.445858
0.380338
0.376564
0.353834
0.392787
0.373645
0.372552
0.363971
0.354662
0.372953
0.446221
0.454123
0.380965
0.389811
0.404624
0.410252
0.390701
0.453203
0.492868
0.533622
0.458543
0.497825
0.403455
0.493821
0.53804
0.538862
0.509299
0.525765
0.496933
0.495894
0.509867
0.489637
0.477299
0.505711
0.508312
0.51559
0.504368
0.510896
0.478744
0.452998
0.493965
0.432992
0.454894
0.422304
0.423952
0.453188
0.48756
0.443651
0.450591
0.44876
0.40611
0.43779
0.420311
0.443781
0.409898
0.382606
0.371361
0.360526
0.35538
0.360851
0.387214
0.40175
0.386177
0.365661
0.364909
0.365915
0.394464
0.393728
0.421552
0.38525
0.375157
0.377851
0.36115
0.352002
0.376392
0.364036
0.349203
0.352492
0.373693
0.388841
0.407275
0.392654
0.408999
0.405357
0.414314
0.395851
0.382117
0.386887
0.361102
0.358066
0.354079
0.354922
0.351705
0.34608
0.353288
0.381096
0.377486
0.378287
0.387133
0.400601
0.372054
0.374393
0.372753
0.356759
0.361737
0.35092
0.370551
0.367372
0.37248
0.385829
0.41008
0.393093
0.386075
0.382241
0.39339
0.393436
0.403255
0.416855
0.424045
0.429781
0.421607
0.440843
0.455585
0.394044
0.409655
0.428572
0.446054
0.465091
0.445838
0.499629
0.454049
0.467288
0.486208
0.501948
0.462831
0.469613
0.415946
0.416749
0.390364
0.427207
0.442132
0.417459
0.37602
0.425904
0.462181
0.414945
0.477701
0.457977
0.404558
0.376822
0.397121
0.44612
0.391747
0.433421
0.451863
0.422735
0.433338
0.430097
0.424094
0.411563
0.42591
0.464478
0.470319
0.45484
0.46631
0.431684
0.40369
0.451869
0.473602
0.484508
0.494406
0.432973
0.426931
0.434249
0.435139
0.452585
0.494828
0.500658
0.391597
0.44177
0.435274
0.407079
0.416038
0.387025
0.370252
0.36471
0.412246
0.420249
0.425179
0.437632
0.410673
0.40584
0.389607
0.376969
0.373063
0.382704
0.362243
0.355031
0.355464
0.355595
0.363881
0.390078
0.394353
0.368606
0.363127
0.359811
0.372299
0.381077
0.37391
0.373343
0.348214
0.368835
0.391256
0.388543
0.390534
0.394888
0.386787
0.394906
0.40041
0.35594
0.374941
0.384192
0.39041
0.396722
0.438455
0.416478
0.429539
0.407083
0.400333
0.36525
0.371684
0.40992
0.388705
0.363531
0.373793
0.367479
0.364431
0.361412
0.362413
0.385819
0.397396
0.392794
0.36166
0.380122
0.368373
0.368216
0.395384
0.379714
0.39086
0.384196
0.405366
0.466782
0.408846
0.486466
0.461501
0.48243
0.425412
0.423557
0.443351
0.485994
0.487451
0.487003
0.475787
0.475799
0.46314
0.383575
0.393793
0.473905
0.464912
0.482191
0.467522
0.421383
0.38162
0.371093
0.361315
0.352741
0.348203
0.348795
0.365207
0.368871
0.396319
0.388798
0.377164
0.399567
0.421475
0.383438
0.395718
0.398291
0.384563
0.381811
0.404372
0.394827
0.406689
0.402552
0.395997
0.380041
0.38491
0.371493
0.379706
0.376042
0.357307
0.353493
0.345549
0.354284
0.350727
0.354057
0.393397
0.390104
0.392055
0.376465
0.357752
0.35591
0.345216
0.377469
0.372531
0.362823
0.360147
0.345734
0.356072
0.359146
0.374699
0.364293
0.35527
0.341301
0.345735
0.345404
0.35171
0.346048
0.342292
0.355902
0.355496
0.365827
0.371381
0.391503
0.371511
0.35172
0.353531
0.36315
0.381191
0.398164
0.399813
0.413172
0.425299
0.410439
0.412604
0.414569
0.423675
0.388047
0.384664
0.384329
0.391367
0.417554
0.384516
0.363291
0.39627
0.400146
0.391549
0.404713
0.384497
0.401093
0.387064
0.415848
0.419231
0.434158
0.405194
0.415291
0.429464
0.411684
0.418109
0.440141
0.449732
0.464055
0.452531
0.497702
0.439362
0.458946
0.488548
0.444388
0.434282
0.442682
0.504474
0.481293
0.440186
0.444753
0.421531
0.424337
0.422854
0.459632
0.470615
0.445544
0.427031
0.423533
0.440726
0.437577
0.48943
0.462942
0.479277
0.502444
0.450974
0.491079
0.470463
0.456464
0.533207
0.502776
0.447943
0.414599
0.403066
0.405514
0.418974
0.415839
0.447499
0.458679
0.420544
0.452799
0.466707
0.483556
0.5111
0.510255
0.580834
0.462614
0.411426
0.41289
0.417269
0.439946
0.418295
0.423327
0.418707
0.390527
0.398198
0.407073
0.415415
0.434857
0.424134
0.416383
0.416493
0.40319
0.439463
0.426411
0.434224
0.409743
0.40719
0.424677
0.41679
0.424174
0.443921
0.403134
0.390601
0.394655
0.398558
0.392036
0.386678
0.391174
0.366748
0.353756
0.406321
0.388836
0.393792
0.366393
0.355655
0.361963
0.380683
0.383149
0.401856
0.427948
0.402506
0.399884
0.380723
0.399638
0.400865
0.387591
0.404354
0.418504
0.414866
0.434222
0.394572
0.402215
0.381365
0.387541
0.401574
0.392907
0.391512
0.412879
0.400107
0.395527
0.418061
0.406645
0.418933
0.414826
0.407082
0.360015
0.358238
0.357894
0.343976
0.343369
0.34133
0.339213
0.348141
0.34438
0.344578
0.357849
0.380312
0.372155
0.374229
0.37682
0.358176
0.345546
0.345943
0.335921
0.341436
0.348955
0.339922
0.343047
0.343257
0.34512
0.354007
0.345703
0.351005
0.346995
0.345724
0.33426
0.338404
0.34289
0.345878
0.341468
0.342605
0.35221
0.366194
0.378273
0.395451
0.38009
0.376002
0.373096
0.385847
0.375514
0.368157
0.39055
0.374189
0.374509
0.372984
0.37518
0.373406
0.382505
0.381577
0.35381
0.347904
0.344009
0.339597
0.343357
0.347568
0.348487
0.344883
0.350455
0.349582
0.340105
0.345926
0.34181
0.342283
0.348083
0.345577
0.339288
0.346752
0.351974
0.361863
0.367658
0.364052
0.356485
0.35507
0.36872
0.362849
0.3793
0.40292
0.423479
0.400001
0.38162
0.381116
0.398796
0.406112
0.438773
0.443659
0.432103
0.432355
0.40942
0.429831
0.38547
0.365069
0.376025
0.39423
0.380889
0.35793
0.358598
0.360142
0.358017
0.374139
0.39734
0.400027
0.377839
0.372394
0.376114
0.380825
0.404277
0.42071
0.462503
0.451639
0.464999
0.481414
0.459518
0.52001
0.497086
0.514765
0.40868
0.404852
0.370308
0.437935
0.43769
0.412822
0.380444
0.440132
0.465154
0.457015
0.480979
0.420547
0.38592
0.374197
0.371104
0.347885
0.347695
0.341747
0.353713
0.358976
0.356569
0.367578
0.379934
0.374875
0.409013
0.391805
0.392212
0.378408
0.375124
0.401495
0.420531
0.423149
0.422591
0.380061
0.390792
0.393791
0.366982
0.382757
0.373256
0.382781
0.392389
0.369182
0.349599
0.341693
0.351778
0.34349
0.346866
0.343915
0.346513
0.347029
0.367245
0.382243
0.376388
0.358341
0.34918
0.341442
0.36152
0.351454
0.356312
0.369723
0.41014
0.420704
0.392945
0.408062
0.405596
0.407588
0.384281
0.399062
0.386757
0.400652
0.422655
0.410208
0.407017
0.405269
0.407442
0.387725
0.392294
0.39754
0.401073
0.393795
0.393886
0.377431
0.384308
0.409118
0.410651
0.382007
0.367621
0.390041
0.417532
0.415219
0.454743
0.44009
0.397433
0.406948
0.363875
0.40106
0.420864
0.395171
0.476051
0.43821
0.45049
0.418686
0.412694
0.409957
0.404391
0.419696
0.462947
0.434675
0.451236
0.464866
0.451548
0.452738
0.417171
0.461141
0.480819
0.460955
0.444915
0.424133
0.389016
0.383863
0.379824
0.375596
0.371447
0.408207
0.387469
0.35708
0.357778
0.349182
0.356255
0.357778
0.360415
0.380368
0.366332
0.355188
0.36842
0.380163
0.402781
0.405324
0.410486
0.442122
0.422793
0.45924
0.435788
0.448501
0.41409
0.481275
0.484658
0.404124
0.46883
0.455405
0.450987
0.470729
0.460369
0.429886
0.425058
0.417337
0.419298
0.407948
0.469618
0.499593
0.462981
0.515648
0.466663
0.469775
0.463561
0.480881
0.500068
0.479646
0.51392
0.545923
0.560282
0.568136
0.445254
0.414607
0.427288
0.419173
0.406437
0.448708
0.435527
0.420997
0.391531
0.390825
0.432475
0.419807
0.424452
0.407046
0.40951
0.415571
0.440042
0.422537
0.45557
0.424012
0.432334
0.421189
0.463509
0.432094
0.423652
0.411517
0.403432
0.41555
0.415943
0.403249
0.386419
0.365678
0.363119
0.377668
0.37348
0.369778
0.384562
0.405632
0.392503
0.402167
0.48486
0.474384
0.444788
0.477912
0.440158
0.418662
0.425276
0.453328
0.40352
0.417191
0.448386
0.411744
0.376349
0.359368
0.378076
0.399325
0.389561
0.388462
0.371146
0.378674
0.406514
0.405037
0.4145
0.41626
0.419481
0.403475
0.385771
0.374971
0.357177
0.382671
0.406912
0.397241
0.369453
0.375442
0.427803
0.40295
0.418118
0.405998
0.425473
0.406404
0.405606
0.421024
0.401239
0.387416
0.434296
0.441876
0.422774
0.44089
0.422121
0.478851
0.444936
0.46091
0.461526
0.470444
0.391234
0.431066
0.468704
0.423908
0.457222
0.478216
0.447998
0.411733
0.421097
0.414124
0.426988
0.406929
0.453141
0.503672
0.494318
0.498044
0.487274
0.423184
0.383839
0.414773
0.485305
0.494248
0.464737
0.45785
0.419472
0.425345
0.44319
0.442732
0.392176
0.427465
0.463205
0.441987
0.416572
0.400713
0.445271
0.458492
0.41657
0.430043
0.388212
0.383083
0.394034
0.452725
0.453653
0.454803
0.484587
0.477967
0.435504
0.456208
0.402817
0.439949
0.449638
0.444143
0.407148
0.386998
0.392354
0.380011
0.374344
0.409366
0.396698
0.37543
0.381146
0.418574
0.441489
0.429938
0.410587
0.458243
0.439316
0.471351
0.435526
0.54255
0.606986
0.608958
0.547178
0.556114
0.544038
0.487216
0.478149
0.514971
0.52029
0.462033
0.439089
0.412475
0.411191
0.416652
0.403831
0.426707
0.47515
0.437025
0.419524
0.448152
0.474365
0.504988
0.459385
0.467777
0.436791
0.415972
0.412102
0.445943
0.473062
0.454903
0.479819
0.464284
0.427231
0.443436
0.421738
0.462415
0.44928
0.441176
0.442162
0.417623
0.437677
0.449648
0.445598
0.430214
0.446086
0.454695
0.439999
0.434342
0.440216
0.414183
0.409461
0.422518
0.46679
0.48625
0.480603
0.500202
0.493603
0.486651
0.500143
0.513047
0.505216
0.416094
0.40456
0.422934
0.422869
0.425669
0.415021
0.401233
0.417304
0.392001
0.432069
0.433672
0.435579
0.502547
0.452174
0.46482
0.442277
0.403052
0.390976
0.400642
0.399507
0.400089
0.438843
0.419851
0.444913
0.438438
0.436716
0.45351
0.481704
0.505508
0.463255
0.442276
0.382123
0.365864
0.374682
0.358378
0.359745
0.363247
0.371107
0.367256
0.360229
0.362796
0.367256
0.374518
0.397433
0.426227
0.468194
0.475165
0.4973
0.512861
0.472744
0.453861
0.448
0.440948
0.476618
0.472272
0.421287
0.435994
0.397408
0.427205
0.435481
0.401973
0.430224
0.449493
0.472884
0.396945
0.365173
0.368111
0.407398
0.430513
0.420984
0.43146
0.435066
0.415714
0.411854
0.418703
0.48016
0.470078
0.416634
0.416718
0.423131
0.470617
0.492761
0.492881
0.560482
0.511423
0.485577
0.483598
0.499569
0.531975
0.563443
0.591485
0.537233
0.511241
0.499631
0.52384
0.514818
0.502681
0.46936
0.47962
0.457536
0.492077
0.493504
0.500089
0.447312
0.460788
0.475295
0.468268
0.520222
0.503535
0.45732
0.480077
0.434122
0.47086
0.421978
0.432427
0.430444
0.409422
0.401982
0.417898
0.396529
0.405817
0.412037
0.407658
0.439809
0.425406
0.442447
0.501287
0.523309
0.515449
0.456143
0.494644
0.473017
0.42765
0.442536
0.463379
0.451361
0.40387
0.435871
0.468217
0.45045
0.491255
0.455339
0.423745
0.409684
0.455393
0.429182
0.448292
0.450427
0.418039
0.451694
0.437477
0.44454
0.464225
0.426808
0.438845
0.469155
0.473774
0.415489
0.450814
0.515552
0.491335
0.477884
0.473832
0.465626
0.399499
0.489398
0.504762
0.485275
0.469483
0.48089
0.517993
0.470318
0.51062
0.490362
0.447159
0.424994
0.444691
0.448547
0.446695
0.464856
0.464685
0.475676
0.520208
0.499285
0.430658
0.420381
0.377148
0.369755
0.353374
0.360818
0.366784
0.376953
0.395868
0.401614
0.397934
0.436321
0.448463
0.478354
0.457797
0.426639
0.425021
0.413501
0.430658
0.402958
0.417149
0.390568
0.417919
0.448816
0.38915
0.482208
0.462729
0.436757
0.445497
0.417305
0.404853
0.458225
0.437859
0.43453
0.455799
0.403617
0.377076
0.3857
0.374376
0.370988
0.375508
0.387059
0.453576
0.465015
0.493615
0.491784
0.510245
0.519195
0.49649
0.533244
0.506505
0.495709
0.512499
0.481011
0.526708
0.500039
0.539217
0.505054
0.55881
0.571465
0.558617
0.528547
0.423568
0.419972
0.367954
0.361076
0.381272
0.411024
0.415858
0.408245
0.370315
0.383902
0.39156
0.40524
0.397461
0.411349
0.429187
0.391876
0.429625
0.430301
0.401772
0.435109
0.432971
0.408279
0.409894
0.446656
0.438065
0.432625
0.449222
0.41824
0.39592
0.391819
0.409653
0.433316
0.389064
0.446532
0.432084
0.412256
0.414323
0.390741
0.393325
0.391834
0.408235
0.375413
0.373727
0.3713
0.352782
0.343639
0.348104
0.347304
0.361145
0.37365
0.410016
0.396341
0.373242
0.353508
0.357408
0.362879
0.381652
0.408803
0.407005
0.428867
0.389649
0.48542
0.402652
0.370174
0.365084
0.368868
0.369007
0.355769
0.353757
0.369799
0.378197
0.376074
0.359014
0.363032
0.358299
0.383989
0.40838
0.431483
0.427711
0.469882
0.413129
0.442029
0.445652
0.478842
0.432246
0.434581
0.438966
0.436662
0.413321
0.398701
0.379804
0.378271
0.360056
0.369964
0.386803
0.377334
0.387717
0.380503
0.393136
0.374437
0.426414
0.430893
0.436073
0.435371
0.426867
0.42498
0.366027
0.355878
0.378997
0.411812
0.390153
0.413971
0.419708
0.387615
0.373588
0.355377
0.34334
0.351525
0.342688
0.342251
0.354529
0.347537
0.356465
0.352362
0.354635
0.378169
0.39487
0.37601
0.351751
0.349782
0.366389
0.370061
0.362364
0.412181
0.434538
0.402614
0.425259
0.405674
0.448419
0.45316
0.413199
0.411788
0.459567
0.451805
0.514426
0.485898
0.525009
0.596655
0.589502
0.577468
0.551116
0.535886
0.56181
0.5489
0.546485
0.535705
0.516766
0.514096
0.504869
0.45905
0.520801
0.523459
0.508608
0.455152
0.433205
0.510681
0.527361
0.525502
0.490927
0.443899
0.477164
0.531834
0.471907
0.532402
0.492529
0.472063
0.478689
0.490205
0.500545
0.526646
0.521973
0.535558
0.551636
0.531744
0.490717
0.412016
0.401714
0.402533
0.421171
0.39955
0.420913
0.417468
0.40924
0.387613
0.42277
0.425924
0.450159
0.490615
0.458083
0.460784
0.432638
0.438977
0.431953
0.440939
0.492962
0.505196
0.438474
0.446501
0.493516
0.512924
0.512689
0.420267
0.432209
0.414084
0.50885
0.520477
0.504069
0.464929
0.469818
0.51214
0.483132
0.473424
0.539439
0.439214
0.43743
0.471604
0.403546
0.497354
0.532373
0.522889
0.471436
0.494875
0.517154
0.493873
0.497704
0.527302
0.518801
0.536632
0.512867
0.514198
0.48584
0.43779
0.436986
0.452124
0.442845
0.487923
0.508934
0.4696
0.550151
0.469753
0.454566
0.444085
0.442003
0.464324
0.500749
0.441299
0.483577
0.440401
0.451554
0.446638
0.466219
0.449258
0.479902
0.438452
0.450309
0.42867
0.433154
0.386838
0.386205
0.3657
0.37549
0.376609
0.392702
0.39953
0.383972
0.408058
0.394193
0.380895
0.393598
0.38285
0.39234
0.39718
0.38896
0.367277
0.381612
0.388752
0.390795
0.415586
0.394898
0.441036
0.455267
0.419686
0.419051
0.440606
0.423561
0.415333
0.426962
0.417823
0.394405
0.424158
0.444448
0.445043
0.433083
0.461477
0.47999
0.447263
0.40638
0.482853
0.471812
0.497016
0.485154
0.468143
0.439725
0.461538
0.452254
0.453458
0.494685
0.476522
0.476389
0.453947
0.460661
0.460511
0.427381
0.392469
0.408344
0.449058
0.437668
0.424383
0.416525
0.426583
0.455049
0.462981
0.463487
0.452845
0.436344
0.466067
0.473837
0.448532
0.454149
0.477285
0.482204
0.463774
0.469539
0.473667
0.496528
0.468685
0.471267
0.45081
0.409676
0.403763
0.431248
0.426491
0.395724
0.38143
0.375871
0.40096
0.456281
0.481796
0.497416
0.475411
0.456967
0.457004
0.46922
0.427388
0.425867
0.45296
0.506756
0.541441
0.585917
0.555527
0.581972
0.540783
0.396629
0.373266
0.424237
0.362433
0.373034
0.378535
0.36223
0.351305
0.363837
0.399686
0.381849
0.349773
0.356952
0.346132
0.348881
0.353021
0.352942
0.342539
0.35098
0.350267
0.344022
0.349519
0.358072
0.349145
0.360866
0.387806
0.397661
0.38083
0.366758
0.361979
0.362571
0.383626
0.398008
0.388059
0.367771
0.365837
0.42174
0.441826
0.444665
0.425167
0.452934
0.422026
0.437814
0.439107
0.409307
0.41306
0.45996
0.45749
0.408304
0.435669
0.415492
0.439831
0.423246
0.435398
0.406578
0.412569
0.462311
0.493898
0.496253
0.499835
0.512528
0.518142
0.538367
0.51772
0.527681
0.510211
0.477572
0.411949
0.414401
0.464459
0.482032
0.479893
0.477001
0.534972
0.542914
0.494298
0.485309
0.509765
0.458303
0.455434
0.499002
0.511575
0.493317
0.474392
0.477657
0.453817
0.441057
0.465978
0.450852
0.48886
0.404642
0.417615
0.478947
0.479147
0.464308
0.490566
0.472188
0.464014
0.445158
0.456559
0.433446
0.442217
0.406845
0.419739
0.478635
0.431327
0.490073
0.487658
0.54429
0.532028
0.504226
0.495606
0.528672
0.46378
0.435283
0.448062
0.505004
0.483863
0.517122
0.503259
0.512996
0.479852
0.510215
0.510364
0.489941
0.505839
0.53429
0.499101
0.4658
0.449628
0.528095
0.499396
0.503767
0.549081
0.539381
0.511104
0.461266
0.501821
0.460669
0.460057
0.415524
0.443712
0.379944
0.374825
0.373866
0.380648
0.393224
0.402327
0.407636
0.391885
0.386702
0.394417
0.43176
0.462027
0.419614
0.389033
0.39349
0.390411
0.389898
0.414412
0.407151
0.409392
0.37535
0.381644
0.393862
0.399911
0.406239
0.422607
0.418783
0.416297
0.417341
0.433104
0.429453
0.421722
0.392254
0.375251
0.367207
0.405841
0.380547
0.372289
0.413099
0.427875
0.416035
0.398212
0.374072
0.367883
0.359624
0.361742
0.36636
0.36155
0.366702
0.361027
0.362862
0.382867
0.397527
0.393733
0.36842
0.355255
0.359885
0.356209
0.359449
0.360298
0.363441
0.369767
0.366437
0.35491
0.377229
0.394353
0.385495
0.394454
0.407391
0.448818
0.498284
0.447657
0.412373
0.432255
0.390629
0.384188
0.375746
0.393679
0.396458
0.418862
0.399747
0.385493
0.394568
0.419033
0.441825
0.442265
0.430143
0.474798
0.498605
0.417413
0.403809
0.400134
0.396477
0.397601
0.412028
0.43493
0.460384
0.424732
0.425581
0.423353
0.397762
0.393433
0.388519
0.398552
0.383706
0.3857
0.392941
0.385462
0.395481
0.3998
0.38777
0.389368
0.420532
0.382129
0.380449
0.372433
0.388524
0.400786
0.473121
0.454492
0.3985
0.42178
0.413663
0.453282
0.449022
0.412232
0.412042
0.381303
0.400277
0.413367
0.38778
0.390723
0.390048
0.378859
0.395573
0.391678
0.394505
0.370335
0.366362
0.366504
0.372135
0.372277
0.371739
0.360549
0.359092
0.360713
0.363339
0.360378
0.358486
0.36466
0.367833
0.370015
0.368595
0.357903
0.358051
0.361161
0.358413
0.356049
0.356526
0.355996
0.357085
0.36282
0.361949
0.360637
0.362386
0.363425
0.364836
0.357867
0.358912
0.356874
0.363843
0.372252
0.36726
0.379909
0.375539
0.368842
0.359403
0.357219
0.369393
0.399528
0.415931
0.414627
0.389842
0.408309
0.405737
0.403432
0.417209
0.395208
0.381913
0.364071
0.376964
0.37374
0.389068
0.443015
0.404729
0.36304
0.380579
0.396895
0.401604
0.400209
0.393614
0.383759
0.39031
0.397134
0.373659
0.367587
0.366241
0.358972
0.385926
0.422762
0.364084
0.368044
0.376658
0.380567
0.404398
0.427863
0.443537
0.437608
0.406225
0.400551
0.364695
0.364614
0.36813
0.384837
0.403735
0.399428
0.373172
0.366242
0.364859
0.360768
0.359467
0.357992
0.351397
0.354707
0.37982
0.39098
0.444625
0.442887
0.393155
0.393837
0.392922
0.384155
0.406338
0.421396
0.398625
0.398994
0.421777
0.4169
0.417237
0.407954
0.414881
0.402647
0.390113
0.376447
0.38887
0.385048
0.400174
0.393786
0.395452
0.386109
0.377526
0.379453
0.368963
0.377275
0.362991
0.365849
0.370665
0.377313
0.387465
0.367065
0.369507
0.373629
0.388812
0.385013
0.401172
0.435487
0.430562
0.431755
0.423678
0.422666
0.388914
0.43772
0.468891
0.562321
0.526389
0.4467
0.393093
0.393596
0.376386
0.359252
0.355523
0.362718
0.357546
0.369258
0.387598
0.427739
0.408227
0.389858
0.424308
0.415189
0.416865
0.42316
0.397193
0.412515
0.407605
0.384987
0.390492
0.390266
0.386708
0.387326
0.390785
0.380636
0.369759
0.383436
0.396042
0.397472
0.378064
0.395193
0.381781
0.397272
0.393141
0.390232
0.403737
0.40411
0.400554
0.379824
0.375204
0.417639
0.394315
0.410608
0.377406
0.393585
