0.523154
0.580928
0.536491
0.464985
0.523378
0.483822
0.440385
0.496507
0.477562
0.500429
0.454158
0.462198
0.491402
0.500497
0.494359
0.472214
0.453527
0.498519
0.473532
0.468801
0.478461
0.487733
0.470515
0.465242
0.475803
0.483052
0.468209
0.457144
0.442852
0.444625
0.481298
0.465409
0.452482
0.449406
0.454133
0.432975
0.477661
0.450546
0.449767
0.452358
0.414031
0.380496
0.405651
0.411236
0.470162
0.473654
0.419795
0.404794
0.406668
0.417376
0.391104
0.392348
0.413128
0.394342
0.406164
0.398192
0.377121
0.410112
0.378259
0.363401
0.374624
0.34928
0.350536
0.361367
0.374224
0.387797
0.386699
0.366094
0.355963
0.35657
0.368758
0.37073
0.383656
0.386574
0.38556
0.386836
0.382943
0.39249
0.397323
0.400101
0.407506
0.414368
0.37675
0.369938
0.352584
0.368439
0.385251
0.376958
0.350387
0.348173
0.346611
0.347825
0.37073
0.392708
0.457254
0.433892
0.429516
0.42769
0.407931
0.406033
0.422798
0.411971
0.381974
0.413953
0.416353
0.441447
0.447362
0.415741
0.467942
0.47504
0.500695
0.42881
0.383096
0.431677
0.445757
0.410329
0.378492
0.39348
0.426489
0.399394
0.418537
0.388526
0.380676
0.393904
0.381127
0.395384
0.392266
0.410176
0.405565
0.400423
0.405573
0.403557
0.439183
0.417322
0.410334
0.393897
0.371907
0.362907
0.348492
0.341337
0.335989
0.343196
0.359365
0.365349
0.343148
0.344151
0.351661
0.365551
0.356444
0.401983
0.481641
0.458932
0.468263
0.471496
0.459082
0.413288
0.4275
0.418708
0.410306
0.422814
0.423048
0.411876
0.37798
0.364859
0.378483
0.382976
0.380545
0.401355
0.392451
0.41378
0.435186
0.408463
0.467828
0.43822
0.478291
0.443753
0.430789
0.418126
0.409518
0.423722
0.429565
0.426648
0.38234
0.36501
0.392129
0.39688
0.405672
0.39828
0.427986
0.422754
0.429404
0.389033
0.439606
0.461818
0.457882
0.429434
0.387988
0.401756
0.412168
0.436692
0.443334
0.485231
0.439438
0.388564
0.356736
0.394444
0.439698
0.386111
0.39427
0.408312
0.446281
0.379323
0.389649
0.442903
0.445464
0.447111
0.466847
0.426971
0.435045
0.436344
0.409277
0.399841
0.388043
0.355222
0.391068
0.399441
0.416667
0.392293
0.356259
0.409249
0.449747
0.395986
0.431303
0.435294
0.446283
0.40244
0.364196
0.359109
0.352524
0.370223
0.403852
0.39944
0.373958
0.355738
0.371896
0.387961
0.417116
0.427025
0.377118
0.408689
0.431298
0.388771
0.390493
0.404819
0.430329
0.446341
0.414382
0.439218
0.453696
0.386034
0.356742
0.348867
0.374247
0.388321
0.359995
0.351788
0.357221
0.397734
0.465767
0.422176
0.426365
0.44402
0.428706
0.411781
0.441446
0.422961
0.382528
0.366337
0.42621
0.426989
0.384864
0.419109
0.439206
0.432379
0.429315
0.379508
0.361038
0.364832
0.405688
0.445324
0.445878
0.466626
0.406555
0.357557
0.387864
0.365026
0.433235
0.454382
0.439206
0.451312
0.41675
0.396181
0.423368
0.399161
0.398719
0.375518
0.371254
0.35484
0.348398
0.353683
0.363627
0.378831
0.35931
0.354096
0.377338
0.387792
0.384702
0.384819
0.400672
0.382061
0.356669
0.344491
0.370052
0.376737
0.401339
0.389472
0.386024
0.366105
0.353914
0.363106
0.363394
0.360696
0.365774
0.397385
0.389541
0.404441
0.40805
0.40979
0.403154
0.394743
0.401367
0.394722
0.385617
0.374178
0.361636
0.368308
0.372914
0.355984
0.342716
0.355341
0.360293
0.355475
0.365404
0.387458
0.389015
0.347002
0.340886
0.347513
0.383785
0.398777
0.372669
0.381092
0.403175
0.41281
0.407412
0.404796
0.375534
0.417811
0.404689
0.396843
0.366058
0.36486
0.352787
0.357062
0.359407
0.382587
0.417484
0.42971
0.471834
0.48981
0.392387
0.387981
0.404058
0.40484
0.391509
0.372224
0.399646
0.390285
0.396324
0.42085
0.460494
0.471758
0.433056
0.451221
0.463042
0.458482
0.473699
0.49895
0.520796
0.5025
0.367683
0.369454
0.384287
0.392497
0.42212
0.377358
0.37741
0.414293
0.45405
0.478519
0.436371
0.475667
0.482381
0.458145
0.411749
0.384382
0.379168
0.373184
0.375982
0.365413
0.375232
0.401217
0.382422
0.384057
0.391397
0.375358
0.364867
0.381564
0.406133
0.431505
0.393102
0.363703
0.37481
0.421481
0.44793
0.414715
0.416723
0.410635
0.44278
0.417654
0.442349
0.441366
0.460288
0.480515
0.503288
0.446567
0.492302
0.455599
0.424419
0.415975
0.411781
0.425057
0.412646
0.395286
0.394753
0.404579
0.390339
0.407902
0.39927
0.408786
0.386275
0.395964
0.385749
0.396671
0.439426
0.418617
0.374227
0.395227
0.358594
0.361205
0.357193
0.347996
0.354203
0.359301
0.339769
0.344438
0.342759
0.353072
0.36217
0.354243
0.36382
0.343618
0.351804
0.363359
0.376805
0.389318
0.383996
0.380103
0.347498
0.351019
0.358668
0.368958
0.386185
0.385833
0.366817
0.371712
0.389067
0.39932
0.381657
0.374277
0.371465
0.366702
0.385713
0.406858
0.385916
0.397836
0.453235
0.428684
0.436361
0.483476
0.468505
0.489655
0.421572
0.38854
0.388251
0.42803
0.440093
0.406711
0.398214
0.41479
0.42818
0.415773
0.422854
0.393969
0.382004
0.34975
0.361238
0.35691
0.358668
0.39458
0.396623
0.380172
0.373755
0.375607
0.37424
0.400863
0.390633
0.376598
0.392757
0.394248
0.36968
0.347557
0.348649
0.343803
0.3472
0.360036
0.365913
0.375011
0.406897
0.396072
0.388637
0.356553
0.355016
0.354085
0.397901
0.375438
0.396095
0.375653
0.382547
0.393493
0.455842
0.431612
0.43232
0.423694
0.400053
0.38144
0.372614
0.368502
0.386724
0.434807
0.448969
0.4668
0.436463
0.489136
0.530925
0.497529
0.481838
0.449742
0.499393
0.523581
0.484957
0.41003
0.380098
0.383343
0.39403
0.394854
0.411097
0.409381
0.37512
0.363509
0.374399
0.377631
0.377852
0.395614
0.428383
0.416598
0.374705
0.355595
0.344054
0.354912
0.351953
0.346754
0.346742
0.343746
0.360115
0.388823
0.421406
0.410894
0.426223
0.406965
0.368604
0.358168
0.35579
0.35708
0.373294
0.406223
0.399805
0.408393
0.395112
0.416602
0.362027
0.345058
0.349275
0.354534
0.353789
0.34155
0.347442
0.34453
0.366322
0.3684
0.352171
0.3882
0.364524
0.377338
0.372748
0.39924
0.407167
0.401895
0.380875
0.364699
0.369669
0.403605
0.404005
0.380117
0.370195
0.385347
0.398865
0.385734
0.358397
0.350916
0.350239
0.354201
0.374144
0.366642
0.354069
0.36054
0.394302
0.37741
0.366614
0.376925
0.364319
0.360022
0.367732
0.364696
0.395004
0.388226
0.392997
0.356098
0.389969
0.366524
0.354106
0.343008
0.342518
0.371457
0.37906
0.367734
0.381344
0.37498
0.376178
0.356106
0.351754
0.366424
0.400064
0.364489
0.347802
0.353793
0.344972
0.345825
0.345043
0.342724
0.353121
0.372406
0.417931
0.397629
0.372401
0.371058
0.378581
0.385423
0.388593
0.38956
0.382789
0.368161
0.381301
0.41047
0.411992
0.394669
0.375494
0.362344
0.356766
0.380828
0.381484
0.347815
0.341984
0.364938
0.358179
0.395349
0.354499
0.354663
0.383563
0.397921
0.358097
0.354253
0.380879
0.375236
0.35943
0.366475
0.371825
0.350372
0.356883
0.362381
0.384113
0.404196
0.432925
0.427783
0.415474
0.39643
0.400899
0.411446
0.533404
0.497436
0.447459
0.416386
0.41198
0.432437
0.413335
0.391282
0.401168
0.437585
0.385232
0.354878
0.399596
0.417241
0.397103
0.430538
0.359793
0.348183
0.351849
0.356395
0.354266
0.352625
0.348275
0.350131
0.345105
0.348923
0.347001
0.364312
0.432318
0.401374
0.400278
0.394344
0.385211
0.407744
0.394944
0.371703
0.38423
0.37598
0.403393
0.362162
0.365359
0.349331
0.378315
0.395891
0.398643
0.413515
0.394858
0.382516
0.369817
0.388223
0.402901
0.375069
0.373195
0.379737
0.391697
0.390484
0.408286
0.39375
0.408041
0.406724
0.395212
0.405878
0.408508
0.400013
0.41014
0.404874
0.383889
0.372457
0.358071
0.342539
0.352309
0.364647
0.369979
0.361021
0.377623
0.354621
0.362284
0.370668
0.374758
0.391605
0.374241
0.373861
0.35837
0.350547
0.361371
0.366283
0.351558
0.342323
0.348081
0.375822
0.369369
0.384038
0.367137
0.390179
0.401564
0.379686
0.388275
0.389595
0.358824
0.374445
0.37403
0.353507
0.371203
0.385279
0.386584
0.375785
0.401088
0.384829
0.371407
0.359459
0.380148
0.428274
0.451876
0.454107
0.456601
0.407811
0.423093
0.452503
0.45849
0.427085
0.452332
0.398084
0.372622
0.39066
0.395502
0.380325
0.423096
0.482215
0.440691
0.392872
0.396524
0.439566
0.390928
0.402073
0.420352
0.404126
0.430949
0.376399
0.360423
0.376443
0.35638
0.363822
0.378844
0.408359
0.440922
0.433499
0.430292
0.460158
0.464282
0.434633
0.442952
0.49436
0.476336
0.48955
0.462742
0.432303
0.425439
0.451046
0.431869
0.422526
0.42969
0.439854
0.385048
0.377763
0.427872
0.400905
0.414738
0.426387
0.434689
0.419999
0.418066
0.385655
0.403954
0.39707
0.394833
0.369743
0.403541
0.397439
0.411336
0.407389
0.413544
0.457059
0.490046
0.432979
0.506958
0.455097
0.451929
0.457633
0.410748
0.434959
0.45483
0.480496
0.466316
0.480222
0.389875
0.39665
0.387037
0.354797
0.362268
0.373789
0.402123
0.411892
0.365058
0.354592
0.378066
0.369037
0.369842
0.362695
0.342608
0.346743
0.34206
0.350083
0.364629
0.383995
0.363872
0.396773
0.375086
0.376578
0.368276
0.363557
0.36897
0.376989
0.357079
0.378009
0.376769
0.382793
0.391589
0.387233
0.398854
0.406367
0.402322
0.365027
0.351392
0.346269
0.347194
0.358384
0.368611
0.364413
0.3907
0.364907
0.348101
0.34155
0.355418
0.389497
0.400501
0.421796
0.418668
0.404386
0.410836
0.403903
0.364479
0.380939
0.358195
0.373551
0.382636
0.391486
0.361474
0.35958
0.367528
0.363752
0.361101
0.387442
0.367768
0.364955
0.358958
0.376869
0.38791
0.379868
0.377748
0.39956
0.38634
0.392207
0.40317
0.408759
0.38721
0.351213
0.358267
0.39163
0.397611
0.377969
0.367975
0.38022
0.413612
0.431057
0.431708
0.400307
0.371442
0.389357
0.403405
0.401044
0.435253
0.442744
0.432896
0.417913
0.402702
0.39861
0.398723
0.395646
0.447298
0.464628
0.456923
0.455895
0.544936
0.551198
0.455039
0.468733
0.489931
0.440667
0.381491
0.350357
0.361404
0.356523
0.369259
0.356238
0.352344
0.35935
0.376669
0.36807
0.362868
0.372072
0.388126
0.408329
0.404893
0.406008
0.418163
0.414592
0.403766
0.410763
0.438316
0.408802
0.406923
0.398311
0.395951
0.417376
0.402884
0.387128
0.407665
0.387351
0.403202
0.404302
0.470198
0.45492
0.390252
0.44855
0.380053
0.383187
0.436977
0.383442
0.364274
0.377666
0.44115
0.41672
0.411853
0.440801
0.438147
0.434903
0.405497
0.443251
0.449103
0.504802
0.468118
0.39819
0.361812
0.358188
0.364411
0.354278
0.349991
0.344414
0.346292
0.356254
0.376942
0.360244
0.362856
0.38483
0.384991
0.372442
0.367452
0.377436
0.388471
0.417194
0.474552
0.480428
0.503301
0.43983
0.383293
0.426839
0.410723
0.388982
0.377602
0.353963
0.362462
0.392508
0.3662
0.357145
0.355663
0.378269
0.381442
0.351726
0.346425
0.36122
0.371806
0.366182
0.368355
0.356756
0.354637
0.393717
0.463672
0.436411
0.41224
0.45918
0.403812
0.404403
0.410137
0.379939
0.387163
0.422717
0.441364
0.433353
0.408989
0.417854
0.384185
0.359153
0.361191
0.404394
0.456081
0.465299
0.455087
0.434933
0.428686
0.475652
0.444501
0.500221
0.471292
0.46428
0.463698
0.393132
0.379998
0.378681
0.41994
0.443147
0.418748
0.456554
0.44637
0.379287
0.352266
0.371629
0.365621
0.398167
0.406589
0.425656
0.432115
0.488469
0.458648
0.378935
0.411981
0.41937
0.445278
0.421496
0.428812
0.396618
0.379629
0.403596
0.378142
0.382448
0.385056
0.454835
0.422429
0.376428
0.428248
0.453849
0.418367
0.421748
0.405115
0.363096
0.366075
0.393474
0.403181
0.402227
0.409732
0.396454
0.3894
0.378077
0.379101
0.403973
0.373393
0.382339
0.369979
0.396224
0.401639
0.389103
0.374016
0.40534
0.380165
0.384161
0.40502
0.379775
0.353014
0.356333
0.346568
0.360375
0.407046
0.391491
0.351916
0.35102
0.355537
0.390641
0.362885
0.359195
0.36247
0.376998
0.370751
0.368367
0.405523
0.411544
0.401726
0.401734
0.414162
0.376959
0.41811
0.415589
0.426965
0.36979
0.374005
0.367539
0.37232
0.374004
0.370003
0.347077
0.345013
0.342274
0.343478
0.350594
0.367149
0.389008
0.399933
0.386262
0.395069
0.378567
0.405245
0.423183
0.418626
0.412725
0.400879
0.42861
0.383566
0.422476
0.390487
0.412653
0.454827
0.42434
0.410667
0.371684
0.393535
0.438271
0.472165
0.493577
0.552587
0.54344
0.542723
0.420001
0.39812
0.384426
0.398052
0.395064
0.408835
0.393404
0.372509
0.34989
0.352352
0.34817
0.36289
0.384463
0.394882
0.396722
0.387521
0.388434
0.404851
0.37792
0.382029
0.35905
0.372949
0.35058
0.370987
0.395038
0.360448
0.350851
0.348226
0.361622
0.429071
0.44969
0.444875
0.446968
0.436107
0.399234
0.409472
0.389198
0.396549
0.371366
0.358154
0.394527
0.406195
0.398554
0.395062
0.387358
0.368457
0.402515
0.397186
0.407434
0.402671
0.411412
0.436489
0.433255
0.436255
0.424759
0.435702
0.474603
0.4277
0.437839
0.425505
0.456562
0.420567
0.388701
0.378709
0.349042
0.360118
0.398429
0.388738
0.423612
0.411885
0.422792
0.394532
0.404892
0.425035
0.476779
0.411658
0.397781
0.410965
0.375687
0.39421
0.431605
0.454626
0.414038
0.459917
0.44701
0.44457
0.478664
0.516663
0.511175
0.506479
0.478315
0.508448
0.554462
0.53755
0.572948
0.537197
0.457504
0.44009
0.427039
0.417289
0.399953
0.450234
0.425808
0.403654
0.361909
0.389968
0.439092
0.448911
0.437608
0.431645
0.394157
0.401093
0.391675
0.36515
0.394391
0.401653
0.409318
0.403489
0.392334
0.401306
0.391109
0.41728
0.433232
0.408764
0.40244
0.408168
0.413703
0.417211
0.381277
0.41553
0.444337
0.420435
0.427418
0.455469
0.410856
0.366628
0.370901
0.356315
0.345418
0.343263
0.351232
0.373168
0.386093
0.384755
0.379069
0.398756
0.396338
0.357056
0.355091
0.361222
0.407882
0.463194
0.476806
0.506852
0.413735
0.419719
0.428589
0.403244
0.43832
0.469441
0.457945
0.391765
0.373258
0.370964
0.412487
0.397162
0.451607
0.383941
0.389061
0.377179
0.399561
0.409913
0.421512
0.400739
0.414681
0.463539
0.430801
0.416592
0.46968
0.451598
0.464627
0.442596
0.395081
0.380511
0.378829
0.37259
0.401516
0.420763
0.40924
0.425198
0.428247
0.371375
0.418874
0.433265
0.41619
0.451729
0.418525
0.444607
0.443297
0.488017
0.443248
0.430265
0.442171
0.44522
0.454929
0.471492
0.511466
0.541452
0.554601
0.554322
0.496502
0.402212
0.390045
0.410249
0.431973
0.435025
0.411952
0.428156
0.435381
0.408316
0.403324
0.389943
0.427443
0.434617
0.432348
0.413677
0.371266
0.363789
0.356756
0.351323
0.357824
0.384263
0.377235
0.363799
0.383488
0.382835
0.407798
0.4349
0.411843
0.421831
0.368409
0.35217
0.362664
0.366501
0.368121
0.386783
0.431135
0.485028
0.462974
0.455975
0.382869
0.371743
0.39608
0.41908
0.403457
0.408891
0.507985
0.456114
0.504207
0.525284
0.500905
0.497117
0.500536
0.508268
0.486706
0.459972
0.445823
0.446021
0.44731
0.44697
0.425755
0.423412
0.373536
0.358723
0.385221
0.38029
0.365537
0.399723
0.394083
0.368725
0.363539
0.35293
0.388529
0.404271
0.408437
0.390318
0.370142
0.354117
0.349439
0.365215
0.37807
0.395253
0.370799
0.359912
0.359634
0.369644
0.400308
0.384575
0.391748
0.409821
0.425077
0.441092
0.417481
0.42476
0.454973
0.472479
0.484814
0.474216
0.428814
0.407597
0.424272
0.411364
0.443833
0.447912
0.387073
0.419811
0.441635
0.429392
0.416701
0.436239
0.467175
0.439667
0.444746
0.489285
0.436063
0.433972
0.477103
0.441382
0.424308
0.378796
0.393359
0.425772
0.411604
0.389284
0.378109
0.357247
0.356491
0.387976
0.368929
0.36533
0.377449
0.358327
0.38501
0.394967
0.389472
0.376713
0.383802
0.398124
0.430525
0.396142
0.387334
0.369886
0.363991
0.375507
0.389885
0.370412
0.379631
0.386472
0.408046
0.445287
0.474629
0.433079
0.473114
0.480512
0.453548
0.414589
0.471848
0.432734
0.369946
0.350471
0.357201
0.386675
0.385023
0.401539
0.397768
0.386894
0.398456
0.402177
0.381842
0.37818
0.360199
0.349649
0.351873
0.391206
0.380218
0.355024
0.365956
0.363891
0.352469
0.36674
0.355642
0.343311
0.349322
0.348783
0.361309
0.381449
0.359177
0.363022
0.397001
0.418005
0.413081
0.410173
0.384575
0.402347
0.374425
0.398374
0.394401
0.393774
0.421548
0.416867
0.420919
0.424665
0.454471
0.47121
0.464766
0.444087
0.474594
0.457904
0.4263
0.43453
0.460674
0.425904
0.457349
0.472873
0.477464
0.468343
0.515372
0.417072
0.408376
0.427944
0.439782
0.464451
0.501932
0.521231
0.412546
0.433314
0.412017
0.397225
0.42835
0.412564
0.420376
0.432079
0.407682
0.422596
0.431148
0.391625
0.395442
0.388942
0.367336
0.395418
0.367734
0.367623
0.390163
0.413618
0.390965
0.398334
0.404942
0.425883
0.39529
0.388193
0.392758
0.406241
0.403573
0.415929
0.385756
0.358297
0.34216
0.344567
0.342435
0.363241
0.375049
0.366027
0.344797
0.340197
0.343827
0.343322
0.350061
0.349249
0.336991
0.343161
0.344393
0.352782
0.384179
0.378656
0.381153
0.372347
0.379737
0.374111
0.376795
0.368157
0.346719
0.340358
0.347986
0.348712
0.342859
0.343691
0.346284
0.34454
0.357166
0.3645
0.359015
0.368276
0.412614
0.389575
0.392376
0.435726
0.428321
0.421611
0.373077
0.388142
0.362181
0.359978
0.377407
0.39334
0.373817
0.392925
0.450684
0.45985
0.486049
0.506198
0.404566
0.420409
0.429563
0.463803
0.407232
0.366708
0.347919
0.353669
0.359795
0.379761
0.396556
0.381413
0.403766
0.416367
0.393287
0.375644
0.378382
0.377385
0.345371
0.348191
0.343072
0.359318
0.377851
0.345238
0.355907
0.361701
0.414131
0.401673
0.397769
0.392183
0.412898
0.408639
0.398772
0.394962
0.396873
0.385349
0.403204
0.378445
0.401591
0.443249
0.410194
0.38422
0.412731
0.456961
0.426665
0.404334
0.438448
0.447627
0.457148
0.440513
0.463965
0.425978
0.382831
0.372897
0.395332
0.357785
0.352387
0.362887
0.367831
0.369968
0.402083
0.427256
0.440963
0.434087
0.475815
0.436595
0.462005
0.445177
0.431482
0.412758
0.480026
0.491286
0.462451
0.485274
0.496172
0.555345
0.465415
0.428047
0.398594
0.424223
0.414595
0.416291
0.439866
0.43515
0.418582
0.410549
0.401008
0.364378
0.374756
0.387782
0.395814
0.469202
0.464658
0.421725
0.425915
0.430094
0.368135
0.390161
0.385884
0.381624
0.412836
0.411743
0.392908
0.367117
0.400653
0.373395
0.416732
0.415209
0.409413
0.411813
0.409539
0.428495
0.449061
0.452321
0.464971
0.4189
0.444111
0.474457
0.413667
0.423374
0.439186
0.496165
0.459787
0.400718
0.48959
0.445396
0.439451
0.413566
0.439573
0.429458
0.429518
0.385173
0.430595
0.4627
0.461449
0.432436
0.439136
0.417489
0.385653
0.386372
0.391704
0.403692
0.436946
0.429065
0.454595
0.583234
0.563272
0.518833
0.503161
0.46078
0.411312
0.411392
0.455158
0.427
0.489586
0.459164
0.420739
0.45344
0.4562
0.442115
0.442211
0.432764
0.441243
0.449769
0.430363
0.415325
0.469999
0.489391
0.508631
0.425774
0.406555
0.425734
0.457434
0.463252
0.421852
0.396628
0.402001
0.4416
0.431562
0.46777
0.483491
0.393946
0.367332
0.359782
0.369299
0.361939
0.375347
0.417662
0.483903
0.493195
0.443418
0.469241
0.43217
0.414641
0.419296
0.455444
0.368196
0.405761
0.426716
0.427149
0.417559
0.465416
0.419486
0.463088
0.515564
0.50659
0.493492
0.559994
0.532373
0.509254
0.493821
0.481095
0.488731
0.453917
0.490855
0.482779
0.458517
0.439947
0.420819
0.410694
0.40579
0.416003
0.450533
0.516601
0.469386
0.455408
0.422651
0.46292
0.453217
0.420965
0.453441
0.43575
0.450524
0.436615
0.455386
0.473551
0.482827
0.434105
0.499049
0.478083
0.496217
0.461947
0.458087
0.453094
0.490991
0.456734
0.387073
0.35711
0.372057
0.398501
0.42569
0.46225
0.432704
0.419255
0.399894
0.418839
0.46392
0.444355
0.413807
0.443703
0.411017
0.385254
0.371877
0.421437
0.481878
0.501697
0.519192
0.498076
0.508569
0.528399
0.553308
0.41037
0.370276
0.413642
0.381486
0.397057
0.408303
0.41025
0.419559
0.429924
0.423901
0.437219
0.408309
0.415417
0.427
0.403
0.394955
0.386721
0.368199
0.346842
0.35111
0.3884
0.383392
0.355117
0.381775
0.414976
0.435415
0.391573
0.367445
0.361257
0.365731
0.37253
0.360179
0.389979
0.425295
0.439395
0.446832
0.447801
0.438435
0.412877
0.380315
0.366698
0.383165
0.383443
0.395711
0.430172
0.43298
0.38904
0.37743
0.403731
0.404848
0.36897
0.347044
0.342952
0.350251
0.354896
0.378306
0.370288
0.356151
0.367235
0.418497
0.418204
0.432141
0.42366
0.455487
0.490771
0.564832
0.567588
0.547029
0.54475
0.5152
0.492932
0.504155
0.470638
0.522505
0.464116
0.510779
0.489797
0.487233
0.518665
0.54226
0.460365
0.407025
0.41344
0.405745
0.452111
0.468005
0.435766
0.440631
0.487458
0.465588
0.490201
0.42663
0.515358
0.475094
0.484576
0.475838
0.4421
0.52153
0.491087
0.497983
0.527221
0.518489
0.457225
0.447032
0.487618
0.508887
0.442332
0.474299
0.460058
0.448978
0.456082
0.453743
0.440441
0.396126
0.36901
0.385205
0.393849
0.397
0.387035
0.391015
0.38022
0.384799
0.404218
0.436241
0.422079
0.431052
0.417236
0.409756
0.442877
0.447853
0.447358
0.48637
0.455818
0.455688
0.478476
0.468436
0.453491
0.397287
0.442761
0.420619
0.447306
0.465778
0.446246
0.461273
0.467739
0.470419
0.48316
0.467858
0.41164
0.42759
0.383607
0.40526
0.486374
0.469885
0.465477
0.422128
0.501318
0.562409
0.562621
0.391138
0.374524
0.358883
0.382735
0.361171
0.348367
0.353855
0.346984
0.346497
0.353454
0.357614
0.39287
0.368714
0.370136
0.391454
0.370857
0.43705
0.438957
0.431448
0.424759
0.440267
0.431826
0.422518
0.433047
0.411702
0.480746
0.500567
0.52629
0.523616
0.493084
0.432182
0.482348
0.523406
0.479754
0.49517
0.486021
0.452026
0.458346
0.439813
0.465944
0.473794
0.464645
0.446305
0.427413
0.451593
0.461711
0.527351
0.504406
0.480711
0.467422
0.503541
0.495378
0.513169
0.493332
0.512916
0.462518
0.511662
0.54163
0.492098
0.451256
0.413172
0.375003
0.388769
0.403007
0.392128
0.440846
0.404001
0.390004
0.404879
0.398355
0.385606
0.408102
0.418681
0.420065
0.427809
0.382054
0.389566
0.379009
0.42437
0.383427
0.363548
0.365162
0.362223
0.372606
0.394337
0.358432
0.360366
0.359521
0.368684
0.36475
0.390854
0.406677
0.479772
0.422749
0.387504
0.385337
0.406783
0.392101
0.43175
0.449162
0.446361
0.398073
0.424117
0.4307
0.400396
0.392614
0.388672
0.392751
0.400311
0.378028
0.40662
0.440556
0.42035
0.443349
0.396389
0.399946
0.38762
0.392969
0.375562
0.368961
0.368816
0.360891
0.362376
0.362591
0.369765
0.358218
0.361128
0.356295
0.360925
0.363344
0.357556
0.362584
0.373819
0.373243
0.35907
0.391135
0.406857
0.403737
0.406654
0.372083
0.380273
0.420747
0.374447
0.400739
0.38928
0.394376
0.372584
0.362951
0.394988
0.373448
0.400374
0.437458
0.395859
0.364938
0.390799
0.384261
0.36448
0.359702
0.352866
0.384801
0.440198
0.392608
0.393614
0.409097
0.412755
0.413595
0.404894
0.383158
0.391811
0.392958
0.379507
0.374561
0.363045
0.380576
0.37068
0.381751
0.40286
0.431662
0.425547
0.425703
0.533856
0.396467
0.361876
0.398673
0.405904
0.413639
0.406721
0.388459
0.389965
0.377737
0.39005
0.390549
0.395231
