0.52413
0.477574
0.480829
0.473083
0.477156
0.459526
0.453053
0.43686
0.434
0.402074
0.397872
0.372583
0.374057
0.364649
0.38785
0.398177
0.369408
0.356579
0.429786
0.417754
0.44524
0.416318
0.398197
0.39664
0.414309
0.370127
0.348927
0.364265
0.468069
0.418723
0.384805
0.40545
0.445965
0.42311
0.391301
0.411845
0.434518
0.437952
0.39674
0.403534
0.446864
0.404084
0.389798
0.424559
0.381481
0.380113
0.402031
0.410904
0.422198
0.36403
0.422012
0.405813
0.423795
0.391165
0.413116
0.430873
0.407836
0.360908
0.366632
0.38814
0.370231
0.372004
0.375486
0.404078
0.383495
0.359132
0.371545
0.363978
0.395881
0.400068
0.360095
0.43837
0.396249
0.396213
0.455985
0.491224
0.387421
0.421998
0.450831
0.373811
0.387871
0.392467
0.4043
0.421106
0.468769
0.439176
0.409376
0.399641
0.406097
0.372176
0.349085
0.357992
0.369526
0.374038
0.383394
0.38697
0.451726
0.424292
0.416672
0.38747
0.377529
0.381618
0.376775
0.35335
0.384158
0.376889
0.414981
0.392748
0.434225
0.49102
0.446627
0.395379
0.38308
0.375485
0.350867
0.409092
0.387442
0.351636
0.355669
0.374799
0.386692
0.388324
0.371028
0.361606
0.37523
0.376514
0.369241
0.36441
0.366298
0.364298
0.350466
0.387625
0.383324
0.393414
0.364534
0.363546
0.372365
0.367389
0.385474
0.410981
0.463049
0.414981
0.393919
0.363523
0.349299
0.386578
0.392146
0.377973
0.389878
0.384431
0.399458
0.403939
0.372924
0.365102
0.370778
0.363516
0.356619
0.382412
0.378254
0.374103
0.378778
0.433311
0.434055
0.401875
0.4236
0.410011
0.389589
0.389679
0.44462
0.472092
0.433282
0.409803
0.419815
0.397028
0.401292
0.463876
0.444854
0.444505
0.376021
0.367721
0.361958
0.375447
0.372948
0.396096
0.356033
0.368918
0.378898
0.401473
0.377057
0.363124
0.371873
0.386302
0.385381
0.380582
0.411234
0.410704
0.412399
0.442745
0.502391
0.380953
0.362822
0.380117
0.409475
0.412526
0.402237
0.425607
0.408112
0.414924
0.456184
0.364647
0.356998
0.372874
0.420351
0.439703
0.376011
0.367983
0.359593
0.392878
0.420884
0.412442
0.39171
0.441455
0.461893
0.417645
0.433831
0.380061
0.435223
0.420099
0.391535
0.410225
0.400539
0.385181
0.385115
0.389932
0.368465
0.365815
0.366145
0.406351
0.400493
0.367817
0.347971
0.389467
0.413502
0.412069
0.409337
0.517929
0.399784
0.376071
0.377637
0.388289
0.369764
0.370629
0.40683
0.39172
0.39487
0.425644
0.438776
0.399404
0.396467
0.425742
0.399517
0.439907
0.499429
0.538825
0.43264
0.409111
0.414658
0.394755
0.409153
0.419917
0.368396
0.37165
0.374473
0.450975
0.438313
0.393635
0.402474
0.424977
0.446601
0.387884
0.409885
0.430481
0.448251
0.485814
0.476838
0.423862
0.413756
0.377866
0.372077
0.40883
0.370959
0.413805
0.498148
0.490553
0.442258
0.384104
0.377213
0.389108
0.363526
0.371344
0.402155
0.442346
0.444039
0.422001
0.438507
0.448733
0.422956
0.392826
0.371219
0.38107
0.388269
0.407287
0.452037
0.402116
0.392025
0.380096
0.367107
0.357178
0.359244
0.401546
0.392752
0.425334
0.460555
0.444184
0.462374
0.469823
0.416768
0.419126
0.39458
0.387988
0.401088
0.404038
0.350183
0.357147
0.344511
0.36447
0.376831
0.346097
0.35044
0.38255
0.409971
0.373639
0.458845
0.421242
0.364027
0.396876
0.361487
0.357626
0.401045
0.397742
0.407545
0.416642
0.451435
0.378748
0.379764
0.447103
0.452134
0.492487
0.419841
0.417836
0.409243
0.413942
0.396902
0.39651
0.426278
0.44455
0.445186
0.441682
0.435082
0.415089
0.423221
0.521887
0.441972
0.446683
0.434311
0.445467
0.442654
0.368125
0.456666
0.416375
0.431658
0.519472
0.486405
0.456513
0.44258
0.450949
0.44438
0.469474
0.469368
0.404055
0.42827
0.434
0.41451
0.521608
0.397222
0.415741
0.369508
0.393068
0.365972
0.438076
0.386326
0.405405
0.364859
0.371299
0.442857
0.538129
0.490157
0.451128
0.47683
0.479913
0.49928
0.472305
0.44524
0.386491
0.405818
0.449483
0.437281
0.465693
0.430092
0.498753
0.376173
0.349824
0.376159
0.421083
0.42803
0.504837
0.479552
0.460787
0.46006
0.493173
0.506092
0.427588
0.405201
0.407647
0.397556
0.371005
0.366017
0.414507
0.424557
0.401873
0.417236
0.378353
0.362574
0.35984
0.377497
0.394957
0.39058
0.388732
0.387214
0.383835
0.407177
0.384903
0.377743
0.443638
0.391348
0.391244
