0.543889
0.501409
0.494674
0.474621
0.483137
0.462501
0.498253
0.475639
0.47832
0.474192
0.476491
0.473166
0.471411
0.442035
0.472264
0.446603
0.455406
0.452753
0.440282
0.393365
0.441648
0.43776
0.411045
0.394351
0.40444
0.390875
0.391571
0.365633
0.352142
0.380221
0.373488
0.360185
0.374966
0.388709
0.38616
0.396341
0.408789
0.370188
0.368076
0.367561
0.348095
0.360872
0.438333
0.426098
0.406054
0.414865
0.408056
0.416244
0.442316
0.436861
0.486794
0.405682
0.439813
0.390477
0.413431
0.402967
0.38509
0.387384
0.40926
0.404863
0.421509
0.406591
0.369578
0.34374
0.343338
0.357168
0.348041
0.373
0.460658
0.46922
0.435635
0.418899
0.423472
0.396028
0.371591
0.387508
0.404235
0.425392
0.460788
0.445877
0.416659
0.427133
0.397123
0.386341
0.398664
0.425007
0.407827
0.446831
0.428412
0.407158
0.451262
0.437155
0.373471
0.412715
0.417712
0.389926
0.440203
0.454022
0.435607
0.40611
0.370618
0.407815
0.377994
0.426865
0.422458
0.426101
0.361838
0.371741
0.39346
0.363984
0.410721
0.397267
0.411261
0.400737
0.444475
0.433172
0.374055
0.365781
0.365502
0.380013
0.442943
0.431287
0.420121
0.430876
0.38092
0.419141
0.419272
0.430296
0.413154
0.365321
0.423
0.453517
0.371597
0.414193
0.443675
0.429218
0.407843
0.392927
0.365019
0.353456
0.368707
0.364299
0.387048
0.392227
0.354506
0.376268
0.394394
0.3641
0.364594
0.370867
0.398299
0.406662
0.396953
0.39708
0.367834
0.370491
0.34645
0.359703
0.378416
0.357062
0.361298
0.383382
0.399242
0.4089
0.398307
0.39711
0.364489
0.355683
0.401
0.45722
0.415136
0.403136
0.38364
0.39279
0.439017
0.449821
0.45747
0.47777
0.509918
0.368629
0.402711
0.382326
0.439586
0.452278
0.480359
0.398921
0.375981
0.368917
0.391314
0.383891
0.373595
0.416499
0.373802
0.426324
0.415524
0.424586
0.433851
0.468851
0.475618
0.468418
0.412572
0.421796
0.396672
0.401018
0.402938
0.392891
0.405403
0.398807
0.377486
0.356284
0.355495
0.342787
0.352244
0.356651
0.364501
0.381133
0.367537
0.357698
0.380035
0.373411
0.394762
0.37396
0.374422
0.395634
0.426488
0.445394
0.483148
0.409307
0.411486
0.417137
0.415668
0.418319
0.382725
0.354376
0.376178
0.384774
0.374267
0.393993
0.385986
0.375708
0.345842
0.353429
0.374645
0.402024
0.358215
0.376872
0.383232
0.380565
0.441338
0.42769
0.386636
0.374758
0.43733
0.451574
0.50766
0.482772
0.493881
0.468148
0.383627
0.398986
0.39986
0.368415
0.377647
0.422428
0.371148
0.350078
0.347971
0.350759
0.403006
0.419546
0.375409
0.357379
0.398664
0.404558
0.368183
0.351331
0.347381
0.350249
0.366871
0.372455
0.372168
0.402691
0.384382
0.37688
0.397211
0.38017
0.385191
0.352137
0.363989
0.357742
0.384229
0.37005
0.363651
0.370881
0.393673
0.373338
0.356525
0.348862
0.376989
0.380121
0.360226
0.373725
0.361454
0.34999
0.343224
0.362669
0.40425
0.373011
0.384829
0.385
0.379143
0.409254
0.370265
0.37093
0.356863
0.358236
0.373183
0.376395
0.366218
0.375095
0.364067
0.358657
0.374554
0.425523
0.409916
0.404749
0.511602
0.423428
0.423872
0.400661
0.394105
0.400642
0.410386
0.352073
0.355308
0.350914
0.347918
0.350087
0.410803
0.39888
0.39853
0.381993
0.389079
0.361592
0.393564
0.403399
0.377362
0.395955
0.369672
0.390728
0.398204
0.400637
0.401259
0.403217
0.40939
0.382752
0.349952
0.364736
0.367118
0.362888
0.376304
0.377333
0.355363
0.363777
0.343609
0.373285
0.375448
0.392451
0.387591
0.370975
0.35867
0.386505
0.389105
0.371672
0.395903
0.451513
0.428589
0.450254
0.437894
0.385395
0.395559
0.433784
0.416882
0.416687
0.40717
0.415137
0.367548
0.363075
0.396028
0.43256
0.457237
0.442188
0.483889
0.473622
0.429377
0.44068
0.429746
0.384878
0.412179
0.429023
0.419697
0.397301
0.394969
0.390777
0.4072
0.422374
0.463634
0.481617
0.452361
0.432315
0.466439
0.439483
0.385439
0.362624
0.403257
0.361152
0.371845
0.349955
0.345632
0.372823
0.384069
0.371151
0.365313
0.367625
0.37889
0.388331
0.400907
0.37894
0.3474
0.362145
0.378074
0.348305
0.370651
0.415108
0.408514
0.388711
0.370228
0.380183
0.366187
0.367085
0.374562
0.362083
0.382242
0.382276
0.392012
0.405281
0.362078
0.390193
0.374047
0.402034
0.426004
0.382522
0.404952
0.440697
0.41379
0.396327
0.437557
0.461434
0.544767
0.466586
0.440117
0.361266
0.363554
0.35474
0.37145
0.36943
0.403102
0.409495
0.409199
0.42511
0.40178
0.406208
0.395817
0.398982
0.436793
0.424561
0.397759
0.409304
0.381577
0.420199
0.43129
0.436478
0.427748
0.480801
0.465419
0.374279
0.359287
0.35006
0.358541
0.361498
0.384253
0.369521
0.387713
0.466325
0.497355
0.395165
0.40753
0.367595
0.37651
0.357051
0.377973
0.349168
0.368599
0.361431
0.401464
0.435903
0.424383
0.406727
0.392814
0.43643
0.415049
0.372162
0.39479
0.467793
0.433485
0.454563
0.481706
0.458913
0.383951
0.426184
0.428903
0.447663
0.362471
0.379867
0.416944
0.468738
0.401499
0.432022
0.417916
0.390477
0.381829
0.42965
0.399635
0.428211
0.37527
0.391146
0.406633
0.392645
0.386713
0.381787
0.382234
0.390985
0.391068
0.38985
0.369039
0.352528
0.393674
0.354835
0.374751
0.356519
0.373213
0.387481
0.404751
0.402358
0.410675
0.397636
0.371052
0.371851
0.349441
0.34265
0.372281
0.391246
0.384617
0.423938
0.406553
0.405821
0.409256
0.433601
0.391432
0.435811
0.508699
0.544105
0.408461
0.393076
0.400754
0.363022
0.351229
0.385364
0.391696
0.395582
0.372408
0.361712
0.381092
0.350707
0.389477
0.447488
0.443466
0.400578
0.391261
0.40046
0.399008
0.392863
0.374069
0.398403
0.394106
0.387457
0.399162
0.406319
0.441489
0.426717
0.448422
0.431682
0.435083
0.379923
0.366394
0.403109
0.419963
0.397374
0.450598
0.401957
0.393512
0.439059
0.445221
0.468036
0.514213
0.483514
0.543154
0.555304
0.442021
0.414326
0.437397
0.380945
0.43472
0.435032
0.398114
0.3794
0.402859
0.400647
0.396084
0.429035
0.39987
0.414631
0.414505
0.422561
0.439332
0.404481
0.363584
0.346344
0.367429
0.381917
0.396303
0.355851
0.407833
0.490602
0.41851
0.416419
0.474068
0.403374
0.384703
0.425881
0.389448
0.390318
0.41248
0.425889
0.430817
0.462392
0.443261
0.381735
0.385931
0.414032
0.414808
0.415653
0.434034
0.436217
0.462929
0.438073
0.455046
0.523769
0.549635
0.441483
0.405732
0.425805
0.433261
0.405314
0.41843
0.424918
0.373854
0.353564
0.374578
0.374407
0.394302
0.422985
0.379493
0.363113
0.380166
0.460129
0.444723
0.379161
0.405041
0.471567
0.492926
0.506752
0.498558
0.47669
0.449788
0.440455
0.405755
0.373642
0.374711
0.390404
0.358979
0.387539
0.399884
0.359062
0.364992
0.382066
0.361244
0.389321
0.398569
0.432116
0.428608
0.476837
0.443378
0.413709
0.446199
0.407074
0.433227
0.444659
0.447977
0.449941
0.457062
0.404313
0.411918
0.390377
0.35993
0.374899
0.369598
0.386828
0.383043
0.41077
0.386456
0.37604
0.374548
0.397428
0.456822
0.460216
0.438275
0.464822
0.363809
0.373383
0.395753
0.393253
0.391858
0.365049
0.366479
0.366378
0.363416
0.361427
0.346168
0.35873
0.366044
0.404079
0.408736
0.390251
0.393825
0.411383
0.413246
0.460677
0.453446
0.460181
0.441691
0.440535
0.473586
0.489252
0.411412
0.447443
0.509203
0.420261
0.406488
0.42151
0.423021
0.422756
0.392682
0.381498
0.372237
0.402765
0.395079
0.411845
0.390519
0.410386
0.384251
0.345833
0.358357
0.360786
0.341666
0.347411
0.341889
0.351404
0.381364
0.377771
0.377769
0.347437
0.347891
0.343812
0.348883
0.362694
0.393081
0.406914
0.424239
0.376856
0.365318
0.383805
0.4369
0.4946
0.411392
0.431133
0.400831
0.351594
0.380584
0.391767
0.404522
0.379888
0.351306
0.351436
0.36065
0.374483
0.403747
0.401894
0.400451
0.393111
0.390347
0.422306
0.397273
0.436838
0.425037
0.446765
0.454821
0.381614
0.3723
0.364165
0.382012
0.440819
0.446757
0.453571
0.42544
0.484664
0.48496
0.50742
0.42741
0.41096
0.420387
0.430031
0.426228
0.396177
0.375255
0.432321
0.443933
0.421616
0.380871
0.39313
0.403375
0.383315
0.401546
0.412654
0.420676
0.45097
0.442499
0.442293
0.434433
0.46764
0.458879
0.424906
0.430417
0.428069
0.426734
0.451053
0.42579
0.39022
0.409153
0.44273
0.569702
0.502844
0.419516
0.44146
0.464193
0.448216
0.444224
0.44051
0.442662
0.425863
0.4842
0.476507
0.415694
0.457185
0.39895
0.43873
0.461492
0.36523
0.366036
0.4251
0.476847
0.45019
0.418365
0.408374
0.4257
0.438069
0.454381
0.507523
0.545748
0.502657
0.481282
0.477973
0.46283
0.420843
0.408462
0.476512
0.464124
0.443722
0.446488
0.440006
0.442144
0.453595
0.478496
0.476042
0.490396
0.444972
0.478445
0.378114
0.38775
0.448758
0.419373
0.428679
0.430423
0.429297
0.378929
0.477802
0.510066
0.529689
0.390993
0.39782
0.406977
0.417674
0.427173
0.415431
0.406329
0.383206
0.351997
0.38048
0.390248
0.408356
0.361942
0.368133
0.42036
0.443578
0.423638
0.374913
0.384055
0.43142
0.383241
0.396673
0.345903
0.356334
0.367856
0.393325
0.431052
0.46342
0.564405
0.542508
0.505268
0.489672
0.487334
0.493239
0.527804
0.438668
0.422277
0.441282
0.46926
0.465245
0.488052
0.490396
0.469989
0.498282
0.521776
0.456448
0.495168
0.461023
0.453135
0.454789
0.394458
0.389615
0.390227
0.38433
0.420349
0.426046
0.423878
0.456403
0.455911
0.471875
0.427001
0.434338
0.460125
0.465482
0.472056
0.429068
0.398761
0.4752
0.45516
0.560425
0.386158
0.372145
0.353586
0.349692
0.357935
0.375129
0.380599
0.437166
0.42669
0.433013
0.427431
0.501372
0.515022
0.448903
0.508978
0.485037
0.463966
0.448623
0.471533
0.433179
0.480744
0.504821
0.481224
0.500388
0.492614
0.521351
0.476809
0.395738
0.395076
0.418517
0.398065
0.392848
0.415797
0.406103
0.395455
0.386366
0.363474
0.380227
0.358277
0.369376
0.419451
0.41952
0.395925
0.416759
0.443229
0.414619
0.418026
0.390816
0.388989
0.423873
0.429303
0.397582
0.390177
0.372476
0.363915
0.363551
0.362165
0.357734
0.361265
0.362055
0.370831
0.390131
0.403975
0.379582
0.395773
0.395426
0.378151
0.380206
0.409817
0.390371
0.385321
0.361277
0.395797
0.393631
0.411121
0.408774
0.388139
0.383468
0.369566
0.377148
0.415479
0.427734
0.463981
0.362389
0.403992
0.414864
0.387302
0.383976
0.391243
0.39412
0.396259
