0.500883
0.551205
0.574357
0.587508
0.577973
0.543442
0.477216
0.471459
0.456487
0.515729
0.549214
0.464639
0.490674
0.451289
0.446852
0.46272
0.511574
0.473097
0.46646
0.50163
0.506532
0.517716
0.449348
0.455478
0.431103
0.447842
0.491867
0.489069
0.499908
0.490731
0.504379
0.500789
0.489289
0.507071
0.467786
0.463483
0.485463
0.423034
0.50098
0.490456
0.492383
0.473115
0.471503
0.474537
0.457581
0.479953
0.476701
0.484693
0.47839
0.495627
0.484232
0.449888
0.466747
0.457767
0.477816
0.480667
0.491254
0.453865
0.484734
0.475893
0.468488
0.466492
0.452063
0.439598
0.451967
0.414767
0.431685
0.491055
0.491572
0.465297
0.484503
0.449596
0.450664
0.443563
0.460507
0.433025
0.448756
0.489413
0.437483
0.405332
0.456909
0.48879
0.468126
0.469658
0.436928
0.441179
0.434563
0.470358
0.42752
0.482982
0.415286
0.424335
0.381129
0.371199
0.41745
0.383629
0.414095
0.414172
0.413321
0.441216
0.493532
0.444863
0.503527
0.468348
0.414662
0.394355
0.409293
0.405678
0.405222
0.408224
0.410767
0.425403
0.404205
0.37926
0.381931
0.400261
0.406158
0.423854
0.387493
0.403232
0.400712
0.409062
0.402809
0.416557
0.376648
0.380946
0.374691
0.398404
0.417482
0.398149
0.373843
0.368254
0.353813
0.377581
0.378433
0.364911
0.350129
0.34571
0.352354
0.350146
0.352776
0.364491
0.374229
0.37528
0.390063
0.379434
0.383333
0.392009
0.389497
0.367114
0.355026
0.355304
0.356901
0.346839
0.363983
0.373094
0.367385
0.358689
0.371818
0.374479
0.382637
0.403061
0.398727
0.368422
0.37899
0.398692
0.395187
0.374323
0.373976
0.388828
0.400123
0.39414
0.388321
0.389943
0.414749
0.394293
0.394451
0.390416
0.421885
0.411297
0.423224
0.392848
0.370013
0.374515
0.373567
0.357073
0.344574
0.359987
0.371755
0.371371
0.382814
0.389687
0.371282
0.386585
0.351621
0.346716
0.342963
0.350805
0.354359
0.34602
0.341361
0.347612
0.355096
0.363422
0.379146
0.388703
0.399952
0.446711
0.469123
0.465271
0.428013
0.399566
0.437348
0.42917
0.442051
0.404863
0.397312
0.425303
0.383171
0.421716
0.408892
0.432538
0.434409
0.408869
0.387598
0.374489
0.397507
0.426673
0.408257
0.425366
0.410904
0.423556
0.417853
0.433846
0.435841
0.470419
0.451553
0.414486
0.415386
0.431043
0.478072
0.459847
0.490713
0.47036
0.47171
0.499712
0.492079
0.422329
0.429489
0.374292
0.390654
0.382875
0.472306
0.423424
0.46529
0.427155
0.431127
0.400889
0.378481
0.373058
0.378711
0.411798
0.42763
0.422379
0.397909
0.407625
0.419569
0.411331
0.409318
0.397658
0.377895
0.375222
0.381192
0.378624
0.408147
0.379122
0.386454
0.384088
0.398952
0.392293
0.379434
0.422881
0.438062
0.376123
0.402288
0.409705
0.405227
0.390499
0.408677
0.410059
0.399751
0.421431
0.414938
0.442969
0.419516
0.425507
0.405656
0.420437
0.400803
0.405002
0.387212
0.38476
0.364723
0.369077
0.358581
0.361514
0.345987
0.342771
0.340109
0.339288
0.336246
0.336314
0.341726
0.343808
0.343911
0.373292
0.370975
0.362517
0.351012
0.33916
0.338859
0.345187
0.344881
0.353382
0.357305
0.371717
0.362381
0.35163
0.362577
0.396316
0.411602
0.461028
0.499582
0.481992
0.441027
0.464385
0.4729
0.461328
0.467872
0.472815
0.475785
0.447371
0.447344
0.386965
0.443504
0.424034
0.398771
0.432142
0.396563
0.429449
0.407208
0.434744
0.412505
0.436931
0.405666
0.420406
0.410007
0.402233
0.370476
0.373221
0.357315
0.369661
0.390219
0.363115
0.386582
0.385614
0.368189
0.392297
0.398358
0.406113
0.383759
0.39711
0.413651
0.396021
0.453005
0.42995
0.431222
0.38293
0.425872
0.459584
0.470893
0.40526
0.444166
0.529685
0.466802
0.443132
0.427852
0.45618
0.436232
0.423705
0.418927
0.419079
0.419909
0.398787
0.404882
0.430071
0.454621
0.42749
0.424354
0.419996
0.420277
0.373612
0.38957
0.366033
0.362788
0.379677
0.405549
0.399625
0.391522
0.389816
0.415911
0.402024
0.399308
0.394195
0.418766
0.429506
0.450062
0.420044
0.408885
0.430057
0.418025
0.378934
0.399924
0.432694
0.446643
0.45391
0.476964
0.422127
0.468448
0.485909
0.430058
0.377318
0.378961
0.41245
0.400953
0.397815
0.425089
0.400051
0.421169
0.453728
0.437239
0.457258
0.482819
0.477509
0.439289
0.462879
0.409805
0.405697
0.359841
0.353581
0.363362
0.39656
0.394722
0.449443
0.429266
0.40079
0.378375
0.404511
0.388807
0.38499
0.407798
0.447679
0.463472
0.39684
0.393323
0.366288
0.372881
0.41351
0.471241
0.419407
0.40285
0.489541
0.42017
0.443952
0.486323
0.488821
0.434191
0.409821
0.449299
0.447487
0.423159
0.439863
0.420913
0.445866
0.387798
0.406921
0.402446
0.401364
0.399242
0.375763
0.36011
0.35574
0.366965
0.394091
0.398327
0.397595
0.412827
0.424651
0.410719
0.394886
0.387408
0.365219
0.348927
0.377741
0.431162
0.430083
0.492838
0.390307
0.414699
0.388295
0.454902
0.404853
0.443321
0.426075
0.469296
0.441727
0.395977
0.411336
0.384767
0.366367
0.357526
0.358275
0.356683
0.349059
0.355864
0.365773
0.374205
0.397965
0.402294
0.408262
0.398417
0.390631
0.381652
0.357563
0.354335
0.354676
0.368719
0.382858
0.371668
0.403913
0.438591
0.405125
0.41603
0.42394
0.409131
0.37276
0.380493
0.400883
0.424557
0.438732
0.427298
0.399723
0.385442
0.372319
0.403108
0.393226
0.400924
0.417976
0.425063
0.441522
0.454838
0.437216
0.457862
0.387107
0.441287
0.424358
0.445991
0.463767
0.423036
0.395452
0.366166
0.366043
0.348383
0.351102
0.346593
0.354706
0.390808
0.374891
0.398389
0.375206
0.35491
0.358962
0.350369
0.351673
0.354147
0.361477
0.391903
0.413286
0.469078
0.476193
0.421065
0.419085
0.437736
0.404517
0.419376
0.442521
0.474073
0.446561
0.420055
0.440511
0.414271
0.416457
0.410722
0.439466
0.448352
0.436235
0.41899
0.400571
0.383724
0.358641
0.357643
0.397714
0.425233
0.433969
0.439925
0.414492
0.385565
0.382466
0.396867
0.426359
0.474072
0.432629
0.435362
0.427094
0.425411
0.451619
0.411787
0.384319
0.373841
0.359878
0.361247
0.361843
0.367434
0.387548
0.414311
0.414294
0.459917
0.435543
0.407932
0.511198
0.494849
0.423293
0.428659
0.377966
0.351066
0.363725
0.38436
0.389493
0.363397
0.369108
0.38102
0.438534
0.45871
0.462714
0.474557
0.442837
0.409029
0.445836
0.458404
0.440254
0.397998
0.412773
0.388923
0.408464
0.432668
0.417457
0.386974
0.404053
0.422111
0.386032
0.374661
0.377072
0.37543
0.370169
0.362173
0.358883
0.343685
0.347926
0.355271
0.345677
0.360205
0.36708
0.365261
0.375584
0.379599
0.362934
0.355633
0.351367
0.355796
0.371902
0.387475
0.360759
0.393778
0.407101
0.381001
0.377155
0.385059
0.394074
0.393675
0.40732
0.385791
0.375993
0.359545
0.353465
0.349391
0.343187
0.352084
0.380778
0.363743
0.375746
0.398782
0.388142
0.429486
0.371075
0.396008
0.386514
0.38017
0.362159
0.372087
0.349441
0.356672
0.362771
0.362226
0.366909
0.360676
0.369488
0.354033
0.359272
0.364134
0.3814
0.399064
0.390066
0.393971
0.387272
0.402023
0.413855
0.39953
0.405024
0.423174
0.404667
0.407049
0.404234
0.404433
0.392539
0.389283
0.418104
0.385911
0.396461
0.39267
0.390543
0.383252
0.379121
0.369494
0.3669
0.363559
0.356893
0.374877
0.365707
0.372909
0.375745
0.363464
0.341276
0.34206
0.343994
0.345898
0.363352
0.373932
0.350326
0.358141
0.355922
0.350374
0.367485
0.374044
0.395492
0.38605
0.399417
0.373579
0.350816
0.339744
0.341377
0.341404
0.336919
0.353359
0.383769
0.381684
0.385865
0.400453
0.39839
0.378862
0.355159
0.373861
0.398757
0.39833
0.411299
0.411466
0.409523
0.431327
0.39759
0.395129
0.410704
0.40114
0.36711
0.381324
0.436226
0.404098
0.397517
0.406515
0.426306
0.386484
0.365974
0.36227
0.374716
0.369953
0.356463
0.355989
0.3439
0.355875
0.361558
0.363716
0.354934
0.37564
0.388187
0.393535
0.425663
0.455435
0.413112
0.455454
0.490734
0.451775
0.495841
0.471066
0.399591
0.382278
0.386752
0.388176
0.400844
0.407677
0.387956
0.417497
0.405986
0.399885
0.372759
0.367937
0.376383
0.403672
0.40258
0.404744
0.37406
0.382984
0.404962
0.412949
0.419997
0.443555
0.490582
0.428409
0.48918
0.471379
0.437729
0.425571
0.445956
0.453932
0.470846
0.465456
0.451977
0.4362
0.47623
0.488687
0.465288
0.506889
0.496175
0.50543
0.553914
0.487408
0.507451
0.373607
0.363933
0.363322
0.369443
0.372946
0.391469
0.38836
0.396017
0.40563
0.432146
0.405031
0.378833
0.371054
0.373015
0.383955
0.392253
0.437791
0.439996
0.452022
0.475612
0.485044
0.463691
0.43968
0.410308
0.460953
0.530582
0.504271
0.453633
0.484653
0.434768
0.403673
0.427727
0.399614
0.379939
0.386885
0.370891
0.372621
0.364906
0.393537
0.378108
0.362414
0.368874
0.363154
0.364169
0.38559
0.396034
0.409989
0.375752
0.378455
0.395269
0.382171
0.381017
0.382439
0.404099
0.370432
0.377981
0.367053
0.361286
0.373605
0.387935
0.397218
0.40807
0.432408
0.434266
0.411748
0.390127
0.389919
0.364615
0.358313
0.365564
0.386415
0.413972
0.425511
0.456129
0.447911
0.430601
0.412497
0.402226
0.419796
0.415177
0.387636
0.432995
0.454801
0.434827
0.413986
0.414943
0.434637
0.448759
0.440456
0.430435
0.47644
0.457926
0.444659
0.468298
0.497116
0.487255
0.491363
0.551191
0.417465
0.434105
0.489367
0.510245
0.452925
0.450152
0.441285
0.422495
0.413416
0.427271
0.394591
0.404769
0.433748
0.401282
0.450772
0.438024
0.3865
0.410465
0.38801
0.384361
0.392126
0.410216
0.404649
0.398115
0.388174
0.397109
0.415518
0.398617
0.397912
0.406079
0.421274
0.393171
0.392553
0.381263
0.384086
0.397392
0.408562
0.382383
0.370143
0.40082
0.417007
0.44511
0.443278
0.417741
0.408958
0.375555
0.368481
0.388074
0.415613
0.357893
0.355637
0.360206
0.360512
0.366022
0.359111
0.346711
0.349811
0.34568
0.353152
0.35854
0.365088
0.355023
0.33704
0.342908
0.341736
0.342299
0.35058
0.338509
0.346748
0.354615
0.357579
0.36232
0.36861
0.351524
0.348378
0.355624
0.372305
0.359101
0.346442
0.344127
0.346516
0.354772
0.352483
0.359697
0.374349
0.384158
0.37005
0.386538
0.396402
0.376564
0.382874
0.402009
0.367558
0.359616
0.349482
0.343154
0.352773
0.353414
0.359302
0.365017
0.362347
0.374464
0.378682
0.393363
0.37971
0.384364
0.392547
0.354799
0.361754
0.37238
0.386655
0.386995
0.388917
0.40434
0.395838
0.399969
0.361428
0.363951
0.385488
0.37319
0.367629
0.370376
0.369165
0.362538
0.3897
0.411296
0.395866
0.415843
0.378617
0.384777
0.390229
0.404506
0.441634
0.462264
0.421043
0.425858
0.448385
0.417152
0.461116
0.468569
0.499458
0.484939
0.455855
0.490678
0.484348
0.452501
0.424924
0.38409
0.39268
0.38863
0.387081
0.388479
0.418295
0.444189
0.436468
0.444599
0.409238
0.410181
0.395928
0.407787
0.393692
0.41543
0.425247
0.433078
0.418575
0.424426
0.413826
0.43174
0.416566
0.388468
0.389518
0.404552
0.386728
0.364402
0.35129
0.346376
0.353078
0.370297
0.34926
0.365587
0.354037
0.361074
0.384243
0.400959
0.38755
0.389065
0.413962
0.380119
0.365075
0.365529
0.387329
0.370798
0.378567
0.364415
0.378709
0.397484
0.403865
0.395135
0.389588
0.388426
0.364921
0.390913
0.384381
0.400086
0.403341
0.382998
0.383789
0.365018
0.347265
0.350678
0.342275
0.349969
0.34897
0.338205
0.351449
0.3474
0.344735
0.358705
0.364937
0.369989
0.360845
0.36065
0.384879
0.403443
0.415675
0.393829
0.396228
0.398577
0.39655
0.368496
0.3558
0.357251
0.357165
0.351302
0.354546
0.352581
0.380135
0.409934
0.393767
0.362946
0.382072
0.395066
0.399424
0.373732
0.377854
0.369072
0.396986
0.379747
0.395181
0.434143
0.441228
0.501984
0.422845
0.41787
0.427263
0.435691
0.433488
0.412853
0.422736
0.386353
0.395092
0.372449
0.381852
0.369776
0.367048
0.372142
0.365162
0.381919
0.397668
0.404507
0.468629
0.454175
0.452445
0.47795
0.459052
0.449314
0.423751
0.436904
0.415574
0.562845
0.544139
0.522795
0.492098
0.476636
0.533135
0.490081
0.456422
0.435449
0.458448
0.505671
0.490043
0.517358
0.515732
0.534563
0.480714
0.466883
0.423552
0.395252
0.396078
0.368835
0.372915
0.393545
0.393786
0.392276
0.392648
0.389199
0.403627
0.417642
0.401921
0.40472
0.415577
0.380177
0.369991
0.361934
0.36756
0.360523
0.382361
0.376402
0.37615
0.385287
0.382447
0.366261
0.388913
0.409984
0.431587
0.423987
0.443588
0.403898
0.393037
0.372155
0.354191
0.356516
0.349249
0.342059
0.34849
0.355169
0.35732
0.349596
0.351827
0.345016
0.349925
0.347168
0.346409
0.342237
0.346179
0.347445
0.361086
0.366448
0.379277
0.415536
0.424607
0.419071
0.395058
0.421721
0.429145
0.432961
0.41142
0.400638
0.40946
0.375238
0.359047
0.356198
0.359414
0.360884
0.354863
0.347281
0.358176
0.363455
0.375951
0.387328
0.382024
0.411373
0.41523
0.393885
0.409093
0.41468
0.408081
0.396445
0.385718
0.405488
0.432397
0.404771
0.365972
0.359793
0.343775
0.34836
0.344019
0.351986
0.355662
0.352941
0.355997
0.35254
0.349377
0.338064
0.3435
0.348914
0.344901
0.344129
0.347397
0.354839
0.376573
0.369203
0.37182
0.351939
0.357553
0.351101
0.396471
0.384753
0.367525
0.361548
0.381956
0.371938
0.374656
0.369376
0.389784
0.395108
0.405838
0.406419
0.416105
0.408891
0.388993
0.398317
0.366394
0.35607
0.371287
0.355649
0.375594
0.39112
0.399428
0.415838
0.413087
0.389981
0.382342
0.378176
0.37299
0.368514
0.374239
0.39303
0.393603
0.394712
0.405126
0.383803
0.375509
0.359302
0.352432
0.352202
0.351889
0.357452
0.341311
0.345458
0.361654
0.374435
0.374464
0.374354
0.362079
0.353496
0.353916
0.35868
0.356912
0.37906
0.400101
0.381064
0.389464
0.369094
0.363305
0.369064
0.359451
0.385369
0.378284
0.366333
0.350146
0.359897
0.370883
0.366118
0.36719
0.363356
0.364939
0.384002
0.405706
0.389625
0.381334
0.395951
0.400017
0.371825
0.356261
0.362748
0.393411
0.387688
0.368261
0.36543
0.362714
0.349263
0.339885
0.342153
0.346572
0.342115
0.34754
0.364221
0.390345
0.385317
0.368318
0.360536
0.374259
0.379032
0.384603
0.367769
0.383213
0.391379
0.364953
0.360761
0.356475
0.354909
0.35013
0.349876
0.364168
0.374083
0.395622
0.416913
0.368055
0.359817
0.350332
0.347399
0.343885
0.362337
0.344274
0.344403
0.348027
0.344585
0.343249
0.349121
0.341846
0.335563
0.350996
0.349032
0.357422
0.358898
0.384138
0.416269
0.418987
0.413758
0.394586
0.383818
0.370051
0.364756
0.367273
0.385108
0.378723
0.37264
0.372249
0.392263
0.404101
0.38631
0.373402
0.388424
0.407123
0.373287
0.376892
0.356153
0.386748
0.355093
0.402701
0.406747
0.420883
0.391616
0.422547
0.413137
0.387397
0.381849
0.37424
0.370987
0.359591
0.360941
0.354989
0.357649
0.372105
0.398209
0.390506
0.371783
0.355396
0.342196
0.347295
0.337225
0.348651
0.367319
0.375056
0.353703
0.369024
0.408907
0.378883
0.355824
0.352503
0.34913
0.356307
0.368644
0.396068
0.40151
0.390817
0.389242
0.353521
0.343983
0.358742
0.356893
0.379664
0.398854
0.372389
0.366666
0.3594
0.360443
0.357339
0.374128
0.362146
0.382152
0.354528
0.351506
0.34998
0.361997
0.353365
0.362885
0.373958
0.37985
0.391161
0.386134
0.424158
0.438028
0.431605
0.434124
0.430711
0.403113
0.418238
0.414901
0.395279
0.386694
0.424504
0.38025
0.395685
0.430568
0.518008
0.539605
0.532044
0.489798
0.455514
0.439585
0.447708
0.416087
0.389286
0.410405
0.425714
0.421581
0.45804
0.406096
0.410487
0.391218
0.38305
0.396474
0.407751
0.429359
0.451014
0.403778
0.376207
0.358555
0.352024
0.373802
0.398739
0.43404
0.425444
0.389667
0.395875
0.408234
0.44198
0.419664
0.362116
0.359415
0.349413
0.348618
0.348586
0.351318
0.36086
0.354014
0.351599
0.35624
0.352953
0.350308
0.353667
0.349244
0.347417
0.352184
0.349406
0.343793
0.345994
0.345628
0.348907
0.34664
0.347915
0.353089
0.360385
0.392557
0.449409
0.431869
0.400373
0.393344
0.392976
0.409276
0.400866
0.381757
0.391749
0.396119
0.390996
0.402693
0.415456
0.398846
0.380081
0.36872
0.374866
0.395195
0.373645
0.374029
0.379202
0.41372
0.400831
0.371418
0.362118
0.361785
0.352634
0.370715
0.365059
0.356072
0.345511
0.364237
0.381497
0.384254
0.387545
0.413865
0.398665
0.396094
0.420167
0.407652
0.410809
0.38589
0.378374
0.3868
0.373759
0.371659
0.377611
0.381653
0.394814
0.411401
0.395474
0.391381
0.359334
0.371389
0.376803
0.373882
0.370609
0.389356
0.401742
0.396919
0.376805
0.399183
0.398657
0.419699
0.38987
0.411942
0.408162
0.395672
0.415779
0.403126
0.411718
0.3968
0.383944
0.401867
0.421693
0.415489
0.395332
0.382617
0.417211
0.402255
0.406003
0.421436
0.397039
0.396011
0.386343
0.388322
0.380823
0.362748
0.362971
0.353667
0.343446
0.344267
0.342746
0.356179
0.368111
0.360908
0.366341
0.375058
0.362828
0.354874
0.366917
0.370025
0.385784
0.362553
0.347427
0.35112
0.372283
0.371793
0.36799
0.366923
0.377706
0.392114
0.383219
0.39078
0.380507
0.363392
0.370411
0.379631
0.359757
0.350902
0.360638
0.348311
0.35267
0.360512
0.365766
0.369758
0.365069
0.34868
0.349343
0.339179
0.343156
0.344482
0.352457
0.37838
0.375189
0.372995
0.364476
0.390492
0.378039
0.363745
0.372081
0.381251
0.381463
0.399921
0.41439
0.39257
0.376275
0.378112
0.389152
0.389649
0.37685
0.405806
0.366889
0.354523
0.358444
0.380269
0.393842
0.370159
0.359744
0.354229
0.346777
0.362484
0.388201
0.395122
0.375307
0.371128
0.396478
0.395034
0.367273
0.370097
0.407582
0.409675
0.384579
0.381282
0.372136
0.367636
0.356101
0.360511
0.368438
0.393844
0.382475
0.460753
0.433558
0.460638
0.455913
0.454021
0.446896
0.46955
0.440901
0.416088
0.39892
0.430319
0.411171
0.452322
0.443468
0.464216
0.47916
0.433952
0.398742
0.444147
0.466413
0.45016
0.42247
0.388954
0.384608
0.374522
0.364141
0.384478
0.409637
0.401526
0.386694
0.394104
0.366357
0.395573
0.448127
0.451577
0.495864
0.441422
0.453265
0.436172
0.394832
0.375331
0.391954
0.40965
0.447158
0.440557
0.396691
0.387247
0.383225
0.408463
0.435451
0.420483
0.400045
0.398986
0.410352
0.443059
0.42377
0.386761
0.357641
0.356681
0.365076
0.373075
0.380207
0.359799
0.356727
0.357426
0.362029
0.372292
0.381682
0.379876
0.394335
0.448575
0.44389
0.425934
0.418165
0.455233
0.424821
0.430247
0.43722
0.466601
0.488358
0.452846
0.440902
0.443267
0.432784
0.427116
0.458282
0.51447
0.466638
0.485109
0.491437
0.461532
0.505007
0.4839
0.474968
0.448031
0.432348
0.43174
0.457599
0.399733
0.424314
0.453947
0.462821
0.424245
0.430581
0.428837
0.419451
0.421374
0.432644
0.448677
0.431218
0.40997
0.373394
0.368924
0.3764
0.425629
0.418988
0.415738
0.406303
0.396564
0.400824
0.434269
0.420648
0.429969
0.442891
0.431838
0.419322
0.429552
0.407406
0.418789
0.41818
0.398179
0.370743
0.387467
0.413281
0.396316
0.391573
0.429589
0.393168
0.371742
0.369049
0.369728
0.395173
0.416783
0.401281
0.390619
0.427846
0.401704
0.415759
0.399881
0.410714
0.393666
0.434611
0.438366
0.471941
0.463
0.501199
0.46378
0.411157
0.482422
0.527212
0.495143
0.437314
0.476634
0.430539
0.451033
0.487643
0.465465
0.427556
0.40732
0.415713
0.431401
0.435464
0.468014
0.445067
0.493666
0.468093
0.434449
0.491862
0.477998
0.509918
0.437686
0.361809
0.41741
0.40505
0.38602
0.404702
0.379095
0.359501
0.353508
0.359624
0.364602
0.358621
0.376612
0.374254
0.391323
0.424717
0.420909
0.403093
0.376688
0.357858
0.358715
0.350992
0.364328
0.381644
0.385499
0.373245
0.372735
0.3481
0.350918
0.373366
0.385006
0.363279
0.348586
0.338702
0.344208
0.349624
0.346406
0.335948
0.347765
0.350662
0.350271
0.363408
0.361499
0.379249
0.389136
0.373667
0.367322
0.360133
0.378745
0.432984
0.378994
0.36123
0.372908
0.382092
0.375474
0.36424
0.355798
0.368151
0.362009
0.370737
0.374237
0.382228
0.372517
0.353077
0.357367
0.374566
0.381619
0.37838
0.374929
0.384308
0.379122
0.387611
0.399
0.383445
0.386406
0.389054
0.40285
0.38968
0.386697
0.424955
0.423242
0.398428
0.379732
0.364309
0.353903
0.34598
0.356941
0.344896
0.344373
0.345114
0.351385
0.351637
0.364685
0.382366
0.356389
0.352478
0.36768
0.394492
0.392202
0.375386
0.358947
0.367387
0.346794
0.340108
0.340826
0.34291
0.350504
0.366569
0.38092
0.398656
0.401295
0.39801
0.433418
0.406346
0.430383
0.412132
0.403236
0.408382
0.404123
0.412794
0.419915
0.406657
0.402151
0.365963
0.360485
0.388657
0.379345
0.359794
0.357094
0.369189
0.376414
0.368069
0.385277
0.383222
0.383955
0.401833
0.37437
0.35385
0.348631
0.35889
0.378641
0.360131
0.373287
0.364336
0.35829
0.357517
0.365213
0.38715
0.391091
0.373849
0.360386
0.371097
0.361348
0.352525
0.364385
0.360514
0.381694
0.388091
0.384897
0.392859
0.380667
0.374291
0.382291
0.375498
0.394609
0.405091
0.399349
0.377726
0.382992
0.394903
0.404351
0.397188
0.406959
0.413546
0.404428
0.399508
0.364791
0.352228
0.348986
0.35149
0.365045
0.387717
0.394093
0.397399
0.405291
0.375988
0.379272
0.371542
0.372145
0.370729
0.371235
0.389092
0.420922
0.410731
0.411127
0.447252
0.43516
0.430185
0.426971
0.396918
0.384141
0.376241
0.359161
0.37658
0.414233
0.421275
0.388869
0.381758
0.411306
0.412249
0.448643
0.438709
0.455725
0.429132
0.431244
0.436568
0.407601
0.427834
0.412372
0.391731
0.382381
0.414325
0.422374
0.393701
0.374574
0.386164
0.429265
0.452165
0.448648
0.463614
0.485562
0.462007
0.438954
0.448165
0.463677
0.526877
0.563279
0.560682
0.547838
0.528387
0.463182
0.397083
0.476435
0.484578
0.505034
0.488111
0.473632
0.459701
0.381023
0.382898
0.381747
0.349125
0.348559
0.348638
0.368197
0.368332
0.356934
0.357387
0.372353
0.361656
0.354605
0.360468
0.349496
0.353249
0.353816
0.365757
0.385163
0.368823
0.372611
0.368422
0.358621
0.364601
0.359961
0.370426
0.383386
0.391864
0.394425
0.41171
0.404306
0.417574
0.394757
0.392182
0.417437
0.40656
0.420562
0.418901
0.419559
0.406138
0.40253
0.406982
0.410418
0.412118
0.418417
0.441695
0.453381
0.393483
0.406221
0.412578
0.381072
0.407216
0.395817
0.389341
0.405574
0.41879
0.418321
0.411139
0.404321
0.379256
0.399912
0.384763
0.41613
0.399455
0.381031
0.394788
0.397634
0.409014
0.395027
0.411057
0.423717
0.503682
0.471896
0.448303
0.441226
0.388658
0.390089
0.460699
0.442277
0.391295
0.374262
0.368889
0.385751
0.43251
0.432199
0.422011
0.381882
0.368574
0.369054
0.360363
0.36888
0.389123
0.431281
0.443328
0.44772
0.447255
0.384572
0.406095
0.440646
0.405599
0.416045
0.429261
0.45037
0.438085
0.451359
0.434615
0.431685
0.434243
0.423676
0.388239
0.44153
0.439062
0.445021
0.431807
0.458922
0.503469
0.506358
0.487407
0.486785
0.445275
0.410718
0.400752
0.376855
0.359532
0.352875
0.359151
0.361936
0.370206
0.353825
0.348541
0.369264
0.341408
0.352373
0.3471
0.340607
0.348427
0.345158
0.345315
0.364235
0.382182
0.368474
0.376651
0.355082
0.353032
0.359589
0.379595
0.378664
0.389622
0.383188
0.387824
0.384139
0.360421
0.36236
0.372132
0.367512
0.381676
0.388441
0.385322
0.395915
0.389623
0.468134
0.474658
0.473979
0.435756
0.498637
0.524287
0.508206
0.48844
0.479474
0.395427
0.374993
0.385131
0.407693
0.420498
0.446555
0.403873
0.401736
0.375891
0.402938
0.390659
0.367116
0.34872
0.355633
0.371627
0.356254
0.381075
0.38628
0.387699
0.367382
0.35785
0.358262
0.357552
0.354454
0.350889
0.370911
0.395123
0.383324
0.378751
0.361108
0.343532
0.34756
0.344949
0.350847
0.367435
0.373349
0.361593
0.370393
0.369537
0.369142
0.374966
0.360675
0.359774
0.348342
0.348718
0.362361
0.385516
0.404682
0.460515
0.47669
0.423036
0.444769
0.437127
0.409658
0.412238
0.449173
0.472229
0.411657
0.387806
0.392395
0.415577
0.392281
0.417636
0.414173
0.369777
0.365506
0.384573
0.411703
0.423433
0.426994
0.448159
0.442044
0.447905
0.417829
0.416166
0.400695
0.425239
0.430366
0.403912
0.383338
0.370148
0.357321
0.358573
0.359016
0.363563
0.380996
0.422807
0.429635
0.458319
0.460802
0.436926
0.524494
0.48058
0.415917
0.453165
0.422466
0.417452
0.423418
0.454071
0.490138
0.481886
0.431341
0.43793
0.512031
0.50529
0.482217
0.458716
0.454615
0.47183
0.485771
0.462742
0.397074
0.394102
0.387638
0.379437
0.379206
0.374801
0.38209
0.419071
0.447951
0.44774
0.426657
0.422299
0.414479
0.453713
0.463054
0.453711
0.449595
0.413468
0.374358
0.359328
0.345827
0.362693
0.370137
0.3699
0.358946
0.373673
0.411292
0.38608
0.394069
0.411305
0.415842
0.428821
0.431133
0.434284
0.468388
0.48849
0.483039
0.469385
0.429243
0.374996
0.383181
0.413509
0.408384
0.427004
0.417791
0.433476
0.452553
0.435886
0.406276
0.429685
0.423409
0.428757
0.404713
0.382561
0.374262
0.386041
0.379127
0.419106
0.400875
0.372503
0.371806
0.382583
0.387772
0.38475
0.397563
0.450305
0.467881
0.444594
0.404897
0.35223
0.392333
0.403723
0.448281
0.459819
0.441234
0.44224
0.411382
0.430314
0.402081
0.40492
0.4267
0.435379
0.411318
0.366698
0.365555
0.358778
0.355759
0.380559
0.393466
0.394003
0.398984
0.405164
0.417864
0.397846
0.392638
0.404678
0.418116
0.387738
0.406792
0.38127
0.390937
0.384279
0.372452
0.35791
0.39632
0.413105
0.401101
0.378577
0.37128
0.379628
0.39109
0.359525
0.372806
0.378156
0.396155
0.399946
0.412186
0.39756
0.397164
0.379844
0.369535
0.370027
0.399788
0.41445
0.388673
0.379986
0.383348
0.382133
0.385092
0.418723
0.389606
0.401584
0.371114
0.36019
0.34837
0.348742
0.365003
0.340565
0.348588
0.351871
0.357416
0.371152
0.404939
0.419343
0.401841
0.379961
0.366191
0.342942
0.345429
0.351303
0.35456
0.352291
0.378396
0.395724
0.381208
0.367701
0.351514
0.359154
0.360046
0.349297
0.373925
0.373884
0.381692
0.365021
0.372768
0.380625
0.362292
0.379688
0.403369
0.406648
0.415241
0.417838
0.387473
0.416702
0.387289
0.41334
0.436489
0.405843
0.390064
0.355353
0.389033
0.41791
0.440343
0.422238
0.400981
0.433677
0.426428
0.376111
0.352785
0.397288
0.36556
0.362296
0.36881
0.373369
0.368265
0.377274
0.376141
0.368022
0.369991
0.371713
0.346621
0.342795
0.340938
0.350012
0.347604
0.337257
0.341124
0.345018
0.344855
0.350539
0.360241
0.364831
0.395039
0.386636
0.382445
0.408737
0.393856
0.37962
0.391181
0.405503
0.385024
0.377971
0.382508
0.370539
0.421865
0.427324
0.430778
0.411732
0.436478
0.410813
0.433484
0.385869
0.40421
0.395354
0.447033
0.414932
0.381954
0.382784
0.418018
0.423858
0.408619
0.380532
0.39523
0.427264
0.425845
0.472791
0.415909
0.430911
0.424111
0.413948
0.404849
0.372867
0.368094
0.375433
0.409182
0.440304
0.435373
0.47194
0.469123
0.449582
0.492266
0.549017
0.544919
0.549209
0.544603
0.574048
0.579456
0.48288
0.416885
0.427259
0.39325
0.401388
0.402511
0.388966
0.365493
0.401308
0.411917
0.390274
0.391927
0.396634
0.426545
0.398521
0.391272
0.377548
0.374018
0.353647
0.347315
0.345597
0.357887
0.355497
0.340754
0.3529
0.363605
0.370353
0.384165
0.388424
0.383359
0.406647
0.383386
0.411356
0.39866
0.373581
0.385593
0.382026
0.425153
0.401663
0.391256
0.376544
0.370654
0.383286
0.382728
0.359843
0.356374
0.38543
0.365055
0.351492
0.347618
0.362612
0.36652
0.38433
0.405073
0.383681
0.361933
0.351231
0.355101
0.349035
0.34343
0.351386
0.35299
0.369907
0.403162
0.4333
0.437348
0.438965
0.470892
0.437829
0.463392
0.428186
0.457626
0.420975
0.442228
0.469454
0.400991
0.396747
0.392571
0.425075
0.403734
0.393643
0.404891
0.370564
0.391109
0.409054
0.391543
0.355483
0.348839
0.362001
0.389737
0.395932
0.389842
0.409236
0.417205
0.387438
0.401147
0.409378
0.379431
0.387698
0.389956
0.368669
0.366608
0.398795
0.409915
0.382782
0.39068
0.408094
0.407976
0.411548
0.408691
0.396248
0.413059
0.412927
0.408192
0.447428
0.442403
0.427348
0.451841
0.457077
0.397148
0.441077
0.407445
0.451443
0.421169
0.492549
0.451037
0.442698
0.427607
0.428984
0.437928
0.441918
0.424581
0.429395
0.431714
0.465894
0.460856
0.414757
0.384542
0.397629
0.385634
0.38737
0.364574
0.35167
0.346876
0.354344
0.36051
0.374131
0.42751
0.387733
0.387192
0.389771
0.414406
0.446519
0.406233
0.413674
0.427008
0.421855
0.418263
0.372456
0.386011
0.413143
0.411389
0.415659
0.453966
0.454015
0.49609
0.426435
0.392907
0.37771
0.417158
0.417286
0.408201
0.381003
0.370875
0.377148
0.402258
0.421468
0.426216
0.4183
0.473244
0.472837
0.410256
0.400214
0.455348
0.452825
0.461312
0.443859
0.431054
0.438915
0.487669
0.454879
0.50797
0.529925
0.504087
0.520909
0.527774
0.491999
0.494228
0.503242
0.493779
0.460716
0.47381
0.52428
0.559956
0.564003
0.530404
0.531157
0.539195
0.592904
0.586606
0.576046
0.48984
0.444587
0.467938
0.479433
0.417023
0.395247
0.440273
0.441056
0.418824
0.379987
0.394394
0.447522
0.465618
0.425307
0.417276
0.433755
0.419832
0.386488
0.363047
0.358605
0.375947
0.399545
0.435667
0.440009
0.44503
0.453419
0.442842
0.441794
0.426059
0.429838
0.437227
0.383135
0.401919
0.403387
0.401907
0.399392
0.401049
0.36298
0.36632
0.375685
0.382098
0.41742
0.405263
0.39008
0.407721
0.414408
0.391039
0.415756
0.406777
0.380312
0.388726
0.408052
0.400639
0.398845
0.384834
0.41075
0.423946
0.428704
0.441634
0.431612
0.412729
0.395716
0.409422
0.378077
0.411647
0.411989
0.404751
0.414694
0.426664
0.423741
0.381604
0.388516
0.383325
0.411402
0.393919
0.451394
0.476792
0.436708
0.428153
0.43068
0.412763
0.429085
0.430545
0.445358
0.45436
0.435143
0.405442
0.389025
0.363833
0.365142
0.365981
0.376444
0.355834
0.35604
0.343237
0.345799
0.340893
0.345741
0.351267
0.350234
0.355909
0.37962
0.382683
0.382079
0.395681
0.385658
0.380829
0.37615
0.377876
0.385871
0.411706
0.393471
0.39779
0.379122
0.353942
0.352058
0.354587
0.355731
0.361759
0.36451
0.394098
0.426271
0.43086
0.464331
0.481235
0.476194
0.486153
0.511179
0.496387
0.435774
0.395248
0.418733
0.446823
0.37528
0.438884
0.434345
0.418725
0.383087
0.41972
0.460982
0.472215
0.466625
0.528502
0.431985
0.452781
0.372939
0.358579
0.376716
0.373476
0.372401
0.370331
0.42992
0.398804
0.386265
0.402964
0.477766
0.438492
0.416008
0.3856
0.368331
0.38473
0.396787
0.382056
0.378056
0.403915
0.393241
0.404694
0.418735
0.418837
0.421801
0.409411
0.386895
0.412589
0.412651
0.421946
0.418682
0.483809
0.484058
0.438777
0.378519
0.418087
0.429864
0.442341
0.49586
0.451639
0.455394
0.482723
0.435932
0.485807
0.43771
0.42879
0.408398
0.382446
0.370951
0.386594
0.394555
0.369218
0.370786
0.37439
0.380986
0.399008
0.416917
0.439717
0.398288
0.395939
0.424248
0.408971
0.440715
0.419385
0.437143
0.411618
0.361183
0.36934
0.410856
0.433225
0.43765
0.43078
0.395992
0.443514
0.488601
0.426042
0.415608
0.417804
0.437634
0.434417
0.465859
0.426005
0.452917
0.474482
0.501934
0.461339
0.425543
0.427625
0.425641
0.448272
0.429312
0.4548
0.443884
0.433765
0.466142
0.464546
0.467072
0.482232
0.488955
0.551438
0.559383
0.526968
0.533717
0.583364
0.553647
0.55675
0.523169
0.518432
0.454523
0.412759
0.373171
0.393018
0.385309
0.454366
0.375639
0.419722
0.436124
0.436466
0.436257
0.424968
0.38741
0.434636
0.433185
0.431903
0.444582
0.423637
0.418384
0.398626
0.412503
0.386501
0.409258
0.419858
0.351923
0.430319
0.449924
0.442504
0.419321
0.427404
0.436664
0.445418
0.403181
0.391651
0.36769
0.366291
0.3622
0.36384
0.356558
0.357384
0.350497
0.351808
0.353589
0.360098
0.365791
0.389925
0.402099
0.361212
0.369283
0.361335
0.375504
0.388632
0.372762
0.361212
0.409603
0.424265
0.390968
0.419597
0.4397
0.433171
0.400667
0.418252
0.431756
0.411444
0.374999
0.351173
0.351895
0.353226
0.355755
0.365017
0.373985
0.363507
0.365613
0.369751
0.368097
0.382792
0.397773
0.416556
0.459147
0.4957
0.472264
0.465347
0.459778
0.435583
0.489676
0.450384
0.38784
0.373525
0.364699
0.387168
0.372244
0.359623
0.359413
0.38351
0.481182
0.418111
0.376404
0.401346
0.411581
0.389702
0.412345
0.495524
0.532972
0.461626
0.500857
0.409417
0.481071
0.545033
0.536916
0.508638
0.529753
0.496356
0.495937
0.509487
0.484435
0.480664
0.512437
0.512491
0.513671
0.507855
0.499305
0.459837
0.461856
0.461019
0.46902
0.438658
0.407162
0.436977
0.496752
0.430184
0.462804
0.46759
0.404009
0.43755
0.415843
0.442572
0.416371
0.383116
0.372932
0.361023
0.355777
0.359386
0.387159
0.401567
0.385292
0.3652
0.365592
0.367228
0.393693
0.4034
0.416185
0.380611
0.37383
0.375683
0.353895
0.369839
0.357774
0.347453
0.358352
0.381731
0.392444
0.399972
0.401922
0.414163
0.406409
0.405248
0.381033
0.39292
0.369289
0.362475
0.353141
0.354018
0.35566
0.343348
0.353331
0.370217
0.380479
0.379365
0.383892
0.400438
0.379003
0.369077
0.376642
0.35385
0.363657
0.351508
0.368758
0.367518
0.372855
0.386815
0.407877
0.392306
0.387403
0.381061
0.398676
0.392173
0.412467
0.413307
0.419136
0.430325
0.437111
0.43573
0.435621
0.400791
0.408282
0.435935
0.461021
0.438649
0.486853
0.485409
0.443596
0.487971
0.483278
0.498421
0.456135
0.447571
0.423726
0.39083
0.413336
0.436572
0.445989
0.376187
0.397717
0.448649
0.434515
0.444375
0.486112
0.418668
0.382717
0.3864
0.437357
0.401302
0.427156
0.445962
0.437101
0.423531
0.435841
0.424535
0.406799
0.423969
0.460905
0.473529
0.455153
0.470057
0.422391
0.410009
0.453538
0.47705
0.484791
0.489917
0.428364
0.42011
0.440897
0.435776
0.464054
0.495763
0.475977
0.40689
0.443712
0.419929
0.410188
0.379566
0.376432
0.366774
0.409546
0.420623
0.425561
0.436765
0.408901
0.408664
0.386943
0.375409
0.375427
0.382194
0.358277
0.355577
0.354956
0.3562
0.370295
0.395271
0.385026
0.366735
0.362072
0.364097
0.376485
0.374825
0.377261
0.364491
0.350373
0.376707
0.392032
0.390603
0.395637
0.385736
0.393957
0.399944
0.375616
0.365982
0.379443
0.391316
0.392787
0.403396
0.437329
0.429674
0.410877
0.404404
0.368513
0.368959
0.40774
0.386185
0.364724
0.373424
0.368418
0.367021
0.356716
0.366634
0.388151
0.406033
0.376734
0.364264
0.375323
0.367829
0.385336
0.384134
0.388108
0.385866
0.397548
0.444712
0.425821
0.450258
0.473418
0.482243
0.443093
0.418988
0.451168
0.456706
0.498536
0.488416
0.482158
0.463064
0.473254
0.392415
0.388969
0.474718
0.464278
0.481497
0.469097
0.412722
0.379065
0.370689
0.362386
0.349057
0.346273
0.355181
0.366392
0.369906
0.405797
0.378887
0.384622
0.4152
0.407795
0.381539
0.39654
0.394767
0.38119
0.397317
0.393782
0.401985
0.40948
0.397715
0.383455
0.386518
0.36933
0.382004
0.378008
0.358671
0.352792
0.346427
0.353533
0.349933
0.353856
0.392091
0.390965
0.391605
0.376633
0.357257
0.355232
0.344806
0.378598
0.375091
0.355736
0.362527
0.345541
0.359807
0.363504
0.371149
0.36298
0.347542
0.34411
0.342974
0.349105
0.350029
0.343639
0.346299
0.358969
0.360421
0.364674
0.38846
0.379525
0.361719
0.353003
0.35425
0.371485
0.394242
0.39572
0.416945
0.410673
0.416522
0.420359
0.41224
0.416595
0.402589
0.381065
0.386165
0.390304
0.412008
0.39381
0.365317
0.391575
0.400345
0.391151
0.400134
0.386992
0.400905
0.388235
0.415454
0.420395
0.430913
0.407638
0.415419
0.426233
0.411407
0.428138
0.431362
0.457084
0.458481
0.466455
0.48818
0.435646
0.469776
0.477785
0.441278
0.438563
0.46342
0.490039
0.475527
0.439673
0.434029
0.430293
0.402584
0.451339
0.465714
0.459599
0.444234
0.421548
0.432988
0.434887
0.46841
0.478066
0.461697
0.49531
0.481154
0.452965
0.482936
0.466035
0.494898
0.52698
0.48002
0.418684
0.408106
0.403171
0.413349
0.412573
0.437067
0.460244
0.430869
0.433324
0.470301
0.478971
0.504753
0.508991
0.582321
0.464855
0.419535
0.407347
0.423681
0.424879
0.434927
0.408597
0.410359
0.38151
0.408757
0.410268
0.440898
0.422031
0.418893
0.414828
0.405348
0.43957
0.427267
0.430136
0.409249
0.40958
0.423525
0.416833
0.424316
0.443092
0.402424
0.390776
0.392744
0.401535
0.393599
0.382538
0.39233
0.360662
0.369038
0.397539
0.391836
0.389364
0.36006
0.359301
0.364364
0.383383
0.381874
0.412772
0.424121
0.396089
0.391638
0.390574
0.400791
0.400615
0.384427
0.418424
0.420229
0.420002
0.418655
0.400196
0.385715
0.380112
0.39992
0.393933
0.389457
0.409686
0.406222
0.395379
0.409061
0.400825
0.425487
0.418595
0.401238
0.355514
0.357949
0.358612
0.341996
0.342776
0.341579
0.337943
0.350253
0.341819
0.351096
0.360477
0.389067
0.360582
0.383764
0.367901
0.35294
0.346327
0.339877
0.335806
0.345403
0.347794
0.340301
0.343201
0.341462
0.355666
0.346997
0.348172
0.347977
0.34757
0.335623
0.333635
0.348302
0.3423
0.340544
0.347977
0.343532
0.362944
0.37238
0.398645
0.383592
0.37644
0.373954
0.385257
0.376142
0.364924
0.395445
0.371694
0.373556
0.371334
0.376865
0.372673
0.38255
0.381535
0.353612
0.346582
0.345319
0.338187
0.344059
0.347934
0.347206
0.344581
0.351334
0.348844
0.342888
0.346339
0.341451
0.341486
0.347965
0.342812
0.342186
0.347596
0.352817
0.363197
0.371726
0.358877
0.355795
0.35869
0.369672
0.362452
0.392993
0.40083
0.429639
0.386312
0.380076
0.389633
0.401649
0.419146
0.451423
0.429284
0.430433
0.433104
0.417919
0.402397
0.367398
0.372101
0.386364
0.393395
0.364886
0.353611
0.363166
0.35684
0.363358
0.389283
0.406304
0.385413
0.372247
0.372278
0.381948
0.398503
0.415952
0.443124
0.468643
0.4521
0.480653
0.461845
0.523082
0.496088
0.51198
0.39992
0.404099
0.444617
0.426826
0.383251
0.411412
0.470304
0.470553
0.448554
0.448818
0.391163
0.376037
0.369168
0.352789
0.348538
0.342165
0.351679
0.359934
0.355345
0.367912
0.379714
0.375779
0.409395
0.39326
0.388391
0.37802
0.377147
0.405713
0.426889
0.415964
0.409674
0.385109
0.399505
0.385023
0.370866
0.376484
0.373335
0.395836
0.377935
0.360265
0.345169
0.344465
0.348759
0.347528
0.341697
0.341559
0.350541
0.356653
0.381355
0.381697
0.362395
0.347554
0.340922
0.358557
0.354285
0.355672
0.366703
0.408816
0.421102
0.392839
0.408345
0.405633
0.408555
0.384048
0.399551
0.38417
0.404018
0.422471
0.411637
0.406042
0.402406
0.406352
0.386243
0.395954
0.392746
0.403041
0.395821
0.384138
0.38079
0.386381
0.427599
0.39244
0.374536
0.372441
0.408582
0.40934
0.431864
0.461632
0.400188
0.423791
0.377471
0.369191
0.440608
0.383432
0.451399
0.451546
0.449367
0.434119
0.418974
0.40698
0.400664
0.408846
0.458894
0.437572
0.454367
0.454187
0.464907
0.449427
0.4194
0.455928
0.476305
0.470212
0.443277
0.424376
0.391797
0.384165
0.379606
0.375864
0.371307
0.408688
0.386005
0.355988
0.358131
0.348481
0.357224
0.358036
0.361286
0.379219
0.365989
0.356477
0.369643
0.388027
0.407228
0.392514
0.426668
0.435601
0.427861
0.468192
0.447305
0.413743
0.439809
0.468739
0.472474
0.434792
0.447756
0.470961
0.45219
0.461969
0.443626
0.430916
0.429486
0.418118
0.412479
0.427768
0.468922
0.492896
0.485994
0.495911
0.473263
0.46621
0.480789
0.478111
0.492919
0.472106
0.548468
0.561164
0.577529
0.46666
0.414756
0.422022
0.422487
0.440032
0.400541
0.38843
0.428131
0.415997
0.431549
0.406155
0.412937
0.408708
0.4369
0.443455
0.424834
0.426181
0.463445
0.427648
0.417716
0.405101
0.413775
0.420931
0.401618
0.365987
0.369996
0.36664
0.379923
0.366273
0.38176
0.393499
0.39499
0.399787
0.420635
0.482925
0.470485
0.453149
0.479292
0.429806
0.416538
0.446859
0.406543
0.413803
0.448444
0.409785
0.375173
0.357279
0.382698
0.401805
0.386017
0.387603
0.36849
0.384718
0.40622
0.413692
0.406923
0.429068
0.403933
0.40306
0.380506
0.368551
0.362423
0.395072
0.408166
0.380566
0.374951
0.395521
0.423211
0.405355
0.410265
0.421437
0.412255
0.407085
0.415794
0.405916
0.390643
0.423068
0.435552
0.438241
0.422181
0.425583
0.46751
0.46779
0.431936
0.45901
0.483056
0.413389
0.419244
0.452285
0.448336
0.438944
0.472062
0.474319
0.398276
0.422549
0.409162
0.431944
0.409219
0.44729
0.506006
0.494544
0.494591
0.46915
0.429677
0.375033
0.409472
0.531335
0.460866
0.477873
0.435088
0.418373
0.436407
0.447033
0.408699
0.41516
0.448801
0.425131
0.402381
0.439373
0.450214
0.424799
0.409056
0.389282
0.376447
0.414166
0.461309
0.466364
0.464726
0.469662
0.459006
0.467857
0.40717
0.431635
0.441392
0.442663
0.42957
0.391458
0.387293
0.385538
0.380759
0.385998
0.408016
0.387239
0.371945
0.407981
0.441518
0.442942
0.409367
0.445121
0.431537
0.472327
0.440478
0.54651
0.607536
0.600274
0.554818
0.545735
0.535905
0.482357
0.471782
0.535863
0.492511
0.447978
0.425601
0.408986
0.413674
0.418108
0.406675
0.45154
0.465203
0.420238
0.436199
0.455976
0.496919
0.472866
0.468723
0.45459
0.42495
0.414502
0.432288
0.457389
0.469044
0.458263
0.448017
0.421862
0.449437
0.442702
0.446889
0.427758
0.430239
0.437423
0.448787
0.432876
0.466539
0.434768
0.433276
0.449844
0.413281
0.411399
0.420575
0.457564
0.482804
0.481043
0.500357
0.491874
0.497531
0.519786
0.459515
0.406453
0.428281
0.41653
0.407502
0.400487
0.399914
0.44087
0.433449
0.448337
0.487032
0.459741
0.460205
0.424055
0.399053
0.390313
0.414479
0.395859
0.400336
0.445797
0.437352
0.424591
0.429936
0.45887
0.476805
0.50324
0.47979
0.448632
0.386895
0.369207
0.373568
0.357934
0.360603
0.362287
0.369791
0.369663
0.359052
0.363598
0.366777
0.378861
0.397657
0.429628
0.473277
0.467653
0.509018
0.501784
0.477298
0.454991
0.426396
0.462357
0.493853
0.416281
0.437668
0.416992
0.406206
0.44363
0.406936
0.425246
0.450972
0.470704
0.389097
0.364779
0.374522
0.409617
0.433136
0.423399
0.429706
0.433322
0.410038
0.42078
0.437385
0.487333
0.434935
0.423105
0.413848
0.430229
0.494833
0.483882
0.528968
0.549032
0.483321
0.49016
0.489542
0.527309
0.552813
0.586632
0.534178
0.519115
0.498303
0.525183
0.521884
0.483825
0.486059
0.451094
0.491771
0.466052
0.518877
0.468137
0.456813
0.469659
0.452081
0.523733
0.497581
0.494729
0.451182
0.463319
0.45447
0.435301
0.436717
0.431253
0.419485
0.395833
0.427903
0.396631
0.400331
0.41258
0.402637
0.435412
0.430119
0.458106
0.502788
0.524237
0.479236
0.493562
0.443944
0.437175
0.468133
0.444083
0.394906
0.471534
0.433282
0.490917
0.490613
0.439504
0.402676
0.437876
0.408872
0.473542
0.441225
0.421604
0.452062
0.441004
0.438318
0.470124
0.427454
0.438072
0.477658
0.427049
0.434164
0.498426
0.489159
0.479335
0.472953
0.461041
0.401976
0.50463
0.49808
0.484334
0.466734
0.489934
0.505614
0.479878
0.502343
0.480288
0.436683
0.418775
0.493526
0.432687
0.463566
0.475801
0.503056
0.51268
0.4528
0.420649
0.391863
0.3733
0.357743
0.354561
0.364494
0.373852
0.384591
0.412071
0.398929
0.423603
0.443594
0.470581
0.46536
0.43893
0.413404
0.418216
0.42997
0.399158
0.432498
0.377126
0.422685
0.430942
0.432238
0.474125
0.435727
0.454235
0.442102
0.383232
0.437092
0.451824
0.446122
0.443642
0.427349
0.366896
0.394496
0.378885
0.367151
0.376834
0.378444
0.441247
0.467104
0.480066
0.49701
0.509993
0.513196
0.492709
0.53755
0.502093
0.505061
0.510937
0.489503
0.518581
0.49835
0.538899
0.501218
0.562831
0.571748
0.558579
0.528444
0.423474
0.412025
0.364861
0.365927
0.384213
0.413717
0.423708
0.390843
0.372184
0.387366
0.398271
0.397761
0.399828
0.433668
0.406688
0.407043
0.439893
0.401761
0.422041
0.440612
0.411669
0.403145
0.449548
0.436692
0.431294
0.449794
0.422107
0.389544
0.410699
0.432623
0.385702
0.451937
0.432022
0.411531
0.412875
0.385976
0.388071
0.403902
0.399151
0.375102
0.370458
0.367417
0.350978
0.345573
0.349147
0.349504
0.364101
0.385571
0.409831
0.388616
0.35985
0.359083
0.354804
0.373586
0.394768
0.408029
0.420146
0.414661
0.435147
0.442997
0.376246
0.370714
0.36262
0.371139
0.359546
0.355623
0.360102
0.378391
0.38193
0.358913
0.366032
0.355822
0.369477
0.4146
0.421623
0.434327
0.458658
0.419708
0.441916
0.440163
0.479015
0.439819
0.429652
0.440444
0.437312
0.412776
0.397801
0.379417
0.376008
0.360625
0.373158
0.385277
0.379555
0.385857
0.380758
0.397592
0.375597
0.429783
0.431501
0.440002
0.433408
0.422563
0.410381
0.359677
0.360632
0.393122
0.393814
0.417454
0.414744
0.400324
0.386194
0.364835
0.347652
0.346144
0.349247
0.3415
0.345265
0.356433
0.343938
0.362337
0.349791
0.366317
0.392945
0.382976
0.359293
0.349536
0.355867
0.377295
0.359482
0.398854
0.440181
0.387419
0.438195
0.404161
0.439903
0.454676
0.419571
0.410955
0.44974
0.458243
0.50645
0.488222
0.531387
0.607006
0.577035
0.583138
0.53888
0.532845
0.563898
0.547882
0.535878
0.535816
0.525819
0.505706
0.476505
0.488862
0.531616
0.518577
0.461495
0.432031
0.503687
0.527687
0.526146
0.489696
0.443839
0.483358
0.525555
0.485563
0.525588
0.46784
0.501536
0.456814
0.506985
0.504376
0.529497
0.525417
0.544822
0.542678
0.528365
0.439984
0.406283
0.40249
0.414011
0.404973
0.41854
0.41581
0.409918
0.391035
0.42053
0.423044
0.456078
0.498029
0.455214
0.453737
0.439162
0.423176
0.437005
0.451055
0.505196
0.484934
0.454172
0.442727
0.504517
0.52184
0.461828
0.413506
0.430065
0.483391
0.523342
0.505255
0.465923
0.472197
0.511075
0.487355
0.479685
0.524071
0.432046
0.477384
0.413217
0.450497
0.533204
0.52771
0.476221
0.50623
0.498157
0.505229
0.489746
0.529568
0.519226
0.532823
0.516607
0.509006
0.471466
0.430669
0.445528
0.449256
0.45655
0.50976
0.475325
0.530991
0.49633
0.45934
0.438371
0.442237
0.461259
0.500666
0.442407
0.480912
0.440804
0.455511
0.444495
0.472285
0.452738
0.478163
0.426188
0.448209
0.435205
0.412658
0.388726
0.373667
0.367012
0.376761
0.381937
0.395795
0.392419
0.396544
0.408458
0.380129
0.389869
0.385648
0.388691
0.395303
0.396521
0.367108
0.379194
0.387703
0.38778
0.416464
0.396244
0.438686
0.455046
0.420443
0.421359
0.438785
0.421783
0.42092
0.418264
0.419575
0.393739
0.427122
0.455161
0.443482
0.432444
0.475208
0.473509
0.414648
0.482055
0.479176
0.496064
0.467087
0.473795
0.444347
0.45051
0.46854
0.452027
0.497821
0.46192
0.483181
0.452276
0.461951
0.459299
0.408754
0.389946
0.428143
0.444584
0.433572
0.427912
0.414092
0.434033
0.462549
0.46602
0.472543
0.426746
0.438448
0.503718
0.442332
0.457487
0.466013
0.470209
0.488203
0.451296
0.46384
0.506769
0.470222
0.468874
0.464426
0.42211
0.399917
0.421493
0.434297
0.399848
0.388307
0.373067
0.392581
0.445025
0.478759
0.492028
0.484132
0.459802
0.461434
0.464602
0.433064
0.430401
0.442437
0.500057
0.537526
0.58369
0.555711
0.585898
0.540359
0.388055
0.404384
0.362323
0.375398
0.377623
0.361434
0.351316
0.364224
0.40539
0.37262
0.35235
0.350184
0.347608
0.348452
0.35783
0.346926
0.348128
0.347332
0.351371
0.342716
0.360019
0.347244
0.354841
0.366587
0.397428
0.390751
0.376963
0.361632
0.362248
0.370376
0.3942
0.395589
0.37321
0.365833
0.394447
0.438312
0.43967
0.438749
0.441253
0.426032
0.434354
0.44443
0.419468
0.406836
0.448464
0.461228
0.42673
0.42433
0.417132
0.425247
0.438291
0.429192
0.416265
0.409178
0.452179
0.487924
0.496454
0.495987
0.526507
0.500575
0.54636
0.517268
0.532295
0.502373
0.478989
0.412456
0.462356
0.479854
0.485103
0.487577
0.559049
0.500218
0.502998
0.459686
0.454177
0.49694
0.51137
0.488817
0.476326
0.476506
0.441347
0.44892
0.460432
0.467934
0.46345
0.383959
0.449853
0.487654
0.444832
0.514006
0.47765
0.466559
0.453579
0.450833
0.437392
0.443462
0.423019
0.408019
0.448194
0.47404
0.452159
0.493537
0.52225
0.538664
0.51913
0.488005
0.518074
0.483919
0.449316
0.435122
0.491655
0.500863
0.501913
0.503882
0.526233
0.468118
0.50817
0.523466
0.485554
0.500076
0.52712
0.501614
0.477309
0.447636
0.517764
0.506056
0.503052
0.54081
0.543765
0.502695
0.477581
0.480275
0.463061
0.437823
0.426646
0.409392
0.376084
0.372196
0.378587
0.392563
0.397959
0.413355
0.389207
0.388326
0.396402
0.421451
0.461075
0.427252
0.389655
0.392715
0.390124
0.390294
0.413577
0.407282
0.409352
0.373999
0.381412
0.397599
0.40045
0.410184
0.417653
0.418885
0.415986
0.417399
0.431499
0.433061
0.414704
0.389395
0.373775
0.373483
0.40558
0.368378
0.389933
0.419784
0.425984
0.399617
0.396067
0.367277
0.369
0.356576
0.36459
0.367082
0.366173
0.356835
0.364786
0.368781
0.393186
0.398852
0.380377
0.362473
0.350477
0.364023
0.354535
0.3583
0.363665
0.368553
0.367901
0.357202
0.375107
0.385508
0.385772
0.39349
0.401922
0.441265
0.48592
0.471057
0.417768
0.428118
0.388208
0.388663
0.376118
0.390196
0.397567
0.415396
0.403634
0.38461
0.39475
0.417694
0.441052
0.442704
0.435252
0.485704
0.468069
0.40589
0.399004
0.397438
0.397073
0.426083
0.461898
0.417314
0.428982
0.407864
0.396097
0.388692
0.398488
0.38505
0.384905
0.390548
0.386046
0.407111
0.388429
0.38171
0.4251
0.385342
0.383082
0.371522
0.386132
0.401702
0.461919
0.46102
0.398795
0.420129
0.419318
0.450696
0.450504
0.402893
0.382062
0.399297
0.413529
0.386439
0.39211
0.386288
0.383286
0.399917
0.390334
0.378827
0.369898
0.366436
0.368732
0.372804
0.372998
0.359826
0.36171
0.362189
0.361036
0.36048
0.360174
0.362798
0.3687
0.370328
0.367332
0.357854
0.357674
0.360714
0.360148
0.355419
0.356187
0.360011
0.362676
0.360119
0.364767
0.36292
0.358816
0.35723
0.358792
0.365196
0.379544
0.366968
0.382489
0.367487
0.365881
0.358759
0.358522
0.389
0.407492
0.421968
0.392087
0.404201
0.404383
0.409337
0.416145
0.380331
0.371331
0.374497
0.375334
0.38254
0.426576
0.419009
0.373107
0.371388
0.394439
0.406256
0.398663
0.393578
0.384636
0.389897
0.396518
0.372444
0.368172
0.3641
0.363505
0.387683
0.411068
0.365241
0.370732
0.377889
0.390507
0.417672
0.431282
0.450977
0.412236
0.405626
0.36554
0.363919
0.36838
0.384824
0.404378
0.397012
0.37269
0.368687
0.362789
0.360054
0.359279
0.357283
0.35202
0.357786
0.388319
0.392297
0.478332
0.407647
0.392149
0.391909
0.39173
0.389616
0.412777
0.412138
0.398153
0.413079
0.422038
0.413845
0.408946
0.412105
0.402188
0.387742
0.377428
0.394803
0.380921
0.399591
0.397058
0.389209
0.381166
0.380337
0.370354
0.375573
0.364552
0.363155
0.372457
0.380783
0.384086
0.367329
0.368635
0.379048
0.389472
0.388812
0.415435
0.428291
0.434924
0.432169
0.417948
0.402133
0.425186
0.49218
0.546204
0.501596
0.393032
0.394789
0.368227
0.359925
0.372037
0.401506
0.414505
0.390049
0.420608
0.41739
0.419982
0.400026
0.422477
0.380886
0.389392
0.389262
0.384189
0.395024
0.382716
0.374586
0.384491
0.392504
0.380692
0.393369
0.396486
0.393164
0.395099
