0.523609
0.485482
0.47321
0.482068
0.480135
0.474862
0.457825
0.455068
0.451184
0.411404
0.435671
0.402446
0.398315
0.361658
0.376935
0.362494
0.386218
0.400259
0.373602
0.360697
0.394077
0.41752
0.411972
0.441339
0.441646
0.415725
0.404306
0.391898
0.404734
0.40915
0.348312
0.351234
0.39095
0.463595
0.416161
0.394212
0.389742
0.431537
0.442536
0.413718
0.391726
0.415126
0.436508
0.432578
0.405748
0.410269
0.423235
0.436264
0.386088
0.397404
0.432334
0.369711
0.381883
0.399229
0.404421
0.435684
0.375576
0.37176
0.431696
0.405919
0.419255
0.421662
0.39416
0.412578
0.428636
0.418883
0.379451
0.360953
0.375483
0.373615
0.385104
0.364522
0.383856
0.401869
0.383066
0.358292
0.368817
0.359186
0.391408
0.403683
0.381073
0.377203
0.436666
0.393389
0.415448
0.45384
0.493812
0.386914
0.41559
0.458651
0.383614
0.381834
0.382314
0.395271
0.423515
0.440689
0.478346
0.424501
0.398574
0.398945
0.405552
0.368079
0.349362
0.357466
0.373075
0.37261
0.382414
0.377957
0.414667
0.465463
0.408219
0.413958
0.384227
0.377202
0.379625
0.387484
0.348434
0.382627
0.36822
0.384418
0.431153
0.382391
0.443215
0.491696
0.47527
0.392243
0.379676
0.400352
0.350846
0.369237
0.400281
0.38894
0.359817
0.348667
0.369785
0.387174
0.380663
0.388858
0.368889
0.360697
0.377174
0.366863
0.383864
0.35279
0.378204
0.366758
0.356446
0.352088
0.389175
0.384888
0.394273
0.370417
0.357724
0.374564
0.370886
0.361346
0.399809
0.407355
0.467343
0.412401
0.397193
0.381192
0.353092
0.349028
0.404955
0.390057
0.376056
0.391434
0.383859
0.393887
0.40101
0.40505
0.373186
0.361144
0.367102
0.373593
0.355036
0.366986
0.38746
0.372985
0.376197
0.378135
0.439976
0.433964
0.407972
0.420301
0.411531
0.411493
0.3641
0.415156
0.451908
0.479684
0.433525
0.409818
0.419753
0.403471
0.39706
0.434812
0.463483
0.444607
0.425718
0.380177
0.364538
0.359093
0.377721
0.366364
0.383556
0.3905
0.354759
0.363191
0.391736
0.399127
0.374982
0.367149
0.368434
0.381259
0.398772
0.376608
0.387631
0.404592
0.422539
0.405072
0.449606
0.506184
0.400552
0.359134
0.370437
0.40631
0.417168
0.403983
0.397415
0.430632
0.403529
0.413215
0.432079
0.473054
0.366796
0.354272
0.372827
0.3786
0.481831
0.401246
0.372386
0.367298
0.358882
0.380882
0.430597
0.399615
0.425839
0.38317
0.450636
0.468114
0.420155
0.434769
0.390394
0.419567
0.427142
0.407937
0.405046
0.408392
0.400167
0.389143
0.384156
0.387603
0.376603
0.374
0.362755
0.367692
0.407736
0.406851
0.37108
0.35078
0.374739
0.400023
0.408945
0.41898
0.412691
0.524777
0.400842
0.381908
0.368306
0.393643
0.367102
0.365881
0.418306
0.421816
0.398339
0.381673
0.397387
0.394808
0.42509
0.439937
0.42323
0.374408
0.410154
0.426176
0.41504
0.446859
0.501199
0.546957
0.429326
0.406061
0.4308
0.391031
0.400839
0.411555
0.416268
0.421942
0.354978
0.374709
0.375982
0.448626
0.417745
0.438736
0.405245
0.389774
0.419044
0.446568
0.412738
0.399551
0.415593
0.435027
0.450273
0.489583
0.496292
0.415513
0.419352
0.421671
0.363699
0.374387
0.408641
0.37134
0.420031
0.401652
0.487341
0.5034
0.45579
0.409542
0.383889
0.367451
0.390505
0.369683
0.371998
0.407742
0.447828
0.435223
0.425281
0.438764
0.448389
0.422173
0.395393
0.370963
0.380945
0.389443
0.382379
0.456161
0.456169
0.37206
0.394569
0.386706
0.367157
0.360196
0.351044
0.370719
0.406188
0.394228
0.417495
0.4583
0.451209
0.460416
0.446582
0.47952
0.413596
0.421649
0.410689
0.377387
0.396315
0.402759
0.404585
0.347826
0.358411
0.345467
0.356362
0.376289
0.35803
0.345546
0.358186
0.406381
0.395601
0.375685
0.46798
0.420585
0.377105
0.385448
0.392551
0.3513
0.366501
0.402859
0.397707
0.406446
0.416008
0.436465
0.418016
0.368579
0.409812
0.451053
0.454958
0.49586
0.419291
0.42522
0.411432
0.403373
0.433036
0.38674
0.393677
0.406933
0.435668
0.442378
0.450853
0.442012
0.429132
0.438965
0.408032
0.426146
0.52935
0.439314
0.449
0.439768
0.452479
0.441287
0.426221
0.398716
0.422849
0.442118
0.416717
0.442013
0.524503
0.490259
0.468816
0.415588
0.473954
0.43957
0.447909
0.468016
0.470689
0.447803
0.405187
0.420187
0.439227
0.419959
0.523891
0.394364
0.412609
0.415513
0.367826
0.387886
0.381964
0.403185
0.419984
0.397184
0.39928
0.352165
0.378308
0.445441
0.549431
0.49198
0.502679
0.437911
0.467289
0.489221
0.484061
0.489094
0.478075
0.453962
0.391993
0.387258
0.423167
0.450101
0.442391
0.450695
0.460534
0.434266
0.504127
0.378991
0.350083
0.374107
0.419325
0.427356
0.503244
0.477963
0.472161
0.456256
0.476033
0.491466
0.505154
0.436082
0.406791
0.395499
0.41074
0.390992
0.371848
0.364144
0.419175
0.406736
0.429283
0.396957
0.426439
0.394063
0.368253
0.362847
0.359654
0.366547
0.394923
0.388351
0.388013
0.39202
0.390334
0.376112
0.403651
0.398517
0.376949
0.396028
0.445859
0.380928
0.401452
0.387897
0.395272
