0.50398
0.479312
0.474469
0.455243
0.435633
0.403095
0.372623
0.374908
0.387165
0.372684
0.422011
0.428708
0.39812
0.406654
0.349748
0.427502
0.405192
0.410742
0.428169
0.403345
0.435383
0.401617
0.431747
0.397845
0.393752
0.394164
0.406427
0.40933
0.416459
0.402823
0.42682
0.363315
0.376888
0.37417
0.398779
0.360597
0.3726
0.397906
0.403449
0.400546
0.474268
0.405079
0.411692
0.39028
0.413499
0.455489
0.404765
0.389167
0.358947
0.377527
0.39639
0.436773
0.398953
0.378499
0.367788
0.375652
0.407817
0.412876
0.471148
0.389299
0.363902
0.386285
0.359925
0.388655
0.371278
0.369291
0.374194
0.365885
0.356811
0.382615
0.382942
0.366362
0.368146
0.402166
0.43827
0.377708
0.369116
0.384085
0.389692
0.401961
0.36135
0.366721
0.37465
0.375946
0.411502
0.414419
0.419654
0.392269
0.461931
0.421313
0.407348
0.43412
0.443979
0.368212
0.373034
0.382051
0.361082
0.395921
0.371533
0.382498
0.382972
0.412445
0.427737
0.44558
0.371653
0.410047
0.414127
0.415349
0.412676
0.365642
0.43154
0.377732
0.363971
0.415956
0.40438
0.458182
0.427409
0.405076
0.417424
0.405055
0.387572
0.375292
0.370217
0.396048
0.375627
0.376286
0.414547
0.466612
0.38717
0.382156
0.379625
0.402431
0.396163
0.432317
0.398862
0.41843
0.4311
0.524295
0.421933
0.40316
0.414959
0.364796
0.412573
0.428058
0.397613
0.432867
0.40616
0.425181
0.470062
0.456156
0.420444
0.369084
0.389954
0.430913
0.4716
0.386061
0.37524
0.383532
0.444463
0.428484
0.435266
0.383159
0.387466
0.450919
0.383387
0.369715
0.357799
0.395115
0.431432
0.45266
0.464413
0.417341
0.391605
0.401787
0.371651
0.34459
0.372438
0.34909
0.399626
0.418469
0.396825
0.386986
0.367737
0.396658
0.421572
0.40556
0.422869
0.47376
0.422226
0.407482
0.409849
0.400186
0.439108
0.446426
0.434055
0.417136
0.484209
0.44453
0.44056
0.410885
0.429296
0.483499
0.479556
0.444735
0.443816
0.469303
0.42657
0.429563
0.484458
0.400963
0.379584
0.412434
0.385396
0.406834
0.520947
0.462074
0.486675
0.483566
0.416408
0.435375
0.455605
0.469185
0.364687
0.396837
0.465471
0.475231
0.466217
0.498174
0.418772
0.401118
0.374746
0.402578
0.413743
0.381073
0.361107
0.381786
0.387222
0.391433
0.390383
0.38741
0.421132
0.391099
0.391484
