0.507856
0.548292
0.592727
0.571037
0.584454
0.491829
0.483722
0.447012
0.491332
0.551408
0.473971
0.491374
0.45361
0.432733
0.499944
0.493967
0.443795
0.515689
0.505876
0.49809
0.459469
0.440127
0.428486
0.491682
0.478098
0.502773
0.490069
0.516539
0.489838
0.492376
0.490308
0.468465
0.475207
0.438535
0.487
0.496844
0.494007
0.452907
0.476531
0.469629
0.478205
0.471128
0.489898
0.480085
0.499561
0.45334
0.462699
0.461776
0.478986
0.478455
0.475986
0.470609
0.482158
0.471224
0.469387
0.45257
0.439926
0.450225
0.422621
0.448498
0.488388
0.477665
0.474531
0.463943
0.448214
0.448876
0.449754
0.450686
0.446834
0.487111
0.411345
0.442636
0.47915
0.463055
0.470473
0.442875
0.425636
0.475879
0.430572
0.464509
0.441565
0.417004
0.385556
0.371059
0.413739
0.38736
0.414423
0.417132
0.430103
0.470705
0.465904
0.49308
0.461788
0.416285
0.393441
0.403951
0.416055
0.401024
0.41504
0.416638
0.410032
0.394834
0.375286
0.402984
0.398261
0.419066
0.390235
0.403738
0.405217
0.407859
0.40602
0.401345
0.371925
0.386467
0.381475
0.421043
0.402211
0.373164
0.36837
0.353864
0.378574
0.378347
0.35994
0.343764
0.351197
0.351167
0.353504
0.352915
0.373678
0.372596
0.386278
0.382944
0.383933
0.390417
0.388093
0.367293
0.352942
0.357908
0.350054
0.352108
0.373908
0.365424
0.363608
0.365515
0.379221
0.374901
0.405323
0.398848
0.3684
0.380962
0.400909
0.386881
0.374196
0.379441
0.391172
0.398975
0.381976
0.403151
0.402379
0.398162
0.397901
0.387357
0.438294
0.40301
0.411602
0.383689
0.364152
0.375157
0.364742
0.345348
0.360039
0.367288
0.371591
0.38221
0.388305
0.378423
0.372096
0.348021
0.350257
0.348019
0.350217
0.351311
0.341417
0.344724
0.351296
0.363529
0.379333
0.387428
0.400141
0.456458
0.467588
0.47316
0.387753
0.415921
0.446704
0.438128
0.412338
0.395409
0.422596
0.38953
0.425289
0.408699
0.435932
0.42005
0.401872
0.376757
0.387688
0.41687
0.408768
0.42611
0.411642
0.416707
0.436255
0.448002
0.455931
0.440678
0.411283
0.415883
0.479849
0.459983
0.492973
0.45693
0.494934
0.510504
0.434329
0.420287
0.384221
0.388696
0.387789
0.466164
0.426996
0.466489
0.410675
0.414219
0.38386
0.378391
0.369067
0.413558
0.42332
0.419931
0.39972
0.411785
0.424124
0.407271
0.401228
0.382971
0.385272
0.373006
0.380273
0.405999
0.382379
0.384858
0.384109
0.401201
0.380048
0.399795
0.431268
0.400351
0.389935
0.414269
0.401241
0.39198
0.408196
0.414799
0.399204
0.416136
0.433282
0.436105
0.416279
0.418646
0.416708
0.403089
0.39968
0.396703
0.383918
0.364072
0.370006
0.357459
0.361554
0.344661
0.340667
0.340704
0.339046
0.332937
0.340108
0.341957
0.346901
0.357328
0.37248
0.367004
0.352855
0.341899
0.339553
0.344214
0.34518
0.353603
0.353371
0.378303
0.355462
0.356333
0.364636
0.414477
0.423641
0.504446
0.474632
0.458419
0.462812
0.462941
0.46978
0.466231
0.485201
0.448238
0.453867
0.402205
0.423184
0.435499
0.400632
0.429665
0.397889
0.430456
0.405326
0.434035
0.423155
0.428816
0.40514
0.412599
0.41018
0.374259
0.373306
0.358274
0.368609
0.388739
0.365854
0.385592
0.381748
0.37084
0.395667
0.392482
0.406791
0.384892
0.403764
0.403361
0.434051
0.442455
0.429579
0.38227
0.449319
0.451139
0.457551
0.403915
0.503159
0.49248
0.450656
0.423825
0.456581
0.435124
0.423147
0.418452
0.419515
0.412945
0.402655
0.414999
0.443902
0.42969
0.427284
0.426373
0.419805
0.37233
0.390982
0.360987
0.368892
0.387628
0.398078
0.397854
0.393953
0.411912
0.400094
0.400136
0.396222
0.417556
0.438738
0.442427
0.402702
0.426117
0.432725
0.379872
0.396818
0.432035
0.447472
0.464682
0.459935
0.444158
0.467102
0.466121
0.39939
0.379962
0.39349
0.410995
0.391738
0.425102
0.40094
0.415792
0.459353
0.431687
0.451805
0.499406
0.470797
0.431188
0.448775
0.400132
0.387342
0.355114
0.355148
0.387765
0.400475
0.434136
0.436246
0.399807
0.382411
0.401769
0.385816
0.390458
0.420412
0.437764
0.451249
0.401733
0.376697
0.364671
0.393347
0.463083
0.43364
0.392235
0.489859
0.423335
0.451585
0.485862
0.467412
0.398314
0.464312
0.438296
0.427015
0.438921
0.421294
0.44298
0.394991
0.395726
0.406649
0.403211
0.382494
0.367968
0.351402
0.363782
0.394121
0.399886
0.397365
0.413294
0.428872
0.389831
0.397823
0.380269
0.347663
0.364878
0.43321
0.418911
0.488911
0.397894
0.397935
0.418291
0.417721
0.435621
0.437013
0.45372
0.452795
0.40429
0.405371
0.385754
0.366293
0.358623
0.356574
0.354775
0.350997
0.360963
0.362299
0.388197
0.397219
0.414136
0.398407
0.392973
0.382984
0.358624
0.355189
0.354087
0.370734
0.383137
0.377325
0.416427
0.427317
0.404327
0.419731
0.422201
0.371418
0.380341
0.406804
0.430624
0.43825
0.411251
0.391606
0.375955
0.388056
0.3974
0.400684
0.415006
0.423635
0.438259
0.457003
0.448577
0.442406
0.370727
0.472997
0.420895
0.471365
0.424587
0.396155
0.368946
0.365404
0.348302
0.350374
0.34609
0.365676
0.385537
0.38375
0.39349
0.363191
0.356979
0.355729
0.346689
0.35742
0.356726
0.388449
0.409741
0.470334
0.461626
0.415298
0.424936
0.416979
0.421907
0.442547
0.483026
0.421298
0.427969
0.429427
0.41048
0.41313
0.436735
0.446028
0.428957
0.416659
0.395321
0.36964
0.355629
0.377164
0.412226
0.440144
0.438233
0.418132
0.387593
0.382482
0.399285
0.437763
0.454784
0.424989
0.437562
0.425003
0.442723
0.42031
0.384935
0.374039
0.357101
0.364802
0.36022
0.369337
0.401879
0.409868
0.434327
0.456311
0.39884
0.495743
0.502856
0.433269
0.433188
0.379114
0.35231
0.362663
0.386172
0.3896
0.359886
0.370128
0.393277
0.474077
0.452448
0.456169
0.466729
0.411737
0.437034
0.462132
0.41434
0.421174
0.387702
0.404483
0.421734
0.424968
0.391279
0.407651
0.417086
0.380516
0.373856
0.377243
0.379345
0.36315
0.358164
0.351437
0.344445
0.352316
0.350783
0.356543
0.365166
0.362003
0.377844
0.379831
0.362981
0.355634
0.350484
0.357611
0.372368
0.382355
0.366636
0.410096
0.393377
0.376365
0.381823
0.387769
0.392334
0.409442
0.389078
0.375473
0.357936
0.355361
0.347567
0.341422
0.35784
0.382364
0.367837
0.385538
0.388178
0.414748
0.389437
0.389502
0.391441
0.38097
0.361738
0.370724
0.351997
0.355827
0.363584
0.362631
0.36818
0.358554
0.368461
0.352889
0.361131
0.370691
0.399727
0.395035
0.391271
0.38785
0.399374
0.409291
0.400369
0.415681
0.414357
0.405109
0.407238
0.399209
0.405917
0.383956
0.413966
0.388174
0.397059
0.392415
0.388998
0.382007
0.378497
0.369426
0.363017
0.360265
0.361652
0.374743
0.367969
0.37781
0.366841
0.344691
0.34065
0.344708
0.345497
0.365072
0.368137
0.35253
0.360451
0.350326
0.355588
0.375021
0.383908
0.391074
0.395759
0.38216
0.353664
0.340325
0.340153
0.341627
0.337761
0.356899
0.381257
0.3864
0.384567
0.412654
0.38036
0.364556
0.367313
0.395114
0.395801
0.410307
0.407131
0.418939
0.420093
0.394283
0.40778
0.401613
0.375051
0.376009
0.431289
0.405232
0.39884
0.410505
0.420004
0.374434
0.36342
0.368891
0.371828
0.357551
0.358087
0.347521
0.349681
0.364298
0.362685
0.35597
0.375938
0.388944
0.402933
0.432063
0.446381
0.412747
0.482748
0.461738
0.491573
0.488003
0.40085
0.38382
0.386618
0.38933
0.401159
0.406898
0.388487
0.421136
0.404113
0.378207
0.373882
0.370545
0.393564
0.405495
0.405969
0.374102
0.382968
0.409775
0.411487
0.430358
0.456641
0.464101
0.484895
0.458186
0.439615
0.426143
0.445771
0.456858
0.470755
0.455572
0.454637
0.462235
0.474833
0.472548
0.498353
0.499544
0.490023
0.550155
0.494017
0.509837
0.373112
0.362371
0.363896
0.374825
0.372322
0.39649
0.391725
0.393191
0.4199
0.424235
0.385355
0.369524
0.373604
0.381331
0.392219
0.43628
0.440168
0.466855
0.481323
0.475392
0.444625
0.428262
0.429486
0.52448
0.509652
0.456645
0.481522
0.437044
0.399664
0.424409
0.403056
0.365646
0.387748
0.370458
0.365324
0.380843
0.386859
0.364691
0.367188
0.363617
0.36556
0.384693
0.404513
0.397949
0.377077
0.387684
0.385806
0.382401
0.381854
0.400967
0.375364
0.37535
0.368031
0.361637
0.374337
0.389296
0.395877
0.41575
0.427933
0.434981
0.383566
0.402883
0.369349
0.358071
0.363994
0.385481
0.414708
0.42822
0.449367
0.446487
0.434669
0.395357
0.417013
0.416414
0.397538
0.422985
0.450625
0.434924
0.416608
0.418751
0.439233
0.445576
0.433189
0.449404
0.46181
0.458788
0.463957
0.497057
0.48887
0.518746
0.475706
0.420049
0.484697
0.50016
0.473056
0.438163
0.428595
0.420304
0.411116
0.421044
0.396277
0.426062
0.407844
0.443025
0.432491
0.392346
0.406599
0.384047
0.385599
0.403725
0.406864
0.402233
0.39021
0.390473
0.411115
0.404728
0.39957
0.398973
0.423881
0.394157
0.391881
0.380637
0.386105
0.405684
0.397442
0.374123
0.380723
0.412857
0.429741
0.449381
0.42455
0.41226
0.379157
0.369333
0.399687
0.391101
0.360373
0.3568
0.359938
0.362472
0.361683
0.352649
0.348985
0.347007
0.3493
0.359403
0.36344
0.355216
0.337419
0.342107
0.341854
0.346968
0.343973
0.341513
0.349099
0.3571
0.359043
0.365212
0.35825
0.350216
0.352179
0.371385
0.358021
0.342018
0.345171
0.34837
0.355159
0.356361
0.370296
0.379634
0.374043
0.383387
0.39511
0.377705
0.389961
0.392976
0.365871
0.351124
0.343757
0.34716
0.354887
0.3547
0.36264
0.367342
0.370545
0.379697
0.392834
0.381163
0.390389
0.378517
0.354022
0.368547
0.374939
0.395454
0.382958
0.40554
0.393358
0.399655
0.362883
0.363852
0.384773
0.372978
0.369896
0.368917
0.364497
0.373481
0.397218
0.415999
0.39797
0.391943
0.380231
0.391065
0.404734
0.445161
0.46119
0.419053
0.438385
0.420668
0.448306
0.47494
0.492228
0.489098
0.447721
0.491757
0.487604
0.449719
0.386301
0.386367
0.390823
0.391304
0.385244
0.415179
0.441202
0.433758
0.446462
0.410139
0.403436
0.404106
0.392079
0.409464
0.42019
0.439514
0.416293
0.424651
0.407652
0.430153
0.416129
0.383533
0.405163
0.391868
0.372058
0.351958
0.347565
0.352368
0.370028
0.349104
0.364816
0.355494
0.361709
0.388406
0.400748
0.389309
0.403615
0.391673
0.369057
0.364499
0.382757
0.373784
0.377464
0.365545
0.382916
0.400984
0.400731
0.390283
0.39098
0.376115
0.377089
0.389197
0.396276
0.403362
0.384993
0.378668
0.360745
0.354076
0.340838
0.344397
0.352894
0.346233
0.341379
0.35183
0.342358
0.355115
0.365017
0.370197
0.36165
0.361049
0.388163
0.407715
0.406085
0.398058
0.394142
0.402963
0.373776
0.359665
0.353383
0.358165
0.351787
0.355194
0.352973
0.382053
0.413216
0.375864
0.375008
0.385844
0.406716
0.372998
0.378199
0.370216
0.394749
0.380647
0.405533
0.431924
0.479676
0.452279
0.412482
0.428895
0.435915
0.435618
0.410973
0.415012
0.384798
0.386897
0.375784
0.37776
0.367483
0.369176
0.36784
0.374845
0.397851
0.403646
0.466172
0.45329
0.444891
0.491101
0.439287
0.426964
0.443678
0.429824
0.553171
0.570204
0.492272
0.492207
0.504063
0.501484
0.455225
0.436101
0.463769
0.508591
0.489761
0.528522
0.510317
0.531211
0.457638
0.442012
0.400122
0.39697
0.368855
0.372309
0.394894
0.394889
0.390807
0.392479
0.393086
0.413345
0.405179
0.402753
0.426527
0.377497
0.375329
0.360785
0.366434
0.362376
0.38037
0.375288
0.376764
0.388016
0.37766
0.370995
0.39772
0.417508
0.41894
0.445418
0.424413
0.385254
0.379503
0.354519
0.356639
0.348996
0.343063
0.348537
0.356776
0.355091
0.34756
0.351139
0.346255
0.347981
0.347453
0.345332
0.342863
0.346346
0.357544
0.366449
0.376151
0.414727
0.423006
0.414998
0.404974
0.423245
0.431664
0.41757
0.40461
0.405931
0.375061
0.357121
0.358296
0.358121
0.359247
0.352637
0.349509
0.36437
0.366883
0.380391
0.392237
0.407483
0.416941
0.391983
0.407976
0.420042
0.396776
0.392041
0.39826
0.427151
0.405327
0.366102
0.35786
0.342736
0.347339
0.347406
0.351119
0.354601
0.354472
0.360028
0.347699
0.342269
0.340821
0.348899
0.345956
0.342882
0.346134
0.356333
0.375784
0.368906
0.368143
0.354136
0.349789
0.383582
0.392819
0.366801
0.362238
0.380317
0.37421
0.371888
0.373507
0.394672
0.404018
0.402433
0.411959
0.417951
0.385879
0.395187
0.366395
0.355491
0.374015
0.355675
0.383386
0.391283
0.415166
0.411485
0.3961
0.378589
0.381657
0.374047
0.366299
0.373701
0.397182
0.392107
0.405871
0.389133
0.382236
0.361515
0.355359
0.35228
0.349576
0.358511
0.341256
0.345456
0.362702
0.377105
0.370998
0.372674
0.360672
0.352274
0.355834
0.355653
0.365444
0.4063
0.382746
0.387668
0.366702
0.363406
0.36971
0.368183
0.385153
0.371838
0.356835
0.35191
0.367846
0.368301
0.367172
0.363276
0.366175
0.387999
0.402046
0.385286
0.391123
0.398031
0.387944
0.358222
0.353905
0.39169
0.388277
0.368344
0.364729
0.362577
0.345527
0.340071
0.345946
0.343074
0.341937
0.357375
0.382405
0.381072
0.377264
0.363828
0.371599
0.378414
0.384291
0.370418
0.379536
0.390691
0.361312
0.359085
0.353083
0.35423
0.349298
0.358328
0.374373
0.386972
0.413942
0.371383
0.357554
0.351438
0.344141
0.344416
0.361016
0.342674
0.347263
0.344646
0.346993
0.345926
0.344165
0.336624
0.348819
0.35028
0.355889
0.359229
0.385269
0.412811
0.423413
0.399926
0.39533
0.377919
0.366852
0.365614
0.376319
0.384032
0.373062
0.374181
0.396609
0.402476
0.375289
0.375557
0.402945
0.38996
0.375567
0.360138
0.376195
0.365471
0.396083
0.408954
0.412062
0.39606
0.427886
0.406584
0.382354
0.380286
0.370581
0.365483
0.359235
0.359224
0.354379
0.367976
0.392884
0.391353
0.371845
0.353305
0.342129
0.34493
0.339009
0.354543
0.375083
0.361878
0.354578
0.405027
0.385058
0.358491
0.350712
0.350522
0.358802
0.368314
0.398905
0.392749
0.403166
0.369848
0.345256
0.353609
0.354882
0.367327
0.393996
0.383676
0.366477
0.359582
0.359277
0.357268
0.375518
0.364725
0.378813
0.350735
0.350007
0.354846
0.35888
0.354885
0.369847
0.378749
0.389394
0.38579
0.421729
0.433753
0.432059
0.434311
0.421223
0.407226
0.423076
0.40568
0.386935
0.413444
0.387795
0.389583
0.42973
0.517359
0.5486
0.520118
0.472765
0.450563
0.444415
0.430081
0.402663
0.398555
0.425606
0.415617
0.449061
0.420371
0.406126
0.399254
0.383243
0.394237
0.408112
0.43363
0.441729
0.398471
0.37226
0.356889
0.352807
0.385238
0.413864
0.436584
0.3985
0.396372
0.397835
0.441042
0.420926
0.362814
0.356787
0.349525
0.346825
0.349966
0.353304
0.358483
0.354201
0.353979
0.354549
0.351638
0.353611
0.349161
0.347389
0.352182
0.348072
0.344381
0.345814
0.348341
0.349494
0.345595
0.348472
0.353128
0.375659
0.429665
0.434884
0.410656
0.391996
0.388487
0.415237
0.396972
0.391634
0.389434
0.380991
0.40485
0.411148
0.414569
0.375535
0.368981
0.374374
0.393308
0.374789
0.370901
0.380957
0.424271
0.381832
0.36167
0.362652
0.353143
0.368625
0.370047
0.349185
0.349474
0.371086
0.385485
0.384423
0.40796
0.405702
0.391739
0.419512
0.407103
0.409318
0.379454
0.379695
0.385527
0.369221
0.370403
0.391196
0.385158
0.410137
0.396453
0.391016
0.358607
0.373784
0.372599
0.371509
0.387845
0.391539
0.391873
0.388553
0.392252
0.399643
0.416083
0.39057
0.407988
0.40516
0.410867
0.402726
0.410827
0.407854
0.38304
0.394129
0.41826
0.420081
0.397033
0.380247
0.419288
0.39897
0.421719
0.400883
0.409052
0.377693
0.389951
0.38087
0.363931
0.361933
0.354169
0.343465
0.34166
0.34745
0.357246
0.368921
0.360245
0.369307
0.370668
0.358571
0.36338
0.369605
0.38545
0.361116
0.348163
0.351719
0.372255
0.374449
0.366895
0.369482
0.380045
0.389623
0.393576
0.382347
0.366319
0.369974
0.377817
0.359812
0.356893
0.355847
0.345279
0.355366
0.36717
0.359964
0.372665
0.357451
0.345702
0.341685
0.342962
0.345106
0.350906
0.376463
0.375178
0.375437
0.363183
0.387638
0.380285
0.361096
0.373064
0.385312
0.394922
0.406372
0.396733
0.380035
0.379336
0.388565
0.387971
0.383466
0.395764
0.360179
0.35746
0.367881
0.380812
0.390858
0.356566
0.357386
0.349624
0.356694
0.385794
0.39603
0.374326
0.373244
0.39958
0.387156
0.364623
0.376908
0.423531
0.388603
0.38106
0.374834
0.368088
0.358016
0.360935
0.370348
0.389969
0.413036
0.444082
0.450697
0.453179
0.457666
0.450673
0.471595
0.441718
0.40855
0.407091
0.430032
0.416789
0.450942
0.454074
0.486762
0.430744
0.404242
0.451315
0.462749
0.441533
0.404098
0.392027
0.379874
0.365749
0.377061
0.404381
0.403848
0.387235
0.394095
0.366689
0.399807
0.446863
0.4547
0.510385
0.43618
0.445236
0.406004
0.379868
0.383068
0.411258
0.436612
0.442285
0.396105
0.38559
0.386138
0.417212
0.429149
0.411007
0.400614
0.407504
0.420105
0.441217
0.389429
0.362844
0.355468
0.365122
0.375557
0.377372
0.358851
0.353961
0.361632
0.366
0.37017
0.387253
0.382231
0.433661
0.449222
0.432241
0.414887
0.452611
0.422608
0.437702
0.446752
0.473487
0.469116
0.459128
0.432511
0.436652
0.420848
0.457854
0.511599
0.477897
0.48435
0.464069
0.500298
0.47979
0.488497
0.443596
0.432163
0.43278
0.455866
0.396209
0.43226
0.466467
0.447524
0.417606
0.433241
0.412271
0.432315
0.423307
0.452481
0.429413
0.406877
0.370954
0.371418
0.382935
0.433165
0.419482
0.41109
0.395866
0.397781
0.428725
0.416396
0.430937
0.444512
0.426886
0.429496
0.416913
0.412141
0.417505
0.411262
0.371371
0.384395
0.409512
0.399216
0.39442
0.425529
0.383605
0.370276
0.37061
0.377282
0.408111
0.408514
0.392458
0.414433
0.406206
0.417657
0.399793
0.415473
0.386448
0.451478
0.446372
0.47892
0.4833
0.468159
0.41282
0.499809
0.522243
0.461857
0.456934
0.454815
0.440553
0.484731
0.467308
0.427901
0.397693
0.443602
0.416868
0.441384
0.465177
0.449507
0.488262
0.450906
0.474622
0.483869
0.506024
0.430343
0.364551
0.422684
0.393892
0.393591
0.392824
0.371356
0.355628
0.355836
0.368863
0.35537
0.371681
0.376325
0.387248
0.421199
0.421566
0.401687
0.365864
0.362137
0.354192
0.352452
0.371382
0.386535
0.380495
0.370806
0.350819
0.354747
0.383804
0.372277
0.353005
0.341715
0.343442
0.34834
0.345194
0.337356
0.346645
0.350704
0.349447
0.366739
0.362438
0.382319
0.385637
0.370418
0.357323
0.370105
0.421307
0.388718
0.361136
0.373457
0.379637
0.374523
0.361864
0.359593
0.367171
0.368213
0.369726
0.382355
0.37176
0.358488
0.355632
0.373996
0.3818
0.376425
0.377108
0.381688
0.383881
0.392796
0.390516
0.385536
0.389058
0.401306
0.3964
0.387077
0.426064
0.413976
0.390113
0.374836
0.355235
0.348833
0.353881
0.344795
0.347707
0.345725
0.348582
0.351359
0.365328
0.380089
0.357251
0.353796
0.375169
0.395846
0.385827
0.376139
0.353983
0.355226
0.341046
0.339063
0.344008
0.348399
0.362657
0.381284
0.397778
0.401228
0.399786
0.427028
0.416158
0.417023
0.4204
0.405393
0.403356
0.408464
0.413064
0.412947
0.39453
0.361629
0.367434
0.391796
0.369806
0.355825
0.360773
0.375523
0.371578
0.380466
0.384756
0.385637
0.397316
0.374142
0.348736
0.353027
0.366096
0.371549
0.363405
0.374666
0.352627
0.359911
0.362242
0.383957
0.390956
0.375902
0.35976
0.373144
0.356591
0.357436
0.360398
0.36998
0.383697
0.384633
0.391169
0.387792
0.371368
0.384047
0.371324
0.391438
0.407454
0.401425
0.371098
0.389492
0.394913
0.400745
0.405564
0.409486
0.408047
0.405394
0.368122
0.353077
0.349339
0.351169
0.36529
0.391227
0.392011
0.401332
0.393843
0.380418
0.37554
0.367194
0.368739
0.370696
0.389425
0.414612
0.412586
0.411121
0.448928
0.427629
0.435439
0.409014
0.391231
0.373536
0.369328
0.366056
0.412093
0.424806
0.380415
0.386283
0.415371
0.417895
0.452151
0.441334
0.444184
0.424584
0.441342
0.410367
0.426436
0.409502
0.395846
0.380339
0.417253
0.422663
0.375734
0.387874
0.403498
0.431011
0.46335
0.464315
0.464986
0.469304
0.444749
0.440985
0.467751
0.525162
0.567184
0.563582
0.541622
0.501541
0.411839
0.452162
0.47772
0.506484
0.479547
0.483114
0.389391
0.37556
0.387966
0.354311
0.348902
0.346448
0.368799
0.368472
0.351764
0.358609
0.37617
0.351847
0.363244
0.349702
0.356197
0.349987
0.361129
0.385002
0.368093
0.37424
0.369155
0.358645
0.363684
0.361722
0.371622
0.388648
0.388218
0.40219
0.414712
0.405093
0.402537
0.400625
0.408553
0.407493
0.420704
0.411232
0.427258
0.397838
0.405572
0.409186
0.417277
0.409533
0.422439
0.480923
0.395152
0.39692
0.414951
0.380125
0.408859
0.392371
0.390619
0.405839
0.432105
0.413747
0.4114
0.378295
0.398435
0.381693
0.415669
0.3962
0.385958
0.394133
0.404157
0.402224
0.395752
0.416925
0.488888
0.464894
0.460543
0.43851
0.389083
0.390091
0.468536
0.425881
0.386465
0.36805
0.381536
0.397526
0.439432
0.431261
0.387612
0.374137
0.367464
0.360776
0.369303
0.387507
0.434874
0.448569
0.441515
0.392243
0.430006
0.408554
0.41457
0.427638
0.458129
0.438991
0.437065
0.431025
0.438743
0.407489
0.403536
0.442417
0.444068
0.434899
0.456638
0.501484
0.507921
0.485493
0.44514
0.402057
0.394166
0.366057
0.357651
0.350919
0.365423
0.364455
0.364359
0.34721
0.361182
0.348152
0.351812
0.34821
0.3405
0.347856
0.344698
0.347996
0.364782
0.386619
0.367228
0.370466
0.34987
0.356005
0.369386
0.381429
0.38831
0.382996
0.387073
0.384543
0.36019
0.36305
0.371772
0.373186
0.381905
0.391075
0.385891
0.394441
0.437209
0.475067
0.474008
0.442953
0.514104
0.51304
0.493429
0.47442
0.392407
0.374132
0.391972
0.408964
0.444093
0.416193
0.405376
0.374229
0.403923
0.390338
0.364601
0.351004
0.35692
0.368891
0.355907
0.392616
0.392408
0.371935
0.360386
0.361043
0.353078
0.360433
0.350739
0.363444
0.393061
0.384729
0.378167
0.360005
0.343107
0.347056
0.345775
0.353382
0.368809
0.372422
0.371178
0.365627
0.366727
0.374998
0.361568
0.363289
0.350017
0.348157
0.361107
0.383043
0.404632
0.464666
0.462867
0.432094
0.440659
0.41984
0.404602
0.451853
0.467009
0.417775
0.390205
0.392211
0.416367
0.402672
0.417531
0.394193
0.365873
0.371986
0.402991
0.408158
0.437674
0.440346
0.442412
0.437477
0.428807
0.400032
0.41794
0.425809
0.411895
0.39238
0.373226
0.359147
0.359157
0.358626
0.363834
0.382627
0.425563
0.44655
0.466024
0.444749
0.496674
0.480342
0.43178
0.449069
0.417716
0.422623
0.43712
0.478376
0.472854
0.456563
0.433206
0.485646
0.515312
0.485643
0.456892
0.454824
0.477003
0.484903
0.442151
0.392976
0.393281
0.383369
0.3766
0.377647
0.379714
0.406432
0.434138
0.449453
0.425328
0.417698
0.419823
0.465404
0.447698
0.467628
0.435216
0.396089
0.361918
0.349287
0.355284
0.37378
0.369451
0.355499
0.375445
0.409159
0.387123
0.396581
0.416611
0.409168
0.442179
0.428618
0.435624
0.497927
0.47924
0.469075
0.44812
0.378768
0.379099
0.415039
0.40893
0.428597
0.410069
0.457842
0.432853
0.435195
0.407684
0.430926
0.426808
0.411049
0.382078
0.373925
0.385351
0.37919
0.425807
0.384603
0.371596
0.375228
0.389485
0.385491
0.384587
0.437809
0.470168
0.441929
0.402835
0.35389
0.398539
0.415262
0.440691
0.458296
0.44971
0.418616
0.427514
0.400841
0.413917
0.429693
0.431423
0.379558
0.365618
0.360621
0.352493
0.379617
0.392714
0.394251
0.398302
0.407863
0.420462
0.38298
0.403582
0.415367
0.396698
0.396207
0.387654
0.391144
0.383929
0.372208
0.359545
0.397944
0.419127
0.389247
0.375339
0.371454
0.393639
0.370666
0.36476
0.375212
0.389203
0.4032
0.411807
0.391648
0.401853
0.375675
0.367096
0.380742
0.419689
0.389933
0.382031
0.378207
0.382873
0.385476
0.416885
0.3936
0.394273
0.364724
0.360223
0.345322
0.354086
0.358551
0.340764
0.352221
0.354684
0.36605
0.395226
0.41831
0.403086
0.379998
0.361359
0.342132
0.348862
0.35308
0.351454
0.359542
0.396574
0.383844
0.37305
0.353061
0.361935
0.356502
0.351019
0.373619
0.374862
0.379139
0.363691
0.377297
0.376795
0.359471
0.394713
0.415984
0.40134
0.422276
0.388886
0.414795
0.388803
0.413965
0.435366
0.392931
0.381612
0.372258
0.402763
0.433553
0.424317
0.407008
0.427878
0.426031
0.371746
0.367759
0.386181
0.36158
0.363477
0.371666
0.373416
0.371187
0.377348
0.370462
0.372105
0.367912
0.350926
0.343127
0.340603
0.349424
0.346071
0.338428
0.34266
0.34427
0.344334
0.357043
0.36133
0.37298
0.394362
0.383579
0.400117
0.399744
0.380805
0.391258
0.403735
0.385893
0.375311
0.381789
0.372074
0.439536
0.427682
0.418376
0.42432
0.412815
0.44378
0.38124
0.407865
0.393868
0.446297
0.410341
0.382209
0.384965
0.42063
0.424402
0.395251
0.385813
0.413693
0.411598
0.465085
0.444955
0.417538
0.431245
0.407656
0.413624
0.375632
0.367787
0.375486
0.410594
0.447762
0.428812
0.486602
0.458855
0.440389
0.548504
0.530493
0.57464
0.51734
0.570341
0.579795
0.500865
0.417667
0.422937
0.392084
0.404371
0.400033
0.368534
0.389006
0.406919
0.400575
0.389614
0.393605
0.42352
0.398742
0.388145
0.374796
0.3702
0.348696
0.351051
0.345916
0.358492
0.349128
0.347219
0.354083
0.371398
0.378341
0.390646
0.385569
0.403778
0.386681
0.407297
0.391279
0.3835
0.380279
0.396462
0.419094
0.389295
0.384297
0.371894
0.376819
0.387109
0.36077
0.357267
0.383815
0.362347
0.351621
0.349479
0.364571
0.377329
0.391549
0.398698
0.366361
0.354455
0.353631
0.347986
0.347311
0.349131
0.352079
0.370551
0.407457
0.449974
0.429451
0.474237
0.4293
0.461763
0.429632
0.46472
0.418503
0.454072
0.442979
0.396416
0.411615
0.424484
0.393287
0.402544
0.374198
0.386208
0.406225
0.387157
0.354949
0.350701
0.365588
0.397613
0.391548
0.394924
0.416935
0.393799
0.403392
0.409127
0.380201
0.386874
0.387851
0.366377
0.370556
0.417372
0.386318
0.389066
0.405242
0.40229
0.41325
0.409143
0.39711
0.412164
0.410585
0.424575
0.446895
0.430315
0.436375
0.474508
0.400408
0.436028
0.413489
0.442664
0.428924
0.487747
0.461202
0.42872
0.426392
0.446679
0.429077
0.425377
0.425654
0.454115
0.459129
0.439442
0.401884
0.390258
0.387172
0.390431
0.367129
0.351712
0.346346
0.353947
0.366312
0.388094
0.40845
0.393929
0.383378
0.40317
0.442495
0.412566
0.411216
0.42431
0.42128
0.411257
0.377089
0.402078
0.407747
0.406665
0.442659
0.45348
0.500351
0.428458
0.39466
0.377764
0.418017
0.416871
0.404885
0.375446
0.375922
0.385245
0.40324
0.437405
0.425936
0.428742
0.481846
0.429278
0.398846
0.449473
0.469891
0.458501
0.436368
0.420579
0.469673
0.469694
0.4875
0.531379
0.502818
0.52836
0.494424
0.514599
0.498458
0.495479
0.460735
0.475684
0.540462
0.54921
0.559947
0.534397
0.54059
0.558864
0.587135
0.588227
0.493605
0.44826
0.467407
0.476861
0.401676
0.39743
0.456007
0.430379
0.404125
0.380584
0.416837
0.455258
0.445339
0.417109
0.434726
0.419783
0.387345
0.363544
0.360301
0.37421
0.40571
0.432406
0.445004
0.450277
0.447529
0.444376
0.430565
0.42534
0.437674
0.381173
0.407096
0.397041
0.403466
0.401248
0.38247
0.355875
0.37444
0.384708
0.404381
0.410511
0.392449
0.403916
0.414598
0.389114
0.417955
0.402727
0.38191
0.394226
0.407989
0.394338
0.38759
0.413257
0.421431
0.43318
0.433288
0.428941
0.387948
0.414648
0.391176
0.404798
0.411617
0.403868
0.423038
0.422069
0.412228
0.38025
0.382158
0.406721
0.396314
0.480251
0.450294
0.438638
0.430629
0.412703
0.427807
0.427417
0.450859
0.459217
0.419247
0.402546
0.367263
0.365041
0.367609
0.375115
0.356897
0.355745
0.346432
0.345185
0.340928
0.345409
0.35068
0.352979
0.357422
0.383007
0.388451
0.379734
0.397003
0.375753
0.385833
0.367009
0.390303
0.407964
0.395252
0.400245
0.372117
0.350664
0.351258
0.356796
0.358933
0.36115
0.387359
0.415777
0.427637
0.477621
0.467249
0.488297
0.497446
0.515073
0.45971
0.3973
0.41657
0.435313
0.391034
0.449764
0.41735
0.402275
0.398326
0.447629
0.466017
0.466251
0.514329
0.440455
0.451189
0.369563
0.365334
0.373908
0.374568
0.366047
0.394607
0.418868
0.394453
0.394799
0.451444
0.455737
0.413901
0.386587
0.367055
0.393225
0.391506
0.374713
0.393323
0.398973
0.393756
0.422202
0.415748
0.419854
0.405394
0.386539
0.43333
0.397164
0.434039
0.464062
0.48365
0.441964
0.378891
0.420186
0.429503
0.474443
0.473298
0.442871
0.478231
0.44661
0.491514
0.426043
0.423682
0.396814
0.379708
0.368292
0.400829
0.378195
0.369761
0.369678
0.379914
0.394519
0.419866
0.434043
0.400775
0.39706
0.413086
0.430496
0.44107
0.408461
0.439171
0.383334
0.350684
0.41361
0.429683
0.429912
0.43402
0.394747
0.446609
0.483562
0.413224
0.416969
0.42238
0.432949
0.458775
0.435855
0.454054
0.468417
0.503925
0.458768
0.424965
0.426584
0.437817
0.442766
0.440101
0.448347
0.440331
0.437204
0.474758
0.462408
0.480193
0.483376
0.541352
0.551015
0.533408
0.537532
0.576683
0.557865
0.556715
0.520134
0.478443
0.423189
0.386995
0.384125
0.385973
0.451019
0.377156
0.414912
0.45377
0.427589
0.433916
0.395535
0.431896
0.421988
0.446876
0.434206
0.424379
0.418874
0.399642
0.410429
0.393227
0.411074
0.394198
0.369944
0.433239
0.481116
0.416352
0.426689
0.43267
0.44526
0.402685
0.388582
0.367339
0.365048
0.362735
0.363957
0.357218
0.350168
0.353114
0.348843
0.359575
0.363985
0.385466
0.40085
0.363556
0.369573
0.362115
0.376872
0.386607
0.37178
0.357993
0.430869
0.409208
0.403758
0.431512
0.444556
0.402444
0.418696
0.428099
0.410704
0.372462
0.349697
0.352271
0.351194
0.361495
0.369256
0.37075
0.362387
0.37021
0.363621
0.37939
0.396972
0.417257
0.459963
0.497071
0.469118
0.45012
0.47213
0.454853
0.461263
0.398764
0.366952
0.384089
0.371238
0.356813
0.363954
0.426345
0.458079
0.381645
0.392917
0.411916
0.394181
0.421464
0.490923
0.530425
0.472991
0.446765
0.451914
0.545955
0.536995
0.520801
0.491469
0.503477
0.510146
0.490444
0.482376
0.515646
0.514639
0.49899
0.520182
0.473632
0.459712
0.471945
0.458729
0.433655
0.422363
0.445191
0.481111
0.443462
0.440042
0.44919
0.421704
0.421542
0.443175
0.419109
0.384259
0.372453
0.359682
0.354992
0.363686
0.395163
0.396929
0.373265
0.366869
0.36206
0.384872
0.395748
0.420395
0.38465
0.374541
0.37431
0.353658
0.371945
0.349202
0.352301
0.37102
0.388323
0.405965
0.393885
0.412464
0.407614
0.404875
0.381777
0.392914
0.365967
0.35898
0.353113
0.355959
0.34719
0.350052
0.356706
0.385935
0.37674
0.379542
0.401325
0.37881
0.37115
0.371768
0.356096
0.361367
0.352466
0.377
0.35992
0.375369
0.414499
0.394437
0.383435
0.382293
0.397287
0.392276
0.412478
0.415006
0.423116
0.420516
0.449088
0.451447
0.396066
0.416761
0.421873
0.44427
0.460581
0.46374
0.485653
0.448843
0.487822
0.492987
0.490634
0.447779
0.427375
0.417371
0.388843
0.432811
0.450179
0.388131
0.386042
0.450742
0.43356
0.457659
0.473448
0.408363
0.378906
0.397906
0.440412
0.402154
0.443873
0.438392
0.421035
0.436035
0.426783
0.408815
0.427021
0.446418
0.476004
0.457509
0.471021
0.408033
0.422311
0.468328
0.479502
0.498724
0.443021
0.429252
0.43411
0.433828
0.457233
0.496314
0.459834
0.425652
0.429218
0.418668
0.379172
0.378406
0.369277
0.417172
0.422001
0.429678
0.423869
0.399367
0.399477
0.378143
0.373084
0.3831
0.3591
0.355459
0.356152
0.356821
0.377574
0.397804
0.373485
0.364464
0.358831
0.372135
0.37918
0.3756
0.365798
0.350449
0.37801
0.391718
0.390315
0.399886
0.383404
0.39518
0.395837
0.35745
0.381625
0.385917
0.393074
0.403217
0.435514
0.425035
0.407106
0.385245
0.359169
0.410768
0.364354
0.371446
0.367523
0.363184
0.365132
0.363626
0.385811
0.403074
0.377455
0.364932
0.374765
0.368221
0.389714
0.38166
0.391208
0.384403
0.415884
0.452006
0.441441
0.470443
0.487651
0.425
0.438248
0.445328
0.50178
0.481066
0.480827
0.475464
0.44941
0.373196
0.435731
0.475125
0.476806
0.471195
0.404655
0.379517
0.361995
0.361679
0.345074
0.348677
0.364551
0.36908
0.393324
0.387124
0.381746
0.416919
0.395166
0.390944
0.397333
0.385561
0.385723
0.400864
0.396892
0.409634
0.399583
0.385305
0.384142
0.369091
0.379957
0.376826
0.358429
0.351004
0.345605
0.356674
0.346617
0.371236
0.406079
0.383732
0.3804
0.357791
0.357296
0.345296
0.376828
0.375803
0.354856
0.357794
0.346795
0.361107
0.370412
0.365637
0.35685
0.341755
0.345202
0.347013
0.350201
0.344975
0.343958
0.359696
0.360452
0.367369
0.39168
0.372881
0.355141
0.352132
0.36212
0.383418
0.390444
0.413271
0.411808
0.414857
0.421812
0.412153
0.422934
0.386075
0.387968
0.381418
0.406503
0.403215
0.368694
0.386322
0.399957
0.391142
0.406339
0.381319
0.404266
0.383426
0.419594
0.443754
0.401095
0.417683
0.429897
0.409328
0.423188
0.432931
0.455549
0.461612
0.479665
0.456288
0.458047
0.484447
0.440745
0.437149
0.476357
0.488227
0.455069
0.447755
0.421456
0.430076
0.418355
0.464456
0.461593
0.441547
0.422334
0.436035
0.438152
0.478676
0.463482
0.491672
0.480157
0.469565
0.471948
0.460676
0.541006
0.490868
0.421515
0.408863
0.402776
0.414219
0.416279
0.442852
0.457949
0.419585
0.456706
0.473173
0.497626
0.506942
0.573178
0.47323
0.414519
0.410457
0.438452
0.427242
0.413373
0.413845
0.380461
0.411299
0.415748
0.43617
0.420468
0.408381
0.409751
0.426776
0.438442
0.428522
0.411691
0.408403
0.421653
0.423831
0.427122
0.432864
0.392558
0.394179
0.392494
0.399716
0.386015
0.389896
0.368159
0.362906
0.398534
0.392782
0.385523
0.358386
0.358046
0.373715
0.386184
0.383018
0.42831
0.407956
0.39615
0.383924
0.399984
0.403553
0.383584
0.416154
0.422694
0.422274
0.406786
0.398024
0.380774
0.391969
0.391464
0.397366
0.400492
0.408721
0.39598
0.415095
0.406009
0.41402
0.420113
0.376687
0.354559
0.359797
0.349447
0.342768
0.340112
0.337549
0.349199
0.34336
0.35011
0.360919
0.389137
0.361828
0.382325
0.364804
0.346958
0.34719
0.33354
0.341571
0.349152
0.337745
0.343828
0.343777
0.349945
0.351192
0.346792
0.347949
0.348633
0.336002
0.334437
0.345187
0.345608
0.340186
0.343573
0.353129
0.367608
0.385547
0.391542
0.377014
0.374799
0.376715
0.385917
0.363073
0.391588
0.372189
0.374486
0.371838
0.37554
0.373496
0.386825
0.37012
0.351862
0.344969
0.343594
0.34053
0.341529
0.350047
0.347681
0.347225
0.352247
0.339617
0.347613
0.342189
0.340762
0.34833
0.340679
0.345235
0.346443
0.354545
0.366268
0.370672
0.356277
0.356002
0.366147
0.363658
0.378568
0.401685
0.427233
0.388283
0.380464
0.390281
0.401389
0.425339
0.450898
0.425302
0.438084
0.411566
0.421776
0.372623
0.369602
0.381706
0.395386
0.366607
0.353998
0.364078
0.356811
0.364909
0.39406
0.404438
0.378788
0.372139
0.376027
0.381985
0.406378
0.429892
0.471385
0.440974
0.481639
0.467697
0.506047
0.500241
0.511259
0.396442
0.426542
0.436909
0.405094
0.390595
0.462464
0.471952
0.454264
0.433625
0.386072
0.373284
0.364084
0.350679
0.344915
0.346049
0.355683
0.358804
0.363334
0.378381
0.375307
0.407709
0.390449
0.38702
0.37603
0.383832
0.41617
0.426011
0.415011
0.382806
0.399738
0.383856
0.368936
0.376972
0.377666
0.392857
0.368309
0.346484
0.34539
0.351014
0.346836
0.340742
0.342764
0.349471
0.359173
0.383392
0.3748
0.355143
0.348402
0.347098
0.360456
0.351436
0.358217
0.40292
0.419976
0.395449
0.408203
0.403629
0.401451
0.389457
0.395415
0.390538
0.414878
0.417228
0.407765
0.403273
0.405214
0.387564
0.39773
0.395715
0.398252
0.393901
0.378372
0.38287
0.417467
0.400784
0.374087
0.373083
0.411862
0.411183
0.450129
0.438645
0.403609
0.395405
0.363473
0.433554
0.386637
0.451145
0.452424
0.449498
0.418783
0.407005
0.410257
0.411459
0.44136
0.447665
0.44826
0.464128
0.44411
0.452978
0.419271
0.468131
0.488983
0.444091
0.42874
0.392092
0.383954
0.379896
0.37402
0.376723
0.407301
0.374616
0.357687
0.352464
0.349833
0.357602
0.361401
0.371225
0.37342
0.356302
0.368067
0.38283
0.406934
0.392916
0.433
0.426867
0.447574
0.435411
0.459255
0.412718
0.477034
0.470705
0.43161
0.446882
0.470134
0.460707
0.452038
0.438419
0.43566
0.419255
0.416512
0.409887
0.464686
0.497954
0.474081
0.51409
0.446192
0.473066
0.482595
0.489755
0.482897
0.511163
0.546933
0.565651
0.505773
0.413352
0.419768
0.438651
0.411685
0.389893
0.429813
0.417208
0.421851
0.407446
0.410664
0.418931
0.443471
0.436958
0.422067
0.459046
0.428677
0.415606
0.406943
0.415224
0.416188
0.388989
0.364105
0.363828
0.376426
0.373862
0.375849
0.389109
0.397709
0.398893
0.425429
0.482203
0.459919
0.481236
0.433991
0.412496
0.450836
0.406858
0.437586
0.425054
0.386603
0.364483
0.369863
0.396586
0.391917
0.388366
0.37182
0.379654
0.406602
0.420738
0.401186
0.427882
0.406415
0.388563
0.374025
0.357924
0.382903
0.410583
0.381291
0.375052
0.402683
0.416924
0.421515
0.396235
0.424935
0.405269
0.409597
0.416683
0.40265
0.402403
0.437384
0.439068
0.424719
0.42337
0.477641
0.433886
0.469942
0.475794
0.425143
0.420061
0.446637
0.447956
0.441807
0.475994
0.449807
0.413505
0.418641
0.420644
0.425845
0.413572
0.492126
0.497147
0.497146
0.453679
0.42249
0.406891
0.444773
0.503183
0.463368
0.451207
0.419604
0.431852
0.447891
0.406372
0.410148
0.453955
0.41712
0.417452
0.457683
0.422336
0.41702
0.389669
0.376682
0.417122
0.459792
0.464211
0.46581
0.483845
0.447008
0.431919
0.419087
0.442723
0.44268
0.429799
0.389958
0.390688
0.381373
0.37673
0.397988
0.404833
0.376996
0.383057
0.426066
0.445251
0.427021
0.424833
0.434646
0.468285
0.444536
0.557526
0.612598
0.573683
0.553364
0.546381
0.48673
0.477551
0.528696
0.478887
0.439909
0.412912
0.40971
0.417117
0.405899
0.446336
0.46342
0.416913
0.436441
0.476173
0.502674
0.458841
0.459517
0.425
0.416458
0.428939
0.465713
0.463546
0.441945
0.425613
0.450012
0.442088
0.44234
0.42254
0.440024
0.44449
0.436894
0.45711
0.44205
0.436736
0.423972
0.418011
0.412694
0.456217
0.483976
0.484652
0.493564
0.500385
0.518835
0.441045
0.420851
0.41324
0.410194
0.3912
0.418318
0.433056
0.429537
0.486663
0.460937
0.465739
0.441681
0.401621
0.388421
0.404838
0.407779
0.395761
0.446249
0.436891
0.426733
0.436106
0.452631
0.482566
0.509506
0.458283
0.41258
0.37384
0.370462
0.364119
0.358767
0.360804
0.371161
0.367417
0.360263
0.363684
0.3677
0.383082
0.401094
0.43461
0.475765
0.49182
0.503541
0.482439
0.458473
0.428094
0.472688
0.46422
0.428346
0.435829
0.380586
0.450729
0.416507
0.421661
0.450497
0.460443
0.37115
0.365125
0.390305
0.421051
0.42554
0.427913
0.437689
0.416407
0.410627
0.424237
0.485059
0.445811
0.423314
0.415669
0.430834
0.494399
0.487368
0.544377
0.523793
0.489208
0.483775
0.502687
0.530959
0.597267
0.546441
0.521453
0.498963
0.517902
0.524754
0.461794
0.467554
0.498395
0.475231
0.502133
0.451913
0.459133
0.462952
0.510593
0.501831
0.468171
0.480203
0.438101
0.458984
0.42782
0.429221
0.417597
0.400544
0.42057
0.396846
0.411564
0.401023
0.418922
0.432184
0.458629
0.507973
0.517051
0.483682
0.468548
0.437475
0.46216
0.435353
0.413768
0.469363
0.455506
0.499566
0.43872
0.406234
0.439526
0.438012
0.445829
0.42014
0.453125
0.440324
0.444144
0.465203
0.418771
0.461388
0.468509
0.422477
0.486679
0.484945
0.469653
0.499649
0.411361
0.457128
0.503986
0.487893
0.466643
0.502219
0.486759
0.504823
0.484354
0.434609
0.43236
0.456745
0.466148
0.475085
0.487242
0.516655
0.449871
0.421659
0.38262
0.368855
0.353903
0.360859
0.370321
0.37642
0.408688
0.402003
0.415928
0.44452
0.469133
0.466921
0.422022
0.425517
0.422614
0.404857
0.428626
0.381725
0.441756
0.383888
0.484853
0.450885
0.445941
0.433622
0.3949
0.453188
0.440779
0.441392
0.436806
0.369665
0.395156
0.375419
0.369266
0.376052
0.390577
0.461958
0.46254
0.505309
0.493795
0.514453
0.499725
0.534089
0.502332
0.494012
0.514246
0.503672
0.503995
0.537543
0.503547
0.578477
0.571776
0.527009
0.424063
0.397901
0.361298
0.375677
0.400055
0.419183
0.405752
0.369551
0.388567
0.39687
0.40078
0.401198
0.432976
0.392715
0.429219
0.41839
0.418733
0.434695
0.416105
0.403039
0.450699
0.431379
0.443921
0.429083
0.397415
0.417975
0.413693
0.414011
0.440503
0.415225
0.414489
0.392544
0.393833
0.394263
0.403568
0.374659
0.371195
0.367719
0.348938
0.346318
0.34613
0.354062
0.366224
0.392443
0.407375
0.378134
0.352438
0.357678
0.364534
0.38752
0.403022
0.418699
0.423848
0.424797
0.445649
0.376217
0.370774
0.363926
0.369929
0.358339
0.354529
0.366477
0.376995
0.376769
0.358649
0.361929
0.360941
0.399359
0.406214
0.433908
0.452531
0.430636
0.434026
0.444708
0.466684
0.450021
0.430111
0.436547
0.430915
0.413438
0.391026
0.377631
0.370452
0.364847
0.384293
0.377431
0.387159
0.381061
0.389456
0.378059
0.423205
0.430672
0.439131
0.433806
0.424831
0.397024
0.355241
0.370702
0.406103
0.387944
0.415485
0.418631
0.385914
0.374204
0.35024
0.34493
0.349698
0.344478
0.34237
0.356976
0.34444
0.361752
0.34964
0.370431
0.392541
0.377985
0.351964
0.350071
0.36863
0.366508
0.369149
0.421357
0.413428
0.427465
0.413125
0.417545
0.446979
0.437155
0.408502
0.438433
0.471984
0.493305
0.49027
0.539136
0.6008
0.579641
0.555681
0.535024
0.559254
0.550762
0.538656
0.518963
0.511326
0.476058
0.510026
0.522352
0.486171
0.434739
0.506496
0.52424
0.520753
0.44165
0.486898
0.506253
0.515032
0.494181
0.484802
0.463825
0.510625
0.511682
0.525483
0.543213
0.541276
0.515867
0.410322
0.402711
0.411486
0.406212
0.420999
0.412399
0.393679
0.425458
0.430158
0.471127
0.472278
0.46393
0.435076
0.443441
0.430661
0.442041
0.497537
0.48082
0.450644
0.46403
0.514609
0.494232
0.415601
0.426339
0.492972
0.518297
0.49792
0.450316
0.513872
0.48027
0.49393
0.497442
0.448596
0.435569
0.4456
0.532943
0.518656
0.47627
0.503273
0.504273
0.499094
0.529131
0.526244
0.517589
0.510829
0.472131
0.431879
0.447534
0.447281
0.502794
0.47717
0.540772
0.480594
0.43469
0.442361
0.4496
0.50116
0.448472
0.474018
0.433429
0.462338
0.459328
0.461142
0.462762
0.440271
0.450462
0.433444
0.412435
0.388963
0.373093
0.367736
0.376538
0.386655
0.396598
0.386144
0.402884
0.400512
0.380972
0.392133
0.38517
0.401066
0.391021
0.375777
0.373761
0.383444
0.389248
0.409225
0.403032
0.426638
0.458253
0.420477
0.422363
0.43809
0.428616
0.414828
0.413595
0.411555
0.409647
0.43962
0.443788
0.435765
0.461418
0.473685
0.427239
0.477052
0.488573
0.481744
0.472011
0.445162
0.449305
0.463748
0.473573
0.484184
0.473369
0.450092
0.464774
0.458423
0.404439
0.393999
0.436589
0.449358
0.417672
0.423995
0.421833
0.451655
0.465016
0.469678
0.428245
0.445836
0.498395
0.441713
0.459037
0.468297
0.48656
0.455401
0.46361
0.504508
0.473102
0.467423
0.453826
0.407698
0.405832
0.437383
0.406492
0.390061
0.375087
0.389685
0.448035
0.482332
0.495214
0.469487
0.468002
0.453213
0.456025
0.432504
0.425173
0.476233
0.532949
0.572196
0.553244
0.590098
0.540263
0.386018
0.399468
0.369433
0.379885
0.364059
0.353646
0.362126
0.402246
0.368157
0.35432
0.348794
0.347938
0.351203
0.356532
0.341212
0.352639
0.34983
0.343147
0.34995
0.356968
0.35016
0.36503
0.394936
0.390793
0.377646
0.359781
0.362002
0.379643
0.39712
0.385574
0.369211
0.372467
0.435432
0.438655
0.436698
0.441342
0.426109
0.437132
0.440534
0.408972
0.418815
0.459717
0.439888
0.423502
0.417011
0.428011
0.436148
0.429924
0.41184
0.411563
0.463069
0.498781
0.496436
0.504315
0.5147
0.53798
0.522004
0.52529
0.496376
0.489992
0.41784
0.4608
0.487079
0.477675
0.553775
0.506929
0.497489
0.455149
0.468764
0.510171
0.500659
0.47518
0.470668
0.441231
0.460764
0.45392
0.482058
0.421563
0.414806
0.481029
0.457701
0.498523
0.477598
0.461724
0.446725
0.459246
0.432176
0.433471
0.404737
0.440738
0.471541
0.464513
0.487178
0.543574
0.534384
0.492016
0.512691
0.488704
0.447109
0.443332
0.499465
0.494466
0.512516
0.525673
0.468702
0.510368
0.510251
0.471775
0.524648
0.527439
0.495071
0.44811
0.478953
0.525144
0.497746
0.532004
0.550164
0.491982
0.492205
0.461421
0.44056
0.42908
0.398399
0.374732
0.375275
0.381733
0.395611
0.412894
0.392784
0.388866
0.395268
0.42089
0.461344
0.41663
0.391909
0.391843
0.388147
0.397651
0.411824
0.413145
0.383825
0.378983
0.392405
0.402299
0.413514
0.411025
0.426791
0.414812
0.425366
0.432472
0.423035
0.390512
0.373911
0.374131
0.404606
0.367946
0.389619
0.430703
0.417428
0.397135
0.369467
0.368073
0.358809
0.364308
0.36604
0.367904
0.356374
0.364279
0.380675
0.39557
0.393053
0.364043
0.352746
0.36303
0.357709
0.356927
0.362066
0.36814
0.369225
0.352565
0.377012
0.393045
0.388319
0.394994
0.41837
0.473319
0.485933
0.422067
0.423395
0.389853
0.385206
0.374784
0.395987
0.402672
0.410563
0.389731
0.394355
0.416822
0.446766
0.430644
0.46364
0.476799
0.406508
0.397293
0.398744
0.399074
0.439401
0.428171
0.433171
0.404991
0.396186
0.386208
0.399111
0.382974
0.39004
0.391229
0.400487
0.38568
0.410407
0.390339
0.382667
0.373573
0.38599
0.423331
0.482438
0.408184
0.425437
0.405882
0.453764
0.440347
0.400646
0.391011
0.412372
0.387682
0.391488
0.385524
0.388378
0.394249
0.386175
0.370169
0.366078
0.370075
0.37181
0.369061
0.36288
0.358666
0.36216
0.363749
0.358869
0.359234
0.369359
0.371079
0.364608
0.356827
0.360453
0.360881
0.358395
0.353869
0.36058
0.362899
0.358584
0.36472
0.362995
0.357481
0.35811
0.361863
0.379064
0.367019
0.381381
0.368507
0.362083
0.357996
0.365063
0.398587
0.418263
0.403736
0.401261
0.40297
0.411709
0.410081
0.379872
0.3675
0.376375
0.376687
0.397099
0.433848
0.388449
0.367795
0.393127
0.405211
0.398865
0.391404
0.388562
0.387142
0.390576
0.366952
0.3723
0.355644
0.383938
0.411065
0.364679
0.371639
0.375502
0.401305
0.42455
0.446775
0.421864
0.405705
0.367138
0.365251
0.368275
0.385618
0.407549
0.388985
0.364102
0.367502
0.362666
0.355848
0.359306
0.352179
0.35781
0.388703
0.40328
0.463368
0.398741
0.393827
0.39146
0.382167
0.409353
0.419641
0.398478
0.409408
0.41983
0.416218
0.404409
0.4082
0.401589
0.382592
0.381611
0.38709
0.397504
0.396561
0.390727
0.379413
0.373588
0.36935
0.377269
0.361216
0.368383
0.375201
0.387052
0.369943
0.369657
0.374845
0.390565
0.389051
0.418568
0.430035
0.431502
0.423555
0.427017
0.380931
0.461234
0.549012
0.523177
0.398859
0.394796
0.366447
0.358778
0.388618
0.417711
0.391804
0.420815
0.415489
0.411362
0.419371
0.392155
0.383292
0.392856
0.386301
0.39354
0.382665
0.373895
0.389297
0.392521
0.379931
0.398339
0.396032
0.395121
