0.463661
0.602026
0.540065
0.591891
0.572298
0.584115
0.525274
0.472985
0.461268
0.464383
0.528246
0.537925
0.461317
0.50328
0.441911
0.438541
0.473669
0.514284
0.465348
0.476535
0.490968
0.513604
0.511972
0.447504
0.458011
0.460776
0.430185
0.439921
0.494899
0.481081
0.51285
0.475887
0.500003
0.513059
0.492207
0.49199
0.486402
0.481911
0.45943
0.48142
0.431138
0.489903
0.503739
0.497577
0.446497
0.48304
0.47521
0.44571
0.487114
0.481876
0.489309
0.477409
0.496458
0.479128
0.443701
0.468952
0.464465
0.478626
0.476435
0.487515
0.455624
0.487596
0.475211
0.469907
0.465468
0.451605
0.438319
0.453226
0.416086
0.42967
0.492375
0.492211
0.464619
0.483889
0.449808
0.451847
0.439098
0.467318
0.425483
0.461179
0.476376
0.445178
0.405428
0.454843
0.488292
0.465021
0.467711
0.44569
0.438984
0.42689
0.480862
0.426231
0.459987
0.459205
0.413215
0.391775
0.37139
0.398293
0.396729
0.409919
0.396765
0.423982
0.426772
0.464586
0.477902
0.471752
0.489595
0.435402
0.406675
0.395374
0.406651
0.412892
0.401906
0.416799
0.414422
0.412291
0.396153
0.377953
0.395456
0.397327
0.401968
0.430896
0.384413
0.392469
0.4139
0.407146
0.407458
0.40719
0.368816
0.385618
0.373499
0.415926
0.405498
0.389029
0.375948
0.362006
0.355747
0.382661
0.378333
0.360202
0.346277
0.349667
0.35441
0.348054
0.350571
0.372909
0.370155
0.379349
0.388786
0.379978
0.38194
0.393174
0.387769
0.367447
0.35433
0.355175
0.356344
0.347101
0.363783
0.37339
0.367811
0.357856
0.368378
0.380001
0.37643
0.402329
0.395294
0.375838
0.379701
0.38295
0.406409
0.380563
0.373204
0.384259
0.391526
0.398675
0.383491
0.396853
0.400296
0.409583
0.391291
0.395072
0.40336
0.425639
0.409378
0.412668
0.383576
0.367787
0.374837
0.366593
0.349638
0.351744
0.365097
0.369953
0.379464
0.383242
0.384334
0.381798
0.368418
0.347518
0.35281
0.340547
0.353371
0.351987
0.34892
0.341905
0.345499
0.349288
0.35915
0.371319
0.384084
0.397865
0.402484
0.457675
0.463805
0.477451
0.410566
0.405649
0.443285
0.42501
0.442629
0.398262
0.403633
0.42163
0.384221
0.421141
0.409297
0.433577
0.433745
0.40854
0.388937
0.374281
0.395616
0.421757
0.411946
0.40271
0.413815
0.418023
0.408012
0.434765
0.416893
0.412631
0.424273
0.419645
0.408122
0.417105
0.439929
0.435186
0.468027
0.456479
0.414137
0.414624
0.419267
0.473983
0.46144
0.470853
0.508687
0.439593
0.502096
0.516659
0.436598
0.403944
0.414364
0.372235
0.390086
0.431471
0.450511
0.434905
0.471947
0.415303
0.420212
0.395853
0.3787
0.369411
0.388121
0.410906
0.427712
0.42532
0.391448
0.412277
0.421363
0.408488
0.408453
0.396018
0.378684
0.374772
0.381293
0.377536
0.408343
0.380376
0.386536
0.383503
0.397256
0.395339
0.376937
0.418265
0.438505
0.380168
0.398379
0.413461
0.400637
0.388134
0.404704
0.422132
0.408098
0.408745
0.407858
0.44645
0.419986
0.424938
0.412931
0.418412
0.404665
0.399883
0.397886
0.384254
0.366896
0.367904
0.367747
0.356945
0.354137
0.340386
0.341668
0.339974
0.340008
0.334006
0.339926
0.342085
0.347336
0.356637
0.373957
0.368376
0.355564
0.343583
0.341343
0.340586
0.348581
0.342163
0.35721
0.353936
0.377788
0.357926
0.355894
0.363591
0.411921
0.403963
0.494247
0.486049
0.488963
0.43457
0.46938
0.460234
0.473638
0.464154
0.476144
0.467123
0.444565
0.456771
0.391303
0.419459
0.443852
0.400719
0.415705
0.42183
0.411557
0.413412
0.42345
0.415971
0.436054
0.426907
0.407842
0.411525
0.412364
0.379771
0.369376
0.366222
0.360871
0.384426
0.375043
0.371256
0.392406
0.368871
0.382672
0.393074
0.400121
0.402953
0.383025
0.404999
0.408755
0.420724
0.450821
0.424273
0.432155
0.374715
0.446683
0.452365
0.471035
0.398202
0.460119
0.52169
0.465588
0.443019
0.428916
0.455425
0.435562
0.42637
0.419274
0.418375
0.420388
0.399188
0.402218
0.428117
0.458301
0.424946
0.421467
0.425216
0.425314
0.379244
0.387521
0.370352
0.360407
0.378449
0.401878
0.39569
0.394364
0.391945
0.415473
0.401818
0.403252
0.379482
0.425691
0.418562
0.434469
0.442633
0.404171
0.428054
0.428329
0.39984
0.374782
0.408761
0.432037
0.449151
0.447479
0.486001
0.416181
0.470508
0.477978
0.446603
0.379613
0.380773
0.40211
0.4081
0.393849
0.425875
0.40055
0.414569
0.466596
0.420476
0.449358
0.480473
0.48176
0.458493
0.451591
0.42329
0.405872
0.37086
0.355458
0.355724
0.388379
0.403478
0.424807
0.44312
0.410068
0.379134
0.395388
0.392231
0.385307
0.40024
0.42225
0.448438
0.449241
0.39548
0.377408
0.36459
0.388288
0.449638
0.445534
0.414818
0.428573
0.471848
0.430262
0.458891
0.485495
0.47278
0.399139
0.456384
0.438535
0.434397
0.423865
0.42232
0.451155
0.418113
0.397866
0.395966
0.408515
0.400591
0.391861
0.372503
0.352059
0.354338
0.376991
0.404059
0.39363
0.40267
0.411758
0.43445
0.393
0.396622
0.386988
0.356829
0.352131
0.387737
0.432548
0.440379
0.481456
0.395967
0.402189
0.39935
0.444953
0.419323
0.438377
0.431416
0.465391
0.436964
0.397525
0.411052
0.378454
0.366326
0.359036
0.3551
0.358544
0.350754
0.353798
0.365078
0.37741
0.397708
0.403622
0.407377
0.39637
0.393117
0.380497
0.356462
0.355792
0.354739
0.368049
0.381895
0.37171
0.401326
0.436748
0.410441
0.411514
0.421941
0.417758
0.36971
0.3801
0.392635
0.421991
0.442316
0.430735
0.403681
0.388446
0.374923
0.39245
0.395971
0.40051
0.413227
0.417177
0.446882
0.441769
0.429214
0.479889
0.412818
0.39776
0.4547
0.423362
0.467213
0.44238
0.396471
0.388346
0.36096
0.355742
0.34862
0.353085
0.344899
0.37354
0.382394
0.385642
0.393629
0.363394
0.356711
0.358541
0.348249
0.353625
0.351745
0.372846
0.391172
0.43509
0.479987
0.459114
0.412492
0.413119
0.451051
0.410189
0.422342
0.402428
0.409779
0.423446
0.447439
0.447196
0.471585
0.455807
0.428622
0.407947
0.440583
0.410419
0.415093
0.420302
0.439485
0.444584
0.431144
0.417749
0.396751
0.375191
0.360615
0.361056
0.412836
0.422829
0.435652
0.433949
0.415846
0.386157
0.38434
0.391109
0.405006
0.477987
0.437635
0.444832
0.42307
0.434078
0.435113
0.414471
0.437746
0.449258
0.413672
0.387733
0.375008
0.363426
0.358154
0.364582
0.364056
0.376667
0.411558
0.412912
0.442017
0.452677
0.396066
0.494704
0.505703
0.436182
0.441372
0.391792
0.362165
0.358855
0.3711
0.391553
0.37247
0.368355
0.371721
0.402372
0.474968
0.456289
0.437944
0.489454
0.415097
0.42465
0.453612
0.452621
0.45565
0.437003
0.386495
0.415705
0.389398
0.403803
0.426681
0.424042
0.394199
0.395491
0.426208
0.392434
0.375132
0.374602
0.375808
0.380909
0.356124
0.361149
0.348063
0.345202
0.352686
0.350563
0.35591
0.364122
0.361592
0.3805
0.376826
0.367867
0.357545
0.352921
0.352426
0.364882
0.381274
0.368547
0.384308
0.403477
0.391799
0.375494
0.382279
0.385775
0.392881
0.406151
0.398205
0.378055
0.373168
0.355146
0.355865
0.344786
0.34191
0.358871
0.383962
0.363965
0.379782
0.398118
0.395536
0.422447
0.370378
0.396555
0.385776
0.377972
0.360688
0.37246
0.350816
0.356535
0.363047
0.361858
0.366785
0.362005
0.368779
0.354109
0.359529
0.363428
0.380473
0.398833
0.391928
0.393155
0.390814
0.397504
0.417791
0.393757
0.399762
0.43018
0.405931
0.404894
0.412652
0.393883
0.402255
0.384515
0.399958
0.405244
0.393223
0.392625
0.390408
0.393708
0.374801
0.372577
0.370136
0.362345
0.36003
0.366398
0.371001
0.3695
0.376193
0.368241
0.355527
0.338079
0.340356
0.344925
0.352835
0.369546
0.367889
0.348479
0.362817
0.349316
0.355588
0.37487
0.377874
0.397778
0.388876
0.393688
0.360888
0.347697
0.337949
0.342669
0.341586
0.337844
0.360484
0.382301
0.386307
0.382851
0.40905
0.393653
0.373903
0.356137
0.384732
0.391415
0.400951
0.408861
0.410937
0.414747
0.428077
0.397022
0.395989
0.410722
0.401121
0.366636
0.381255
0.435847
0.405173
0.396334
0.40452
0.426659
0.391864
0.366415
0.3628
0.371325
0.371864
0.355371
0.358832
0.347757
0.347856
0.365703
0.364206
0.353738
0.368664
0.382972
0.393353
0.416079
0.451904
0.425059
0.420891
0.494086
0.46026
0.490767
0.500231
0.411238
0.3833
0.381604
0.3914
0.396329
0.404797
0.400449
0.397084
0.417459
0.404017
0.377542
0.374337
0.36779
0.393839
0.400934
0.414538
0.381886
0.374326
0.392645
0.404754
0.418777
0.438333
0.453183
0.485528
0.448683
0.466666
0.479718
0.420572
0.432587
0.44889
0.452401
0.470314
0.455203
0.459399
0.446067
0.46939
0.493161
0.473777
0.508119
0.477845
0.525926
0.548338
0.488432
0.508785
0.373949
0.364201
0.36277
0.368929
0.372173
0.388959
0.390407
0.39664
0.402318
0.433813
0.405843
0.38342
0.370236
0.373393
0.380177
0.392476
0.425831
0.441878
0.440976
0.478168
0.49214
0.469431
0.438281
0.423855
0.429653
0.523989
0.509196
0.451032
0.491164
0.446306
0.418498
0.418174
0.414522
0.393419
0.371529
0.381721
0.370932
0.365609
0.376906
0.393878
0.368119
0.364645
0.365756
0.360421
0.375585
0.384287
0.415609
0.391586
0.375354
0.389447
0.385785
0.379889
0.384389
0.390672
0.395117
0.367189
0.375813
0.366284
0.366066
0.375459
0.389834
0.391979
0.425747
0.427745
0.441773
0.389147
0.39984
0.380819
0.364559
0.357894
0.368423
0.395303
0.417184
0.427763
0.448556
0.453123
0.433371
0.407213
0.402159
0.417049
0.417369
0.387113
0.434874
0.456516
0.432988
0.414535
0.416361
0.433016
0.448637
0.44038
0.42977
0.4762
0.457946
0.447129
0.464691
0.494334
0.489794
0.496039
0.5432
0.430613
0.428837
0.47994
0.523988
0.444408
0.455738
0.439225
0.422419
0.419599
0.423652
0.399771
0.400571
0.435224
0.401929
0.440114
0.455156
0.383704
0.408447
0.394997
0.38449
0.386166
0.410071
0.402176
0.403283
0.388371
0.391615
0.412493
0.405839
0.397853
0.398156
0.420234
0.40801
0.387971
0.385418
0.381375
0.394896
0.406982
0.392279
0.371028
0.383511
0.413868
0.429031
0.447958
0.426431
0.420819
0.389406
0.37133
0.366019
0.434061
0.373765
0.360223
0.355844
0.357227
0.363777
0.367393
0.353741
0.345239
0.350485
0.34704
0.354786
0.357912
0.363849
0.355412
0.334166
0.342329
0.342593
0.346583
0.345781
0.340296
0.346879
0.354177
0.360257
0.360634
0.369093
0.352755
0.348263
0.354929
0.37268
0.361449
0.345556
0.344454
0.344762
0.355735
0.35342
0.356898
0.373131
0.383089
0.372122
0.382439
0.391806
0.383896
0.375658
0.407729
0.372909
0.363499
0.348769
0.34289
0.351599
0.352272
0.35581
0.363528
0.366092
0.366421
0.386694
0.387658
0.38553
0.374301
0.399494
0.365071
0.355355
0.370657
0.376
0.396007
0.379974
0.394313
0.404856
0.39913
0.383574
0.35299
0.380603
0.380278
0.3719
0.368662
0.369584
0.362276
0.376429
0.39468
0.417422
0.395147
0.408316
0.364554
0.392893
0.39941
0.400349
0.459968
0.455304
0.419195
0.436477
0.424793
0.433015
0.465394
0.467894
0.499073
0.483829
0.460701
0.485927
0.485526
0.451939
0.429855
0.385018
0.389446
0.389568
0.389911
0.387084
0.414916
0.444801
0.422317
0.449411
0.419128
0.403734
0.400807
0.412952
0.390034
0.410736
0.424088
0.428457
0.427829
0.420293
0.418794
0.41929
0.418798
0.413449
0.380264
0.405552
0.392875
0.377447
0.353984
0.349433
0.348522
0.359218
0.363971
0.350601
0.368561
0.356031
0.364194
0.390376
0.402279
0.389446
0.400383
0.397585
0.373408
0.362954
0.368126
0.394172
0.368068
0.375931
0.364863
0.38539
0.39936
0.404256
0.38484
0.396005
0.387401
0.360893
0.396344
0.383017
0.408319
0.395798
0.385544
0.380311
0.363381
0.349406
0.347668
0.342605
0.35068
0.34926
0.337959
0.351459
0.347386
0.344715
0.35747
0.365228
0.369409
0.362153
0.359632
0.382029
0.40328
0.416295
0.394395
0.394667
0.398157
0.403774
0.370399
0.357122
0.353158
0.358537
0.352058
0.350362
0.356274
0.370242
0.404674
0.403756
0.364268
0.379986
0.389462
0.407781
0.37394
0.375822
0.374362
0.389838
0.382907
0.380713
0.423441
0.440181
0.484651
0.456008
0.403222
0.431476
0.437445
0.435846
0.42029
0.414836
0.406461
0.388532
0.384396
0.375106
0.377777
0.369655
0.369647
0.365416
0.371589
0.396727
0.390902
0.430143
0.460096
0.473414
0.431385
0.497068
0.457377
0.432757
0.444614
0.429814
0.412537
0.557895
0.541533
0.540841
0.489437
0.480892
0.517241
0.511744
0.45148
0.452308
0.435046
0.488008
0.515928
0.48669
0.533401
0.514308
0.527512
0.455059
0.460959
0.41198
0.395484
0.389587
0.367359
0.375307
0.394455
0.397381
0.39051
0.393646
0.389646
0.407741
0.413209
0.402588
0.406057
0.409485
0.382766
0.370082
0.360925
0.368182
0.360044
0.382644
0.376483
0.376164
0.384343
0.383594
0.366641
0.386256
0.410243
0.432406
0.418312
0.446009
0.412272
0.388419
0.377955
0.355514
0.355382
0.352124
0.339981
0.348075
0.349984
0.358281
0.35468
0.352317
0.343315
0.350973
0.349489
0.342746
0.34423
0.344403
0.345826
0.357818
0.367809
0.373122
0.408177
0.426034
0.416295
0.399095
0.421296
0.422159
0.429169
0.420884
0.406822
0.408591
0.3853
0.366216
0.354104
0.356398
0.365303
0.352409
0.353821
0.351582
0.363366
0.366327
0.378254
0.394409
0.387572
0.41396
0.409872
0.401567
0.402949
0.418533
0.407134
0.401913
0.382506
0.401832
0.429021
0.414619
0.373182
0.362537
0.34269
0.349002
0.347794
0.346143
0.354956
0.351898
0.354157
0.362216
0.344792
0.346815
0.338499
0.346634
0.349732
0.337761
0.349689
0.348742
0.361437
0.378566
0.366716
0.377857
0.359203
0.354293
0.355676
0.359801
0.39816
0.378891
0.368719
0.363368
0.382129
0.371445
0.376177
0.368279
0.388597
0.390694
0.405988
0.407546
0.412615
0.420401
0.383358
0.401189
0.366281
0.363156
0.364082
0.362944
0.366039
0.388644
0.393131
0.42674
0.406351
0.398447
0.378216
0.384182
0.372884
0.370969
0.367045
0.381233
0.404079
0.389606
0.406292
0.389881
0.38362
0.362203
0.358276
0.349053
0.351763
0.35306
0.355202
0.341606
0.346553
0.367907
0.377592
0.372266
0.372904
0.361907
0.353338
0.352667
0.357093
0.360234
0.392094
0.395709
0.380435
0.3864
0.364258
0.364202
0.368563
0.366581
0.38565
0.374647
0.365472
0.349717
0.360252
0.370522
0.365363
0.367973
0.363394
0.363641
0.383157
0.404234
0.39447
0.378795
0.395301
0.402329
0.375428
0.358738
0.355605
0.389949
0.394611
0.369217
0.363554
0.363279
0.354971
0.341956
0.342089
0.344765
0.341255
0.343951
0.360781
0.387144
0.383215
0.380642
0.36591
0.362666
0.376752
0.382441
0.374993
0.377257
0.378216
0.392946
0.360513
0.35986
0.357982
0.354057
0.346719
0.351019
0.368066
0.376292
0.398327
0.413153
0.3685
0.357378
0.351884
0.345848
0.344146
0.366374
0.344755
0.344336
0.344315
0.349197
0.34371
0.344641
0.344307
0.338459
0.344166
0.355099
0.351803
0.358427
0.371175
0.411494
0.412582
0.418164
0.39916
0.393549
0.373907
0.367399
0.3648
0.373071
0.389116
0.375712
0.370126
0.380639
0.395738
0.403258
0.377042
0.373661
0.398145
0.399303
0.373939
0.372824
0.357034
0.387452
0.356099
0.407173
0.41066
0.410753
0.393727
0.425815
0.412834
0.38739
0.382614
0.372144
0.371398
0.35899
0.361175
0.354144
0.358138
0.372179
0.397224
0.390252
0.374361
0.35673
0.342494
0.346371
0.338652
0.346611
0.365034
0.375437
0.355488
0.362488
0.41066
0.385309
0.359736
0.351394
0.350425
0.355718
0.360848
0.385449
0.40421
0.382731
0.408194
0.366771
0.343424
0.354319
0.352359
0.363608
0.39372
0.392593
0.36199
0.364894
0.358303
0.361615
0.367652
0.367139
0.369558
0.37683
0.348456
0.349878
0.354878
0.36014
0.352219
0.370712
0.373563
0.384113
0.395864
0.409938
0.420368
0.428248
0.437489
0.43571
0.415617
0.40469
0.424393
0.410974
0.390877
0.393297
0.417137
0.381507
0.396032
0.434896
0.510578
0.528759
0.565404
0.500708
0.457615
0.444425
0.444653
0.432213
0.401052
0.397608
0.425857
0.414363
0.448857
0.429923
0.402162
0.404136
0.389351
0.386451
0.401648
0.415589
0.449436
0.426617
0.392336
0.371101
0.356589
0.352611
0.383433
0.409455
0.433249
0.41461
0.390028
0.397764
0.418252
0.438426
0.418548
0.361416
0.359702
0.349822
0.34812
0.346972
0.353174
0.35344
0.359195
0.355933
0.350794
0.356255
0.354824
0.353661
0.349331
0.34969
0.348689
0.352423
0.345408
0.344555
0.345269
0.347612
0.349046
0.347461
0.345717
0.353318
0.360951
0.392272
0.449257
0.43124
0.403103
0.391601
0.403051
0.389191
0.413282
0.387743
0.390676
0.393263
0.380831
0.399256
0.410856
0.415775
0.386939
0.383056
0.363972
0.380991
0.389743
0.37696
0.37016
0.3804
0.423569
0.396167
0.367636
0.362576
0.361877
0.353571
0.370246
0.368617
0.355803
0.3491
0.355049
0.378606
0.38104
0.38839
0.411273
0.408541
0.39197
0.411236
0.417129
0.404614
0.396105
0.377207
0.381208
0.384121
0.370779
0.369096
0.39211
0.384927
0.406052
0.403948
0.394973
0.368411
0.36136
0.370734
0.374704
0.372763
0.391771
0.392426
0.392777
0.389965
0.383311
0.405953
0.399629
0.425574
0.38173
0.391114
0.384792
0.386402
0.408437
0.410398
0.391726
0.42336
0.39944
0.415963
0.397134
0.385074
0.392697
0.414684
0.425514
0.394848
0.389846
0.40913
0.414067
0.389806
0.431198
0.395445
0.407901
0.37584
0.389833
0.389798
0.363778
0.372345
0.355886
0.350492
0.338241
0.346829
0.345333
0.360616
0.369466
0.358769
0.371173
0.370175
0.359522
0.357879
0.37134
0.368272
0.39026
0.351901
0.348329
0.353443
0.381708
0.367325
0.367967
0.368095
0.37621
0.394248
0.387733
0.390845
0.373796
0.365306
0.369375
0.38115
0.357887
0.350224
0.360497
0.352118
0.349948
0.358098
0.367457
0.361365
0.372322
0.353268
0.346959
0.342209
0.342641
0.344275
0.347979
0.365788
0.385957
0.358984
0.383211
0.377408
0.380594
0.374515
0.363908
0.370501
0.386536
0.392281
0.40058
0.41054
0.383095
0.37691
0.385755
0.388927
0.385456
0.387548
0.391683
0.35703
0.356004
0.369118
0.384645
0.387197
0.363868
0.358812
0.35234
0.350367
0.367238
0.390393
0.398125
0.3671
0.375219
0.399764
0.389578
0.365967
0.372755
0.416584
0.403295
0.384117
0.38029
0.37048
0.366346
0.358055
0.359805
0.36853
0.39476
0.382848
0.458918
0.434348
0.460658
0.453669
0.454202
0.444494
0.474903
0.439644
0.420201
0.395141
0.430709
0.408374
0.451631
0.444629
0.458258
0.485769
0.431054
0.408129
0.425245
0.477507
0.448152
0.426801
0.397015
0.389208
0.377265
0.362506
0.379734
0.405099
0.404974
0.387678
0.395648
0.370391
0.380439
0.426515
0.458522
0.480796
0.485208
0.437312
0.441844
0.403538
0.380217
0.379363
0.405833
0.425915
0.46072
0.409883
0.386484
0.381657
0.393791
0.42481
0.430461
0.409723
0.40102
0.405036
0.421038
0.444182
0.404284
0.37139
0.353171
0.364035
0.364807
0.380485
0.373712
0.357437
0.355328
0.360433
0.364538
0.37144
0.3846
0.379835
0.409307
0.446567
0.452895
0.40986
0.436434
0.460948
0.395887
0.452421
0.447039
0.469951
0.470155
0.46157
0.439882
0.440242
0.42592
0.441553
0.460326
0.489925
0.474188
0.497344
0.483367
0.477636
0.477445
0.498812
0.477441
0.473827
0.44748
0.435033
0.428877
0.455584
0.405695
0.421101
0.44819
0.462183
0.433406
0.428043
0.431947
0.410344
0.431992
0.421355
0.453661
0.431339
0.419293
0.378021
0.373779
0.368309
0.385025
0.431811
0.420592
0.413621
0.399708
0.394864
0.409757
0.428653
0.426468
0.430215
0.449755
0.422431
0.429739
0.418064
0.408149
0.421054
0.418238
0.388829
0.373965
0.39013
0.415194
0.390533
0.398579
0.426694
0.390098
0.372085
0.369059
0.369784
0.395294
0.416863
0.40184
0.390065
0.42671
0.397235
0.410865
0.410739
0.403999
0.412594
0.399047
0.449846
0.444496
0.484876
0.464469
0.522238
0.414446
0.431879
0.500376
0.523955
0.466775
0.447005
0.470949
0.433776
0.463993
0.474133
0.478083
0.413908
0.396379
0.43738
0.415332
0.443709
0.469543
0.438337
0.500425
0.467134
0.43085
0.494131
0.48526
0.501135
0.432473
0.361564
0.418162
0.402226
0.388996
0.403127
0.376689
0.359679
0.353767
0.359378
0.364067
0.358999
0.375505
0.375659
0.388651
0.42394
0.41895
0.408743
0.380954
0.358604
0.36076
0.351811
0.35527
0.378549
0.389801
0.376356
0.377668
0.370612
0.34897
0.35111
0.367729
0.38635
0.36543
0.354203
0.338149
0.344888
0.348313
0.344941
0.340175
0.339704
0.35457
0.350411
0.352086
0.368846
0.371684
0.382233
0.383727
0.370137
0.35718
0.367698
0.414089
0.408457
0.366464
0.364845
0.37781
0.383371
0.369321
0.361814
0.360373
0.366598
0.362774
0.36706
0.380909
0.381491
0.371416
0.349369
0.358272
0.374782
0.383004
0.379049
0.374436
0.384428
0.378642
0.384384
0.398672
0.386049
0.386599
0.388098
0.400813
0.3891
0.382412
0.421715
0.426021
0.408392
0.384914
0.371028
0.353671
0.348556
0.353017
0.347861
0.347662
0.344758
0.345809
0.353221
0.357145
0.375721
0.373327
0.35033
0.356775
0.377404
0.399957
0.386315
0.378333
0.349862
0.362713
0.337948
0.342574
0.343217
0.345375
0.350704
0.372308
0.380794
0.402557
0.403793
0.398046
0.434783
0.411286
0.426143
0.414907
0.40048
0.406455
0.404775
0.413889
0.4192
0.406773
0.402025
0.367184
0.360184
0.387128
0.381594
0.359991
0.358181
0.365201
0.375182
0.371293
0.378434
0.388442
0.385246
0.391682
0.386308
0.360576
0.34574
0.357372
0.373642
0.366818
0.365087
0.373739
0.352315
0.362668
0.358087
0.375387
0.393635
0.386769
0.359256
0.364657
0.3717
0.352944
0.36146
0.359889
0.372435
0.384161
0.383697
0.387479
0.391025
0.378675
0.377803
0.378852
0.375085
0.407221
0.401141
0.39932
0.369593
0.388749
0.397881
0.400185
0.401356
0.40759
0.412798
0.403288
0.395729
0.365357
0.348019
0.348872
0.352662
0.365222
0.389043
0.394608
0.397069
0.405677
0.375635
0.380267
0.370095
0.373164
0.370777
0.36751
0.391014
0.417391
0.412178
0.413329
0.434491
0.445354
0.426806
0.433631
0.395734
0.390937
0.374682
0.369384
0.365321
0.406745
0.417533
0.40649
0.377027
0.401565
0.408587
0.443151
0.444577
0.443637
0.443027
0.425152
0.445542
0.418492
0.407353
0.425113
0.402413
0.390576
0.390738
0.421255
0.416151
0.374265
0.386294
0.399168
0.430557
0.466732
0.446585
0.454855
0.493147
0.455184
0.436776
0.461906
0.458964
0.526822
0.558791
0.570856
0.548579
0.533085
0.473067
0.394281
0.472077
0.476471
0.492945
0.511282
0.46197
0.494488
0.413164
0.377297
0.389293
0.365884
0.348589
0.34954
0.353093
0.374532
0.362285
0.351816
0.358536
0.377561
0.354583
0.360564
0.35425
0.351397
0.353072
0.357586
0.370995
0.381886
0.369386
0.375435
0.361042
0.361918
0.361455
0.36411
0.370615
0.387255
0.389236
0.403044
0.408108
0.401891
0.419936
0.393589
0.397202
0.413498
0.408102
0.423265
0.410872
0.429145
0.396435
0.406206
0.408348
0.41245
0.410159
0.417884
0.443915
0.452125
0.39343
0.406124
0.40808
0.391841
0.403725
0.398073
0.39042
0.395257
0.403335
0.432832
0.416227
0.41221
0.383517
0.389654
0.387667
0.403413
0.409439
0.387001
0.394909
0.394357
0.405129
0.398716
0.397011
0.416496
0.469005
0.48422
0.479322
0.438695
0.425197
0.390601
0.392187
0.474485
0.429389
0.38581
0.372502
0.37173
0.382824
0.444804
0.429714
0.415879
0.383396
0.366236
0.368118
0.360261
0.369589
0.389261
0.431448
0.442322
0.452626
0.436151
0.455317
0.379693
0.386757
0.420602
0.443851
0.404571
0.418516
0.400732
0.446968
0.448743
0.442511
0.446827
0.43995
0.425622
0.435385
0.437116
0.393173
0.424509
0.438712
0.445854
0.432949
0.430331
0.4669
0.50058
0.507268
0.497293
0.484615
0.488328
0.482455
0.486487
0.398669
0.403466
0.396286
0.368123
0.359179
0.352878
0.360793
0.363112
0.370209
0.351327
0.348839
0.368118
0.341656
0.352881
0.345061
0.342028
0.348084
0.344792
0.346087
0.364194
0.382494
0.367631
0.3772
0.358315
0.351486
0.358726
0.375818
0.379024
0.389535
0.386023
0.382375
0.38566
0.366762
0.362506
0.371428
0.37065
0.377962
0.381852
0.388759
0.392749
0.391787
0.420031
0.480272
0.462579
0.474676
0.454935
0.514823
0.51967
0.5048
0.48211
0.506414
0.392221
0.385168
0.379416
0.395604
0.406857
0.445925
0.423872
0.401051
0.39164
0.385092
0.400094
0.387172
0.356167
0.351475
0.357186
0.370227
0.355741
0.391424
0.3886
0.378925
0.365601
0.359394
0.354759
0.360433
0.353069
0.351103
0.375599
0.392331
0.382102
0.380609
0.358617
0.343325
0.348541
0.34415
0.351122
0.367514
0.373676
0.360142
0.370224
0.372199
0.368644
0.37468
0.358915
0.361521
0.349657
0.349254
0.361178
0.376479
0.405802
0.443152
0.457229
0.467582
0.42537
0.442241
0.417535
0.415434
0.440088
0.457429
0.443684
0.396618
0.380205
0.404252
0.416303
0.407826
0.419227
0.381278
0.366931
0.372105
0.399002
0.416019
0.430534
0.422056
0.453836
0.449937
0.423344
0.4326
0.396478
0.418626
0.429824
0.426891
0.391123
0.402047
0.37329
0.364143
0.357625
0.359149
0.359237
0.37066
0.389213
0.427834
0.442987
0.451452
0.474043
0.433756
0.508978
0.477938
0.449425
0.431824
0.435798
0.41051
0.428833
0.4288
0.462758
0.479689
0.477469
0.425
0.456324
0.516677
0.500141
0.480829
0.459026
0.447743
0.479729
0.480454
0.478518
0.409623
0.396683
0.389914
0.379699
0.377636
0.375216
0.380939
0.410764
0.432806
0.452344
0.452587
0.446902
0.423157
0.433105
0.406437
0.438118
0.480412
0.444232
0.456282
0.443025
0.410165
0.373787
0.356843
0.346289
0.363799
0.371945
0.367063
0.360231
0.378094
0.40773
0.385524
0.397712
0.410969
0.41643
0.431105
0.430254
0.433355
0.473584
0.488492
0.483534
0.464438
0.426234
0.370287
0.388059
0.41184
0.411078
0.42789
0.415082
0.442254
0.448837
0.425747
0.416454
0.428524
0.420961
0.426774
0.397665
0.38716
0.374465
0.38295
0.380596
0.426177
0.394127
0.369571
0.373761
0.385998
0.386858
0.383973
0.402941
0.458317
0.45415
0.449079
0.39948
0.349385
0.396815
0.410291
0.44211
0.471288
0.434222
0.439973
0.408431
0.430999
0.406709
0.405366
0.421962
0.433261
0.422009
0.37115
0.365793
0.360848
0.351881
0.379092
0.387566
0.400163
0.395327
0.399721
0.408922
0.419266
0.384198
0.401472
0.419137
0.399993
0.383719
0.401282
0.390537
0.386393
0.376833
0.363076
0.369785
0.408073
0.414617
0.38961
0.373298
0.371393
0.391137
0.377883
0.356257
0.381574
0.377964
0.396685
0.408688
0.409533
0.392662
0.399576
0.375459
0.366846
0.377829
0.404568
0.406314
0.38755
0.380828
0.383383
0.381292
0.38959
0.415031
0.394974
0.395914
0.369877
0.360154
0.34923
0.348107
0.366339
0.339436
0.348261
0.352078
0.35623
0.371178
0.403067
0.419441
0.404947
0.380091
0.368711
0.344712
0.342661
0.35182
0.354854
0.349732
0.375751
0.395577
0.383812
0.373506
0.354855
0.362447
0.355233
0.352608
0.361915
0.376114
0.377212
0.372844
0.368316
0.378396
0.37626
0.358496
0.395808
0.412001
0.40364
0.415689
0.403678
0.40019
0.412681
0.38804
0.418483
0.435624
0.392653
0.385291
0.361101
0.394207
0.427619
0.439698
0.413739
0.397885
0.446824
0.416541
0.368676
0.365967
0.389639
0.363177
0.362615
0.369244
0.373166
0.367946
0.377636
0.376435
0.368022
0.369415
0.371388
0.347274
0.342336
0.340997
0.350121
0.347572
0.33729
0.341725
0.345131
0.343664
0.349206
0.361271
0.361466
0.392883
0.390005
0.381107
0.406683
0.397085
0.376647
0.391749
0.408056
0.382221
0.383669
0.378414
0.37356
0.398252
0.444869
0.430386
0.413808
0.425705
0.408842
0.447791
0.38055
0.407188
0.390303
0.424378
0.442345
0.387645
0.380651
0.39754
0.421998
0.427053
0.388021
0.389276
0.414275
0.409585
0.462876
0.456288
0.402387
0.437784
0.42421
0.411292
0.384347
0.369632
0.371774
0.384218
0.419307
0.453886
0.42471
0.494218
0.461768
0.433692
0.544623
0.533346
0.569998
0.519748
0.571469
0.56788
0.579094
0.483015
0.418456
0.432476
0.39336
0.39639
0.401411
0.395599
0.36481
0.397558
0.408949
0.398142
0.392665
0.392826
0.415731
0.406283
0.396226
0.381799
0.373038
0.364396
0.34644
0.349246
0.349025
0.359088
0.346556
0.347391
0.354149
0.370239
0.379776
0.385448
0.387031
0.403239
0.375369
0.424173
0.395707
0.374665
0.389813
0.380086
0.401946
0.418453
0.392054
0.385627
0.371945
0.375971
0.390483
0.369051
0.354584
0.37358
0.374237
0.360313
0.34738
0.353544
0.364293
0.376519
0.389022
0.403468
0.372116
0.355893
0.354774
0.352364
0.347351
0.343017
0.353653
0.355804
0.378007
0.408767
0.448354
0.429324
0.446063
0.46343
0.434321
0.466151
0.431114
0.463456
0.416388
0.44858
0.458081
0.417248
0.390548
0.397762
0.395021
0.403692
0.399224
0.376999
0.388727
0.40108
0.390332
0.409125
0.435897
0.365926
0.406199
0.403149
0.395417
0.39524
0.403779
0.388718
0.384383
0.392328
0.38885
0.405265
0.426974
0.400278
0.399936
0.399292
0.370568
0.390747
0.41
0.391524
0.354863
0.34919
0.361883
0.389578
0.396799
0.389246
0.407339
0.418269
0.388123
0.400924
0.409431
0.381593
0.386374
0.389961
0.371273
0.363207
0.392988
0.418838
0.381412
0.388367
0.411664
0.396793
0.41871
0.406363
0.401256
0.409612
0.407535
0.406639
0.434828
0.443554
0.438556
0.423362
0.475377
0.423094
0.409604
0.429309
0.433465
0.428617
0.434319
0.496888
0.456559
0.430343
0.4327
0.428421
0.431234
0.447344
0.423132
0.421635
0.433713
0.467705
0.459932
0.426085
0.387479
0.394674
0.386789
0.389385
0.371006
0.353937
0.343339
0.355305
0.356434
0.372383
0.415477
0.392246
0.396008
0.38361
0.403208
0.440416
0.421303
0.403824
0.414712
0.4323
0.428199
0.383066
0.38175
0.400196
0.415416
0.407646
0.435527
0.468045
0.475056
0.46128
0.408807
0.382616
0.391659
0.418763
0.41873
0.397509
0.370133
0.375548
0.388905
0.401499
0.436692
0.425831
0.418291
0.491743
0.453643
0.402129
0.430838
0.41484
0.485931
0.458862
0.439033
0.399473
0.465687
0.487943
0.461688
0.5291
0.521193
0.496283
0.534188
0.503937
0.513839
0.495879
0.495574
0.471771
0.478451
0.476112
0.540041
0.552113
0.556695
0.535655
0.530943
0.548655
0.594656
0.588609
0.559748
0.491451
0.442331
0.470879
0.475976
0.42663
0.395649
0.427439
0.451626
0.422043
0.383071
0.393322
0.441291
0.446026
0.441301
0.417017
0.435894
0.423399
0.398638
0.361547
0.360142
0.368105
0.395172
0.414625
0.441262
0.446661
0.455351
0.444619
0.4437
0.432509
0.42889
0.438284
0.402336
0.385081
0.413149
0.394102
0.404054
0.399944
0.404591
0.367768
0.360612
0.372777
0.386406
0.403044
0.419803
0.386873
0.407651
0.40728
0.39793
0.406654
0.415126
0.386323
0.390393
0.394488
0.407662
0.398242
0.389283
0.39943
0.419529
0.424667
0.437332
0.4309
0.427496
0.38623
0.410878
0.404434
0.387496
0.412512
0.420474
0.389258
0.432158
0.431936
0.399863
0.382165
0.383243
0.395958
0.407118
0.392235
0.428053
0.49948
0.435175
0.434915
0.432481
0.413464
0.415438
0.420513
0.431028
0.438113
0.449182
0.413927
0.440613
0.449321
0.455335
0.409385
0.405341
0.399664
0.367836
0.365434
0.364692
0.374688
0.363797
0.352387
0.355889
0.343185
0.34615
0.34221
0.345238
0.350975
0.35152
0.359037
0.383574
0.385824
0.376762
0.402046
0.381155
0.382336
0.373492
0.383139
0.384871
0.412441
0.391282
0.402891
0.372341
0.351068
0.353099
0.353254
0.35696
0.359919
0.36841
0.395566
0.428128
0.428712
0.473982
0.475288
0.480319
0.484647
0.515269
0.488418
0.436772
0.394493
0.417257
0.450801
0.371384
0.437731
0.437123
0.420582
0.384236
0.414124
0.45578
0.476246
0.466182
0.522796
0.44808
0.416052
0.455385
0.414203
0.353685
0.373834
0.374216
0.373214
0.367645
0.396341
0.419854
0.394461
0.39299
0.427459
0.468521
0.443593
0.405294
0.385291
0.373597
0.378339
0.405081
0.380372
0.372639
0.40455
0.396392
0.394497
0.423842
0.408736
0.427739
0.412044
0.394422
0.393628
0.430203
0.39732
0.435226
0.456795
0.486243
0.45201
0.403575
0.394129
0.430382
0.43276
0.472642
0.48177
0.444987
0.47047
0.470564
0.439724
0.490176
0.415189
0.423206
0.390455
0.381682
0.366272
0.402552
0.379695
0.369314
0.370673
0.374794
0.388266
0.40661
0.435892
0.414563
0.40173
0.404641
0.404577
0.438977
0.439681
0.408279
0.441946
0.394092
0.346069
0.405438
0.411155
0.433508
0.444901
0.402085
0.412615
0.457216
0.483177
0.410403
0.416178
0.422828
0.44075
0.454454
0.449108
0.424571
0.459221
0.480888
0.492576
0.453834
0.424221
0.431264
0.436917
0.444646
0.432965
0.456419
0.439216
0.434963
0.471302
0.461467
0.466133
0.481721
0.501166
0.550873
0.568267
0.520922
0.534036
0.575178
0.564962
0.560754
0.516266
0.543121
0.462423
0.432164
0.401407
0.369997
0.391375
0.399349
0.444327
0.376757
0.417216
0.455909
0.425139
0.439284
0.418377
0.39244
0.432311
0.436824
0.423709
0.449003
0.423436
0.41659
0.400244
0.41335
0.38666
0.410742
0.41924
0.352571
0.423095
0.444662
0.453246
0.415627
0.429419
0.431566
0.443706
0.403983
0.402927
0.372405
0.365367
0.365887
0.362908
0.356862
0.357456
0.351438
0.3529
0.349686
0.359268
0.363984
0.381979
0.395874
0.371431
0.378671
0.358415
0.368341
0.379646
0.386974
0.365831
0.372279
0.427113
0.40491
0.402115
0.426655
0.450762
0.412431
0.4091
0.41616
0.438274
0.396168
0.365281
0.348109
0.350858
0.352132
0.362144
0.367133
0.371115
0.362786
0.36799
0.368479
0.371011
0.385415
0.407134
0.416908
0.465063
0.494523
0.471059
0.453044
0.46715
0.434409
0.491796
0.449326
0.384278
0.37683
0.353712
0.389877
0.376097
0.372395
0.363846
0.354845
0.372792
0.454798
0.447454
0.379142
0.389738
0.408198
0.406484
0.390294
0.463569
0.504174
0.518827
0.46686
0.480043
0.411579
0.515834
0.534683
0.531126
0.524575
0.492854
0.508826
0.490157
0.521343
0.479761
0.480436
0.512599
0.511071
0.516247
0.505973
0.501422
0.461931
0.461123
0.484273
0.460354
0.43226
0.410993
0.427422
0.485377
0.44248
0.452102
0.445633
0.453992
0.414795
0.424701
0.439974
0.435654
0.393816
0.379967
0.363312
0.359588
0.356115
0.366897
0.400147
0.395877
0.373856
0.366717
0.362441
0.374956
0.400852
0.408574
0.400958
0.385833
0.373146
0.373103
0.34997
0.363484
0.375874
0.353108
0.349865
0.36211
0.385018
0.397254
0.393857
0.411126
0.411675
0.406032
0.402538
0.381317
0.391714
0.368589
0.362316
0.352593
0.354473
0.356345
0.342101
0.354676
0.367552
0.380893
0.378599
0.382037
0.401416
0.387269
0.362597
0.378521
0.358122
0.362709
0.35184
0.361232
0.374278
0.363557
0.382311
0.415881
0.396599
0.38553
0.379035
0.389596
0.395147
0.397432
0.419297
0.416785
0.43115
0.423586
0.443145
0.458215
0.390743
0.419523
0.424566
0.433137
0.469864
0.439131
0.499803
0.464347
0.449298
0.494436
0.500979
0.479611
0.452831
0.424227
0.418633
0.392158
0.425336
0.437128
0.427155
0.372682
0.425112
0.458468
0.417141
0.468811
0.464845
0.407126
0.379057
0.393363
0.449922
0.391477
0.429672
0.450623
0.424404
0.432648
0.430605
0.424018
0.411239
0.42622
0.464138
0.470043
0.455104
0.466474
0.431395
0.403449
0.451646
0.473753
0.484315
0.494263
0.43443
0.426991
0.434129
0.433548
0.452495
0.494184
0.500282
0.394099
0.441113
0.435103
0.40724
0.416457
0.386244
0.370023
0.365823
0.411978
0.421374
0.425212
0.436911
0.409739
0.407325
0.388027
0.376605
0.373528
0.38301
0.361837
0.354947
0.355094
0.355453
0.364541
0.390173
0.394353
0.368734
0.363152
0.359802
0.372264
0.380861
0.37416
0.373196
0.348374
0.368669
0.390941
0.388851
0.390645
0.394874
0.386668
0.394761
0.400609
0.355164
0.376187
0.383374
0.389685
0.397317
0.438119
0.416094
0.430689
0.406597
0.400726
0.365814
0.371352
0.409602
0.388349
0.363254
0.37519
0.36654
0.365694
0.359186
0.363806
0.387774
0.397645
0.389239
0.362461
0.380128
0.367044
0.371086
0.396121
0.378197
0.391864
0.384306
0.402785
0.477079
0.406421
0.489535
0.464356
0.478514
0.421524
0.434328
0.430567
0.508242
0.479957
0.4945
0.466736
0.474697
0.445458
0.372338
0.420764
0.47998
0.452722
0.481082
0.483092
0.393231
0.37911
0.363459
0.363564
0.346961
0.347902
0.355781
0.366588
0.369183
0.40804
0.377604
0.385843
0.40731
0.417259
0.377955
0.395438
0.399228
0.380845
0.392004
0.396449
0.401583
0.409691
0.398376
0.390615
0.383192
0.374673
0.373395
0.384053
0.358993
0.357514
0.351491
0.345459
0.355416
0.348117
0.372526
0.406233
0.386549
0.382479
0.366553
0.351521
0.354989
0.351811
0.381824
0.372983
0.357096
0.352445
0.350289
0.359616
0.372036
0.365487
0.3584
0.348592
0.343445
0.342272
0.350513
0.347562
0.344829
0.349848
0.358966
0.359573
0.367096
0.393608
0.373642
0.359179
0.35181
0.357265
0.37365
0.394898
0.39698
0.41585
0.413249
0.415659
0.419492
0.412735
0.416086
0.402357
0.381191
0.386076
0.389096
0.41276
0.395402
0.365919
0.388585
0.400764
0.390278
0.399664
0.391604
0.395432
0.39353
0.406006
0.419201
0.446994
0.392908
0.418863
0.431266
0.410495
0.407949
0.446935
0.445946
0.46076
0.45394
0.500244
0.440237
0.456858
0.491607
0.44647
0.43091
0.441084
0.499272
0.485114
0.44484
0.443614
0.421707
0.431216
0.411313
0.458038
0.474838
0.444992
0.428203
0.425753
0.440569
0.437189
0.486745
0.462754
0.474939
0.502053
0.457937
0.484759
0.473579
0.455572
0.53032
0.503882
0.453835
0.413091
0.403149
0.405357
0.418464
0.415575
0.446356
0.459702
0.421207
0.452099
0.465312
0.485065
0.509008
0.511042
0.58105
0.462808
0.409205
0.415164
0.413916
0.444123
0.421076
0.417456
0.422342
0.383924
0.402978
0.4068
0.421165
0.43472
0.420278
0.412723
0.417475
0.402083
0.439774
0.426291
0.436997
0.408947
0.40413
0.426973
0.4249
0.419808
0.443256
0.394762
0.392554
0.387076
0.409956
0.390724
0.381683
0.391748
0.356464
0.375866
0.394504
0.395293
0.385458
0.358565
0.358876
0.366274
0.38469
0.381769
0.414989
0.423312
0.395172
0.392537
0.389604
0.399418
0.403996
0.379505
0.422968
0.417508
0.422232
0.423135
0.39145
0.394386
0.375833
0.397298
0.391273
0.3981
0.392581
0.41831
0.39457
0.403905
0.408809
0.426266
0.405439
0.422648
0.383867
0.354555
0.354185
0.359636
0.342004
0.340524
0.338586
0.350356
0.338946
0.34454
0.353669
0.36284
0.389524
0.361977
0.383546
0.364471
0.351129
0.345773
0.337341
0.338275
0.34813
0.345075
0.340383
0.341859
0.342857
0.354695
0.347579
0.347215
0.348253
0.349887
0.334713
0.333843
0.34738
0.342777
0.341285
0.34647
0.341747
0.3636
0.370824
0.395248
0.38644
0.376704
0.373675
0.379681
0.385637
0.362338
0.390358
0.371959
0.378416
0.364646
0.382091
0.372205
0.380188
0.388815
0.355943
0.35144
0.343171
0.341903
0.341747
0.34205
0.351227
0.346695
0.34602
0.354175
0.342389
0.340795
0.34516
0.34167
0.347474
0.348884
0.336555
0.348373
0.34578
0.361417
0.366968
0.367905
0.354424
0.357153
0.365685
0.363984
0.371093
0.403526
0.416006
0.413895
0.379116
0.378718
0.399915
0.402038
0.431783
0.451759
0.42369
0.434278
0.415262
0.42922
0.388554
0.36482
0.375272
0.393682
0.385012
0.357416
0.358943
0.36027
0.357404
0.371945
0.397373
0.400866
0.378003
0.372893
0.375828
0.379716
0.403592
0.420868
0.46082
0.453116
0.463738
0.481144
0.459479
0.520966
0.496509
0.51472
0.409382
0.400652
0.37854
0.436326
0.436702
0.407913
0.383282
0.451701
0.472881
0.43917
0.494607
0.401346
0.386419
0.371813
0.364273
0.35038
0.346608
0.34209
0.355805
0.358273
0.358425
0.370308
0.379333
0.3877
0.40019
0.391952
0.389434
0.376819
0.378724
0.412295
0.428869
0.412226
0.406028
0.387432
0.400275
0.385257
0.368997
0.37672
0.374219
0.393877
0.380259
0.360981
0.346016
0.343314
0.350998
0.347298
0.341363
0.342747
0.348024
0.351764
0.38151
0.380954
0.370198
0.345871
0.345469
0.351476
0.35959
0.352467
0.355693
0.392953
0.426617
0.402318
0.407445
0.399254
0.407089
0.395144
0.390245
0.396273
0.387706
0.409452
0.42628
0.406541
0.406867
0.396604
0.406971
0.386856
0.398985
0.394362
0.398569
0.394446
0.380956
0.390167
0.389811
0.416313
0.392586
0.371315
0.377574
0.413749
0.410386
0.44949
0.448595
0.39476
0.420171
0.370885
0.371892
0.444785
0.383603
0.454275
0.456118
0.446688
0.428596
0.421437
0.40523
0.401772
0.408763
0.458986
0.437585
0.454613
0.452722
0.462805
0.45139
0.420055
0.453136
0.475205
0.474521
0.445759
0.428844
0.392453
0.383876
0.382253
0.376819
0.368889
0.403053
0.39314
0.360705
0.356453
0.348896
0.354397
0.361857
0.358423
0.37629
0.37001
0.354766
0.367049
0.377938
0.398518
0.411008
0.404963
0.442715
0.420776
0.462167
0.430151
0.456514
0.408583
0.479655
0.48555
0.399331
0.480295
0.449078
0.44946
0.473059
0.456885
0.431669
0.428801
0.417722
0.417631
0.40947
0.463514
0.499542
0.467081
0.51176
0.472361
0.465593
0.465037
0.480363
0.49866
0.481219
0.510281
0.544752
0.562881
0.569569
0.444868
0.414544
0.432485
0.409882
0.412321
0.450524
0.435101
0.414751
0.389624
0.394479
0.425678
0.430666
0.418137
0.407571
0.409904
0.418352
0.442869
0.427586
0.451132
0.418371
0.430195
0.422573
0.473174
0.420897
0.429935
0.401288
0.40662
0.414372
0.420314
0.402303
0.37181
0.370253
0.364056
0.377978
0.37221
0.377424
0.38801
0.39899
0.40141
0.415437
0.477998
0.470806
0.462485
0.479108
0.418887
0.412694
0.446245
0.426749
0.413857
0.44424
0.426688
0.391514
0.36944
0.359561
0.391011
0.393072
0.390585
0.386123
0.368928
0.393304
0.407105
0.418047
0.401648
0.433448
0.40439
0.393754
0.376751
0.36671
0.36681
0.396829
0.40561
0.380252
0.376947
0.39676
0.422449
0.407912
0.407517
0.422035
0.411516
0.407169
0.416183
0.406232
0.391018
0.42202
0.434863
0.440255
0.418998
0.427673
0.464758
0.470609
0.427352
0.461152
0.482323
0.420659
0.421363
0.438161
0.452622
0.437413
0.469471
0.480149
0.400557
0.424708
0.403346
0.431763
0.426502
0.417736
0.496058
0.507853
0.486891
0.481021
0.447568
0.411444
0.410462
0.435497
0.512861
0.456973
0.480988
0.418271
0.424582
0.440279
0.444036
0.397758
0.41467
0.462994
0.452587
0.421539
0.401097
0.43712
0.446162
0.425854
0.438654
0.391935
0.383637
0.388955
0.440236
0.46049
0.462319
0.467825
0.487559
0.435281
0.460131
0.404119
0.435624
0.448655
0.444303
0.41175
0.388264
0.390751
0.381661
0.375235
0.399412
0.403661
0.37753
0.37955
0.41803
0.440875
0.430497
0.411569
0.457885
0.436797
0.47332
0.434837
0.542663
0.607059
0.608994
0.546631
0.557294
0.543185
0.488282
0.478656
0.514738
0.519939
0.462179
0.439437
0.41292
0.411371
0.417057
0.402581
0.425652
0.475487
0.438265
0.419149
0.44644
0.47365
0.504471
0.460003
0.470851
0.436978
0.417865
0.412355
0.440761
0.475753
0.451817
0.478828
0.468634
0.425802
0.445194
0.419644
0.467762
0.445058
0.44159
0.440195
0.421713
0.432412
0.452638
0.446663
0.430035
0.439395
0.461714
0.437975
0.432541
0.445458
0.411448
0.415766
0.4186
0.463249
0.483131
0.479248
0.497457
0.499367
0.48512
0.499817
0.504585
0.506908
0.421587
0.415331
0.421872
0.422617
0.423569
0.414743
0.401736
0.415426
0.393862
0.435854
0.431798
0.439342
0.502108
0.448875
0.466109
0.43671
0.401018
0.387433
0.403736
0.400134
0.399972
0.446823
0.424694
0.441174
0.42879
0.437483
0.472118
0.483582
0.514236
0.447994
0.417577
0.376629
0.366168
0.371922
0.358158
0.360514
0.369991
0.367676
0.366334
0.358274
0.362668
0.369525
0.387562
0.406826
0.437982
0.478134
0.491284
0.499093
0.488177
0.482781
0.440797
0.430761
0.465794
0.498812
0.409222
0.442263
0.429873
0.388506
0.449588
0.415035
0.411776
0.450434
0.464646
0.427358
0.365416
0.364869
0.399263
0.423209
0.424331
0.427684
0.437374
0.417793
0.412456
0.41593
0.467862
0.482948
0.417491
0.418601
0.418989
0.465467
0.488953
0.488604
0.556526
0.518837
0.488179
0.48537
0.492302
0.532383
0.56074
0.594256
0.53509
0.513308
0.499238
0.524284
0.51608
0.498881
0.473878
0.472071
0.466074
0.485059
0.497849
0.496873
0.448569
0.460193
0.471277
0.480108
0.515284
0.506801
0.447729
0.480411
0.437468
0.468088
0.424632
0.425959
0.427544
0.404681
0.405269
0.414231
0.399196
0.414122
0.400599
0.413799
0.442769
0.435006
0.450108
0.501694
0.528115
0.511411
0.436242
0.512685
0.453565
0.424257
0.437183
0.501708
0.424778
0.388061
0.473285
0.427852
0.488066
0.499146
0.442199
0.401805
0.438381
0.41732
0.456446
0.443465
0.428669
0.444959
0.442209
0.432588
0.471596
0.445827
0.422437
0.451927
0.484743
0.429188
0.435963
0.476618
0.50446
0.472273
0.483291
0.498768
0.413551
0.433691
0.510745
0.489409
0.48997
0.463734
0.500841
0.49403
0.496716
0.490488
0.474682
0.418018
0.454023
0.42168
0.492808
0.434178
0.464361
0.474346
0.51023
0.510056
0.44759
0.421283
0.390423
0.372887
0.357534
0.35487
0.36492
0.373298
0.383887
0.411707
0.400247
0.42151
0.442746
0.472189
0.460124
0.447418
0.407483
0.420039
0.433537
0.416279
0.386768
0.414129
0.413364
0.448006
0.380591
0.473537
0.473275
0.441374
0.443626
0.427461
0.395719
0.449222
0.444964
0.438258
0.453752
0.409388
0.374178
0.390517
0.375399
0.368411
0.376022
0.385071
0.448846
0.464876
0.489622
0.4933
0.512931
0.516926
0.494098
0.532963
0.505535
0.497859
0.513371
0.482232
0.525399
0.499458
0.539337
0.50482
0.558746
0.571465
0.558764
0.528565
0.423518
0.415601
0.367702
0.362787
0.385083
0.411801
0.422353
0.394233
0.369629
0.388077
0.39888
0.399409
0.397372
0.429765
0.411306
0.401384
0.44102
0.404963
0.419566
0.441959
0.41155
0.40246
0.452362
0.436848
0.423711
0.461068
0.417063
0.401845
0.390088
0.410116
0.432664
0.387598
0.448209
0.431913
0.413169
0.41304
0.388587
0.39174
0.3961
0.404912
0.375131
0.371814
0.369267
0.351948
0.345033
0.347445
0.349236
0.362504
0.380764
0.40996
0.392009
0.366177
0.354717
0.354498
0.371229
0.389436
0.403996
0.41573
0.429941
0.39558
0.479757
0.382288
0.372276
0.364404
0.372696
0.361258
0.357405
0.354913
0.379723
0.37574
0.367587
0.360721
0.360198
0.362535
0.407415
0.406656
0.434654
0.451513
0.439168
0.426541
0.433897
0.458276
0.499401
0.398158
0.445683
0.428003
0.429271
0.4094
0.387252
0.37766
0.368857
0.36413
0.382691
0.377865
0.390075
0.379459
0.385069
0.3899
0.402831
0.429162
0.429815
0.437998
0.434708
0.422326
0.386493
0.354359
0.371532
0.405468
0.385162
0.417425
0.422265
0.388313
0.385888
0.357255
0.345577
0.347601
0.34851
0.338377
0.350601
0.353119
0.349921
0.358873
0.351256
0.3768
0.391772
0.37873
0.352669
0.350649
0.362608
0.373146
0.359559
0.406269
0.439332
0.397485
0.428382
0.407213
0.443973
0.45427
0.414892
0.410639
0.457293
0.45387
0.512892
0.486503
0.525761
0.597188
0.585499
0.583978
0.546757
0.532862
0.564851
0.544924
0.541963
0.540322
0.517182
0.505992
0.500172
0.463405
0.53111
0.522933
0.484632
0.443868
0.465078
0.52413
0.521625
0.525514
0.452154
0.440714
0.525425
0.49265
0.517011
0.521457
0.449459
0.503126
0.466575
0.50908
0.504054
0.529061
0.533903
0.548751
0.53632
0.51599
0.414946
0.399714
0.403371
0.415882
0.406576
0.417895
0.415149
0.412818
0.388351
0.419737
0.425493
0.455541
0.492025
0.456939
0.456007
0.438084
0.428638
0.43577
0.446703
0.499502
0.495808
0.446024
0.435028
0.503577
0.524484
0.486478
0.414695
0.432167
0.436893
0.522415
0.511262
0.505033
0.439154
0.507059
0.483661
0.485069
0.506454
0.499224
0.42638
0.479047
0.420168
0.43854
0.534912
0.521449
0.484816
0.505526
0.496209
0.517053
0.47122
0.53274
0.514089
0.537901
0.507599
0.529097
0.490687
0.450476
0.432111
0.450065
0.444076
0.479764
0.512511
0.466713
0.545613
0.475663
0.458531
0.4411
0.441442
0.463345
0.501483
0.441765
0.481505
0.441295
0.452455
0.444767
0.470141
0.44784
0.484468
0.428709
0.453858
0.430886
0.420719
0.387265
0.378231
0.364407
0.376922
0.380601
0.394156
0.396813
0.393279
0.408628
0.384032
0.382417
0.392002
0.387543
0.400255
0.392861
0.371865
0.373511
0.382676
0.389419
0.406395
0.40631
0.411593
0.471036
0.419282
0.428713
0.427115
0.432727
0.415339
0.425913
0.414141
0.400735
0.419086
0.44152
0.444875
0.437738
0.451104
0.479049
0.455301
0.407579
0.483945
0.472748
0.498427
0.475732
0.469782
0.447061
0.449423
0.464823
0.451162
0.500222
0.462892
0.482832
0.451174
0.46248
0.460202
0.410313
0.38978
0.426491
0.446003
0.433337
0.42822
0.41334
0.433622
0.463189
0.464196
0.473568
0.426099
0.438829
0.502984
0.442494
0.457939
0.464518
0.470915
0.489066
0.450385
0.464579
0.506493
0.470889
0.468685
0.464411
0.422676
0.399799
0.421482
0.434319
0.399851
0.388281
0.373
0.392625
0.444634
0.478673
0.49363
0.482324
0.457851
0.461772
0.466776
0.430249
0.429741
0.444858
0.504948
0.541134
0.582288
0.556656
0.582455
0.540661
0.396379
0.374439
0.417489
0.364997
0.377287
0.376511
0.359608
0.351792
0.363349
0.406969
0.373782
0.352308
0.352203
0.346122
0.348851
0.356766
0.348548
0.344119
0.351676
0.350122
0.343487
0.352915
0.354286
0.350754
0.362397
0.392264
0.39455
0.380562
0.365094
0.361712
0.36401
0.384211
0.399436
0.385044
0.36834
0.368239
0.424729
0.442541
0.446419
0.422717
0.452066
0.424116
0.434024
0.441225
0.40747
0.415384
0.46102
0.457378
0.407596
0.434171
0.414881
0.441657
0.422035
0.435735
0.405185
0.414301
0.462585
0.495526
0.497025
0.497576
0.514319
0.520199
0.535824
0.517773
0.527743
0.510926
0.477573
0.413083
0.416006
0.470086
0.481081
0.478632
0.478148
0.540402
0.53202
0.496647
0.48885
0.505525
0.459225
0.462071
0.502403
0.505899
0.484172
0.482137
0.485179
0.441494
0.441827
0.467742
0.452732
0.481419
0.40319
0.423347
0.482489
0.470743
0.473758
0.484982
0.474331
0.465831
0.441112
0.458782
0.433348
0.438478
0.408156
0.423181
0.483511
0.426358
0.493402
0.492134
0.54258
0.534522
0.494611
0.501647
0.528883
0.456627
0.435577
0.448173
0.507597
0.490728
0.514518
0.504321
0.505247
0.485827
0.511189
0.506842
0.487331
0.508518
0.536371
0.499328
0.464593
0.448084
0.528628
0.500553
0.50408
0.547963
0.539966
0.510469
0.461112
0.500395
0.462894
0.457677
0.413659
0.442102
0.379761
0.37458
0.374365
0.380359
0.395033
0.40469
0.404027
0.392711
0.386014
0.395301
0.437886
0.462757
0.41225
0.391326
0.389175
0.39263
0.390858
0.415545
0.408634
0.402043
0.377147
0.382994
0.399456
0.396998
0.416193
0.41403
0.423572
0.410622
0.417991
0.43441
0.432936
0.411755
0.387268
0.37253
0.375811
0.405789
0.366854
0.389521
0.422384
0.425896
0.399434
0.396569
0.367229
0.369536
0.356393
0.363812
0.368993
0.364214
0.358373
0.363457
0.368304
0.3891
0.403123
0.381969
0.361777
0.352553
0.363655
0.355029
0.358441
0.361743
0.368337
0.368265
0.357744
0.366719
0.386142
0.391013
0.39258
0.398583
0.428136
0.477309
0.485166
0.422653
0.433028
0.387638
0.392083
0.377608
0.383278
0.399418
0.407178
0.405991
0.391161
0.393104
0.414287
0.417439
0.466295
0.422454
0.462634
0.497309
0.439745
0.406039
0.396065
0.401065
0.391436
0.414679
0.42758
0.458859
0.4291
0.420498
0.429083
0.398973
0.397553
0.387134
0.400299
0.382544
0.385831
0.39243
0.38573
0.39637
0.398556
0.386638
0.397577
0.412059
0.381577
0.380461
0.373551
0.386669
0.416208
0.477988
0.43483
0.40649
0.411039
0.438008
0.448994
0.446817
0.401383
0.402987
0.386481
0.403711
0.407406
0.386473
0.391703
0.383236
0.386372
0.400467
0.388476
0.382808
0.368786
0.366974
0.368614
0.374092
0.371418
0.360466
0.364354
0.357951
0.364143
0.363405
0.357223
0.35906
0.371422
0.367283
0.371677
0.357832
0.357347
0.362218
0.360209
0.358812
0.3518
0.358004
0.35632
0.363075
0.362161
0.360723
0.36077
0.365082
0.363653
0.356207
0.360939
0.356706
0.362711
0.376774
0.36303
0.381509
0.373776
0.370235
0.359475
0.356475
0.37131
0.402453
0.418841
0.407355
0.394988
0.405526
0.404454
0.409131
0.417442
0.387637
0.377732
0.365305
0.381424
0.37747
0.392907
0.437936
0.399276
0.361956
0.385475
0.405147
0.399599
0.396338
0.386077
0.391681
0.385802
0.393532
0.368624
0.374289
0.356772
0.366835
0.402056
0.403708
0.363243
0.371927
0.377442
0.389326
0.415288
0.43056
0.453081
0.418911
0.409468
0.376732
0.361906
0.367142
0.372788
0.390921
0.409901
0.38904
0.363115
0.366899
0.364413
0.357803
0.357082
0.357678
0.35112
0.37089
0.389039
0.417378
0.462021
0.400989
0.394466
0.392018
0.388341
0.392733
0.412606
0.40954
0.398536
0.414756
0.420982
0.41542
0.413755
0.411584
0.401151
0.399263
0.381976
0.381282
0.390742
0.391979
0.399474
0.392391
0.387534
0.378965
0.381181
0.368835
0.37611
0.36602
0.363397
0.367688
0.379262
0.385765
0.371183
0.368005
0.371801
0.387304
0.387597
0.397507
0.436017
0.428645
0.429104
0.426311
0.419609
0.396848
0.428047
0.470682
0.558689
0.526522
0.453304
0.393799
0.392947
0.375419
0.358221
0.359417
0.360734
0.358907
0.392242
0.383022
0.424813
0.402179
0.396301
0.420267
0.42306
0.412015
0.420415
0.399687
0.424776
0.382672
0.383353
0.393737
0.391566
0.376529
0.400562
0.379163
0.372475
0.381602
0.395535
0.386524
0.392257
0.393248
0.381553
0.398518
0.387554
0.389287
0.407425
0.404248
0.396022
0.382865
0.37619
0.412825
0.394746
0.412657
0.377003
0.393506
