0.549333
0.492428
0.474655
0.48724
0.464851
0.490399
0.49094
0.473515
0.475041
0.482712
0.466784
0.474859
0.445212
0.473465
0.448038
0.449182
0.453083
0.447684
0.394225
0.438464
0.439325
0.410284
0.394571
0.404821
0.38937
0.389213
0.363908
0.355915
0.382821
0.367623
0.361324
0.383817
0.383585
0.388775
0.396383
0.403219
0.361932
0.380187
0.35185
0.348929
0.407343
0.436945
0.410996
0.419734
0.410691
0.440874
0.454634
0.470958
0.409037
0.429281
0.393731
0.411624
0.38825
0.38732
0.405845
0.396654
0.410978
0.422836
0.38837
0.355616
0.33875
0.358991
0.343856
0.359217
0.426091
0.463926
0.461238
0.416463
0.416009
0.415094
0.372139
0.379335
0.400022
0.419243
0.4411
0.465055
0.423547
0.423467
0.405613
0.382714
0.400029
0.422476
0.406575
0.446573
0.42718
0.407818
0.455317
0.430853
0.377197
0.40957
0.419171
0.396735
0.436822
0.455945
0.434361
0.401469
0.369762
0.408578
0.375099
0.431766
0.423913
0.418474
0.357791
0.382191
0.38349
0.368768
0.420693
0.398639
0.399581
0.4139
0.431831
0.436352
0.358832
0.377382
0.354825
0.419886
0.42846
0.424098
0.417457
0.394718
0.403804
0.436986
0.410262
0.367693
0.426321
0.446841
0.370461
0.421746
0.447356
0.410611
0.412523
0.376688
0.353614
0.362815
0.36105
0.384107
0.386219
0.376375
0.357876
0.392578
0.3794
0.359598
0.36156
0.390324
0.408798
0.402596
0.396516
0.377954
0.366817
0.35339
0.358241
0.368652
0.369684
0.351405
0.389167
0.387439
0.409029
0.399143
0.404107
0.365848
0.356224
0.387616
0.453405
0.427209
0.400394
0.384565
0.393459
0.434419
0.450339
0.457586
0.474699
0.510433
0.368632
0.402722
0.38233
0.439596
0.451771
0.480939
0.399487
0.375985
0.368886
0.391276
0.383935
0.373534
0.416853
0.373709
0.425987
0.415895
0.424437
0.433796
0.46894
0.475521
0.468701
0.412526
0.421903
0.396988
0.400596
0.403321
0.392802
0.402857
0.402613
0.377007
0.356451
0.355504
0.342922
0.351959
0.356562
0.365583
0.383862
0.361882
0.359398
0.385679
0.371703
0.393642
0.370722
0.385295
0.391019
0.437123
0.463722
0.464461
0.388191
0.429709
0.402956
0.424409
0.406698
0.360318
0.360056
0.395459
0.373663
0.385499
0.384851
0.389621
0.350121
0.346351
0.364839
0.400903
0.371245
0.364167
0.390372
0.379215
0.43638
0.425414
0.393222
0.370601
0.435424
0.449299
0.505744
0.476357
0.506344
0.44187
0.384044
0.401539
0.382759
0.374722
0.396032
0.40512
0.349244
0.351819
0.345966
0.389492
0.4188
0.386393
0.355931
0.396625
0.405539
0.364617
0.352136
0.346504
0.353611
0.361943
0.378537
0.380039
0.405159
0.369577
0.39898
0.378384
0.392034
0.364577
0.351672
0.367792
0.369638
0.374498
0.368039
0.365457
0.385063
0.377241
0.375541
0.344004
0.372508
0.373205
0.371409
0.35877
0.378088
0.349098
0.34539
0.350415
0.405483
0.374233
0.383666
0.385719
0.375556
0.410928
0.374801
0.368852
0.361411
0.356473
0.373245
0.374123
0.367587
0.374844
0.362676
0.359982
0.372281
0.422772
0.412412
0.404397
0.506485
0.420462
0.420069
0.410799
0.37536
0.408032
0.396561
0.352109
0.353777
0.349142
0.346704
0.397171
0.398033
0.394619
0.387101
0.388544
0.362617
0.393173
0.403318
0.378481
0.392601
0.373646
0.392775
0.397863
0.404547
0.402788
0.40821
0.383311
0.34969
0.365087
0.3691
0.360974
0.37922
0.374502
0.354289
0.360165
0.349285
0.377308
0.379736
0.389006
0.37875
0.372085
0.371002
0.379375
0.39027
0.367249
0.430677
0.452334
0.424059
0.441029
0.426743
0.38649
0.398248
0.453847
0.405821
0.402349
0.413455
0.388412
0.366075
0.373483
0.434216
0.450196
0.439756
0.481065
0.472596
0.429245
0.43872
0.431223
0.390331
0.408539
0.430521
0.41672
0.389892
0.388732
0.404628
0.404575
0.465231
0.470492
0.457531
0.429624
0.462266
0.460079
0.396411
0.360212
0.394289
0.372301
0.370757
0.348357
0.34669
0.373894
0.382576
0.370121
0.370217
0.367461
0.380212
0.392349
0.40413
0.359729
0.348019
0.366389
0.374612
0.345524
0.396036
0.416546
0.408353
0.371558
0.370838
0.37912
0.365018
0.367348
0.367946
0.372893
0.38127
0.39126
0.402804
0.376052
0.378245
0.380505
0.39362
0.429399
0.379401
0.403929
0.438284
0.418564
0.397309
0.435696
0.458177
0.544673
0.465788
0.439614
0.359269
0.363354
0.354334
0.372096
0.367383
0.404089
0.406292
0.410837
0.427067
0.400468
0.405161
0.395841
0.39793
0.42976
0.428433
0.406882
0.41093
0.371196
0.42033
0.439834
0.423825
0.456215
0.467805
0.369735
0.360811
0.346006
0.361166
0.364956
0.384715
0.368749
0.406306
0.481659
0.451306
0.412435
0.38762
0.362693
0.371342
0.365797
0.362834
0.359609
0.368952
0.361084
0.442877
0.436033
0.399948
0.390091
0.430459
0.4215
0.391016
0.376821
0.461455
0.436789
0.455944
0.479313
0.453641
0.383251
0.432569
0.445317
0.386009
0.374893
0.40594
0.461015
0.413738
0.428405
0.42483
0.382836
0.389261
0.424924
0.399812
0.428905
0.371098
0.394819
0.406227
0.389992
0.388355
0.375258
0.393434
0.382449
0.392313
0.395017
0.357011
0.358544
0.389468
0.350457
0.375179
0.364859
0.371035
0.406144
0.411302
0.394233
0.41837
0.369041
0.372756
0.356312
0.344098
0.358963
0.391578
0.388454
0.412689
0.41306
0.404553
0.403652
0.434139
0.398075
0.424314
0.500815
0.547203
0.408664
0.391174
0.400482
0.358166
0.354704
0.386759
0.391507
0.393771
0.373059
0.3593
0.378703
0.350053
0.413593
0.450918
0.40307
0.392903
0.371113
0.40114
0.385655
0.392063
0.405548
0.427001
0.432133
0.451181
0.431815
0.440084
0.390266
0.356022
0.396694
0.422577
0.401288
0.448817
0.404543
0.387839
0.442114
0.440013
0.461092
0.514695
0.487568
0.540671
0.553928
0.439193
0.41801
0.434876
0.378498
0.44348
0.419075
0.39519
0.388389
0.406
0.395407
0.416972
0.405561
0.416991
0.41284
0.429862
0.406484
0.362161
0.346208
0.373086
0.383794
0.389173
0.356377
0.434942
0.481441
0.415814
0.424752
0.458829
0.369004
0.404218
0.411909
0.390516
0.412917
0.40976
0.438655
0.454338
0.454307
0.387732
0.38143
0.411708
0.424072
0.408022
0.432114
0.435054
0.463191
0.437237
0.45411
0.521271
0.549896
0.427486
0.417386
0.422762
0.426168
0.399877
0.429725
0.41011
0.361076
0.356808
0.376204
0.384183
0.419503
0.403369
0.357412
0.368833
0.443129
0.460964
0.383875
0.398327
0.481104
0.500902
0.500872
0.504436
0.462164
0.442734
0.436505
0.379164
0.379121
0.389193
0.370109
0.371586
0.403087
0.36744
0.359949
0.38165
0.363557
0.385295
0.39448
0.429364
0.42919
0.468709
0.45431
0.409469
0.448222
0.404688
0.434041
0.443953
0.447318
0.45187
0.455832
0.403828
0.414014
0.389104
0.359272
0.37505
0.369538
0.386947
0.383641
0.409415
0.386446
0.376981
0.373916
0.400038
0.454777
0.462778
0.438587
0.460312
0.361546
0.374971
0.396759
0.393824
0.389189
0.36342
0.368008
0.365061
0.363489
0.360961
0.345945
0.3636
0.363984
0.406783
0.406597
0.38946
0.394031
0.411194
0.417762
0.460221
0.452496
0.460525
0.441942
0.440406
0.473732
0.49012
0.411188
0.446246
0.508047
0.421483
0.40386
0.420578
0.423132
0.421908
0.392226
0.38228
0.371305
0.401415
0.398876
0.408925
0.394624
0.407996
0.379665
0.343004
0.36058
0.358285
0.342637
0.348075
0.341536
0.353537
0.383545
0.376344
0.377017
0.345579
0.34798
0.344025
0.349751
0.36294
0.39442
0.408327
0.422588
0.376771
0.365301
0.383609
0.435734
0.494511
0.408054
0.449074
0.364511
0.357787
0.388948
0.407785
0.382081
0.371257
0.344811
0.366257
0.352037
0.403283
0.395147
0.41056
0.395121
0.394373
0.400024
0.40423
0.438021
0.415256
0.451727
0.453894
0.396403
0.375985
0.360746
0.378336
0.428014
0.447097
0.459396
0.421232
0.481826
0.4794
0.511028
0.417988
0.418923
0.429288
0.424419
0.386211
0.383133
0.44526
0.436075
0.401279
0.385142
0.40805
0.383726
0.390756
0.414469
0.408559
0.43779
0.451008
0.446154
0.427061
0.471205
0.443602
0.445914
0.432422
0.426739
0.42118
0.45354
0.427263
0.389549
0.409959
0.439765
0.569893
0.503585
0.422894
0.435939
0.469795
0.442624
0.446736
0.438375
0.443496
0.437028
0.497173
0.419645
0.452283
0.40757
0.444239
0.433211
0.365837
0.370697
0.472725
0.461862
0.421786
0.42149
0.411601
0.439476
0.442509
0.505497
0.541261
0.503168
0.478467
0.479875
0.459769
0.422169
0.410866
0.477303
0.45818
0.454102
0.432484
0.438767
0.450754
0.476725
0.469552
0.489307
0.449579
0.481533
0.379722
0.386764
0.448361
0.418927
0.427449
0.431374
0.427048
0.379142
0.479097
0.510068
0.529686
0.393378
0.395999
0.414032
0.418291
0.419594
0.406092
0.383125
0.351856
0.380607
0.390311
0.408317
0.361835
0.368192
0.419587
0.44392
0.423585
0.37491
0.383892
0.431428
0.383572
0.39659
0.345954
0.355806
0.368238
0.392461
0.431245
0.463107
0.562954
0.543723
0.505281
0.489984
0.486698
0.493394
0.528467
0.441033
0.42204
0.444218
0.477088
0.466481
0.490669
0.463097
0.501312
0.515014
0.474524
0.491614
0.458579
0.45268
0.455455
0.395627
0.388655
0.390507
0.385146
0.418814
0.424638
0.422578
0.455229
0.457782
0.471374
0.425966
0.434499
0.461305
0.464977
0.472179
0.428442
0.399597
0.475217
0.454152
0.56022
0.384671
0.371161
0.351269
0.347301
0.365293
0.372142
0.384702
0.436801
0.430686
0.430944
0.428923
0.501539
0.515231
0.459153
0.493834
0.480669
0.444135
0.475241
0.444174
0.456838
0.52006
0.471369
0.504644
0.491757
0.519238
0.471042
0.392326
0.397074
0.41734
0.401813
0.394263
0.421009
0.395788
0.401114
0.371331
0.365268
0.376479
0.362582
0.377274
0.440881
0.394739
0.399493
0.450846
0.409584
0.425201
0.390294
0.390258
0.426927
0.421371
0.392354
0.382702
0.367907
0.360504
0.36431
0.358629
0.361844
0.366642
0.367345
0.406057
0.390917
0.394803
0.392819
0.382647
0.377756
0.403674
0.392769
0.384952
0.359259
0.402798
0.395589
0.412312
0.39658
0.391212
0.372228
0.374114
0.397579
0.420723
0.465771
0.376943
0.410702
0.393206
0.387396
0.39383
