0.504055
0.479821
0.472436
0.455134
0.434672
0.403444
0.372251
0.37499
0.388169
0.369708
0.428284
0.408883
0.398317
0.373948
0.388029
0.430622
0.397069
0.434576
0.401488
0.43614
0.402633
0.431275
0.396609
0.396107
0.394984
0.410383
0.406622
0.408
0.416276
0.413116
0.36545
0.378297
0.372764
0.396406
0.361765
0.374349
0.394393
0.40596
0.403182
0.473502
0.40505
0.411743
0.390328
0.413421
0.45558
0.404856
0.38917
0.358941
0.377667
0.395961
0.436656
0.398643
0.378645
0.367744
0.375321
0.407779
0.413017
0.469925
0.389466
0.363391
0.386277
0.360632
0.388956
0.370826
0.369223
0.373272
0.36604
0.356798
0.384694
0.381985
0.366663
0.367626
0.402268
0.438594
0.377655
0.369437
0.384095
0.391789
0.396246
0.361559
0.364385
0.378984
0.37683
0.411686
0.414209
0.420216
0.390547
0.461743
0.421381
0.407597
0.433145
0.445146
0.368569
0.373131
0.381541
0.362116
0.39531
0.37157
0.382898
0.382783
0.412299
0.427752
0.445144
0.371108
0.410678
0.414112
0.418439
0.395129
0.369915
0.438296
0.371832
0.363131
0.417307
0.404382
0.458057
0.429623
0.406054
0.412423
0.405244
0.387492
0.375144
0.370313
0.39643
0.375197
0.376395
0.41475
0.466051
0.382984
0.380865
0.398014
0.410262
0.419908
0.41107
0.420922
0.520076
0.421465
0.403825
0.407454
0.372299
0.428336
0.416489
0.413856
0.41868
0.421674
0.467517
0.45131
0.395207
0.389802
0.423311
0.470582
0.38456
0.375639
0.385093
0.444364
0.428852
0.435164
0.382487
0.38765
0.450138
0.383641
0.369385
0.357487
0.395949
0.431473
0.453088
0.464262
0.417003
0.391176
0.401912
0.371126
0.343938
0.37276
0.349217
0.399923
0.418605
0.395728
0.38507
0.370902
0.396064
0.423815
0.403552
0.423851
0.473759
0.42233
0.414328
0.388973
0.42698
0.450166
0.432592
0.418077
0.484646
0.44837
0.440543
0.41052
0.429667
0.483471
0.48044
0.443933
0.444142
0.470557
0.423883
0.426171
0.48829
0.400936
0.37964
0.412411
0.38545
0.406757
0.520731
0.467387
0.483302
0.416603
0.43522
0.455521
0.469226
0.364233
0.398395
0.466407
0.470268
0.474109
0.496792
0.418878
0.401178
0.375948
0.399969
0.412381
0.375097
0.362947
0.391626
0.392194
0.38207
0.395104
0.414905
0.391289
