0.516998
0.573801
0.589238
0.578086
0.542254
0.47813
0.472518
0.456598
0.506664
0.551519
0.46977
0.486535
0.458362
0.452934
0.452513
0.510415
0.480385
0.447176
0.521702
0.492189
0.519947
0.461808
0.457859
0.43284
0.429013
0.493272
0.475523
0.508661
0.483567
0.506244
0.508725
0.490158
0.505483
0.476755
0.467214
0.472851
0.451379
0.455351
0.508329
0.477916
0.506432
0.453446
0.46934
0.470307
0.477562
0.465174
0.484888
0.489669
0.492098
0.497771
0.444734
0.459609
0.451002
0.487046
0.475341
0.481819
0.476515
0.478452
0.471571
0.470738
0.4717
0.454562
0.453273
0.445428
0.433294
0.430101
0.451173
0.489161
0.478065
0.476947
0.475395
0.439924
0.437561
0.469784
0.437045
0.457924
0.446092
0.483665
0.412752
0.430738
0.469031
0.476246
0.461706
0.474996
0.428512
0.425399
0.477479
0.428483
0.455948
0.473721
0.406055
0.410056
0.375797
0.378301
0.411563
0.391476
0.415758
0.41663
0.425198
0.443648
0.500171
0.451797
0.494223
0.444571
0.416037
0.392931
0.404037
0.41604
0.400905
0.413284
0.414085
0.417486
0.396607
0.38185
0.387608
0.398863
0.405886
0.434817
0.37586
0.400895
0.408441
0.408295
0.403736
0.411693
0.37235
0.383581
0.372624
0.410584
0.408392
0.393809
0.375806
0.365021
0.354262
0.380617
0.376803
0.363126
0.347993
0.348349
0.353733
0.348025
0.35132
0.369352
0.372104
0.379275
0.388728
0.379732
0.38214
0.393252
0.387565
0.367424
0.354472
0.35598
0.355667
0.346571
0.364593
0.371473
0.368552
0.358706
0.372514
0.373168
0.383227
0.402935
0.398581
0.367953
0.38083
0.397807
0.394557
0.3744
0.373945
0.388872
0.400189
0.393852
0.388401
0.391066
0.413215
0.392594
0.39766
0.388926
0.420702
0.416759
0.418652
0.394621
0.373193
0.370879
0.375237
0.359337
0.343012
0.362563
0.368431
0.370069
0.385099
0.3858
0.374575
0.388137
0.355299
0.34457
0.345195
0.349702
0.350817
0.351915
0.340038
0.344264
0.349986
0.357905
0.37105
0.380745
0.398136
0.416797
0.460647
0.475712
0.464458
0.385575
0.412235
0.449877
0.429984
0.44043
0.382325
0.430729
0.399316
0.394693
0.42385
0.409613
0.438072
0.424809
0.404759
0.378283
0.37281
0.409668
0.426299
0.408546
0.407943
0.4237
0.404976
0.416298
0.422563
0.440135
0.462718
0.451768
0.423505
0.413743
0.41772
0.47506
0.460833
0.471027
0.50849
0.444882
0.502624
0.510013
0.43688
0.408053
0.403918
0.374633
0.390332
0.448591
0.434105
0.447785
0.456816
0.410079
0.412318
0.384658
0.377246
0.369559
0.408586
0.417826
0.419786
0.420879
0.388541
0.408974
0.432953
0.410056
0.393404
0.381757
0.382801
0.375068
0.379745
0.398708
0.39709
0.376041
0.385454
0.396519
0.40018
0.372344
0.411176
0.429831
0.397738
0.388921
0.412857
0.398494
0.404076
0.40421
0.415007
0.406947
0.416343
0.382297
0.453164
0.429542
0.42159
0.418474
0.417468
0.40292
0.40135
0.397315
0.387251
0.372991
0.362394
0.370332
0.356899
0.357022
0.341591
0.34245
0.339306
0.340052
0.333621
0.339551
0.343182
0.345762
0.354113
0.375517
0.368726
0.355692
0.344732
0.341116
0.338502
0.350095
0.341692
0.357188
0.359001
0.373754
0.358809
0.354987
0.366728
0.416283
0.404984
0.507029
0.477363
0.476669
0.441318
0.471983
0.453116
0.484292
0.465552
0.479766
0.466474
0.447173
0.42433
0.393646
0.457966
0.406477
0.402399
0.439028
0.398147
0.422566
0.40471
0.436022
0.415089
0.439075
0.408326
0.41236
0.412261
0.393266
0.368996
0.368162
0.360545
0.375318
0.385267
0.369063
0.387219
0.37753
0.373988
0.395367
0.394273
0.407617
0.381618
0.404056
0.408489
0.411651
0.45388
0.420214
0.43289
0.376631
0.449438
0.45065
0.472604
0.39665
0.462162
0.522811
0.461812
0.439637
0.433417
0.448638
0.437964
0.421414
0.417127
0.420738
0.416048
0.404115
0.403704
0.431005
0.45116
0.426091
0.425434
0.427384
0.415748
0.371078
0.391409
0.36301
0.36479
0.383027
0.40144
0.401858
0.391557
0.390342
0.416736
0.404909
0.394788
0.398197
0.418042
0.433211
0.445469
0.421423
0.410272
0.428085
0.415634
0.378618
0.404975
0.432359
0.447513
0.451367
0.479091
0.422723
0.466177
0.483255
0.440342
0.37663
0.385682
0.398109
0.409151
0.394459
0.425311
0.400341
0.415154
0.465615
0.419532
0.448715
0.478181
0.484794
0.461614
0.447653
0.426936
0.405143
0.372841
0.354949
0.355706
0.388581
0.403236
0.424391
0.443828
0.413068
0.382302
0.388499
0.396065
0.386946
0.396184
0.425781
0.439963
0.450859
0.40444
0.375391
0.364782
0.383204
0.443436
0.448707
0.422389
0.420749
0.479034
0.430143
0.448221
0.48379
0.483398
0.403817
0.444385
0.447906
0.43199
0.422647
0.426747
0.446024
0.424747
0.395587
0.396862
0.408287
0.400911
0.393524
0.372314
0.354275
0.354388
0.375418
0.399691
0.39835
0.399817
0.413188
0.431991
0.396732
0.395506
0.387389
0.357792
0.351623
0.384527
0.432011
0.440301
0.483764
0.397409
0.402601
0.394709
0.448327
0.41625
0.440501
0.427822
0.469533
0.436765
0.397644
0.410432
0.380323
0.366369
0.358709
0.355928
0.358436
0.349725
0.354011
0.366149
0.375633
0.397658
0.402985
0.407566
0.397956
0.391299
0.381338
0.35749
0.355576
0.355119
0.367801
0.382549
0.370473
0.40274
0.437735
0.408914
0.412077
0.422254
0.416458
0.369515
0.380921
0.393009
0.423166
0.443168
0.429064
0.403406
0.38798
0.373606
0.395937
0.39584
0.400036
0.41301
0.416355
0.447066
0.448389
0.427618
0.475156
0.407713
0.410007
0.444957
0.431868
0.475164
0.428057
0.396215
0.377301
0.36249
0.354616
0.347974
0.353324
0.345234
0.384699
0.375986
0.393151
0.38749
0.359687
0.356361
0.355518
0.346485
0.359817
0.351239
0.383683
0.392475
0.453969
0.481797
0.449459
0.405463
0.430586
0.418424
0.397822
0.450091
0.439868
0.470297
0.441494
0.42264
0.441128
0.414685
0.416436
0.410032
0.439792
0.448609
0.435223
0.421163
0.400022
0.385196
0.358705
0.358237
0.392861
0.422809
0.434846
0.439566
0.418218
0.387975
0.383771
0.393703
0.420548
0.480822
0.43221
0.437698
0.43041
0.422041
0.450565
0.416135
0.388144
0.373396
0.363559
0.357996
0.365566
0.364016
0.379881
0.410774
0.411813
0.451468
0.44905
0.392932
0.50362
0.503725
0.431473
0.441895
0.38361
0.358624
0.358013
0.37686
0.390483
0.369613
0.36959
0.373108
0.41828
0.465501
0.459647
0.456192
0.47268
0.410084
0.430635
0.454631
0.445091
0.405415
0.422963
0.388199
0.399333
0.425451
0.431242
0.394563
0.395277
0.418627
0.400524
0.379237
0.371769
0.375164
0.382883
0.360769
0.357965
0.352788
0.343973
0.351658
0.351264
0.352027
0.36602
0.359597
0.379789
0.374053
0.371702
0.358739
0.354083
0.35125
0.361937
0.380018
0.373389
0.376794
0.406511
0.394623
0.375044
0.382733
0.384059
0.393799
0.405172
0.398914
0.379092
0.372559
0.354874
0.356497
0.344478
0.342442
0.358274
0.383837
0.365155
0.380229
0.396066
0.400193
0.418614
0.368815
0.399039
0.384048
0.378479
0.358409
0.370216
0.353005
0.356162
0.363417
0.362778
0.366451
0.362363
0.36833
0.352426
0.359612
0.366484
0.385075
0.398412
0.390077
0.394641
0.387233
0.403554
0.410018
0.404368
0.404273
0.422262
0.402392
0.409189
0.401283
0.409708
0.387988
0.390932
0.41787
0.386076
0.397322
0.392166
0.390167
0.383274
0.378824
0.369386
0.367308
0.363065
0.357346
0.374432
0.365775
0.373342
0.375496
0.365469
0.341645
0.341453
0.34413
0.346222
0.360184
0.375311
0.348448
0.359144
0.359496
0.350179
0.362613
0.373416
0.392625
0.389581
0.397227
0.379492
0.354532
0.33955
0.340823
0.341207
0.338573
0.347063
0.381391
0.376044
0.389848
0.389109
0.409214
0.381516
0.361145
0.367066
0.394712
0.396108
0.406611
0.417624
0.391275
0.440267
0.407221
0.394801
0.408701
0.40286
0.377935
0.372153
0.422472
0.420314
0.389746
0.40567
0.420454
0.405114
0.371226
0.364098
0.369557
0.374663
0.35847
0.358535
0.348706
0.341704
0.3671
0.360321
0.359389
0.363497
0.376714
0.394269
0.409042
0.440143
0.442024
0.412334
0.485939
0.465115
0.476476
0.517317
0.421113
0.387095
0.381215
0.389484
0.38798
0.405592
0.406861
0.389701
0.422301
0.403748
0.384733
0.375387
0.36311
0.390099
0.403366
0.410583
0.388247
0.375324
0.388279
0.405685
0.416153
0.42741
0.451464
0.486918
0.446151
0.47467
0.472778
0.428062
0.430513
0.446946
0.454013
0.473368
0.455279
0.460252
0.442674
0.471478
0.490902
0.471702
0.510147
0.490821
0.505271
0.555923
0.487514
0.503993
0.375538
0.36325
0.363418
0.369795
0.372805
0.391615
0.388232
0.396299
0.404684
0.43364
0.404119
0.380629
0.371039
0.373041
0.382142
0.392873
0.432563
0.441713
0.445318
0.475427
0.491146
0.467093
0.439972
0.416423
0.442181
0.527057
0.507843
0.449575
0.491704
0.441107
0.408492
0.428425
0.405317
0.386059
0.379595
0.376025
0.371738
0.36321
0.386044
0.387676
0.366476
0.36487
0.366376
0.360949
0.381107
0.381624
0.41998
0.38459
0.375486
0.395211
0.382242
0.382095
0.381792
0.398101
0.384719
0.371241
0.371424
0.366444
0.367011
0.381069
0.392481
0.398365
0.425409
0.429618
0.433491
0.38625
0.402004
0.373924
0.359006
0.3626
0.371617
0.40803
0.406062
0.441473
0.452287
0.439585
0.440999
0.391724
0.415112
0.414872
0.407957
0.401213
0.447859
0.448225
0.416571
0.428062
0.420017
0.438186
0.445235
0.437345
0.431688
0.475555
0.462445
0.444635
0.499605
0.482303
0.485506
0.496388
0.547955
0.391079
0.454292
0.496558
0.488846
0.477357
0.433232
0.434633
0.418965
0.413432
0.427365
0.39353
0.408915
0.427711
0.399102
0.453616
0.43626
0.387542
0.409602
0.387295
0.385317
0.391773
0.410125
0.404383
0.398933
0.387703
0.397451
0.415279
0.39863
0.397148
0.404857
0.420971
0.401605
0.388022
0.385348
0.380335
0.395022
0.409845
0.389786
0.368888
0.389937
0.415858
0.433302
0.449082
0.422939
0.417104
0.384028
0.370852
0.367216
0.437864
0.358949
0.356359
0.360693
0.359658
0.362708
0.362212
0.353691
0.347954
0.348171
0.346808
0.357713
0.360926
0.357667
0.350203
0.337205
0.341304
0.340944
0.354016
0.337616
0.341152
0.350261
0.358928
0.359278
0.36559
0.361881
0.352707
0.346357
0.362292
0.364149
0.380757
0.374898
0.358275
0.342263
0.346138
0.345536
0.356194
0.351954
0.368271
0.369403
0.384623
0.371089
0.387367
0.39684
0.374501
0.388598
0.397582
0.366198
0.356502
0.349108
0.343955
0.353056
0.353638
0.358411
0.366401
0.363042
0.376147
0.376849
0.396029
0.379932
0.384717
0.391195
0.354116
0.36108
0.373201
0.387162
0.386842
0.388664
0.404569
0.395871
0.400196
0.361722
0.363814
0.385243
0.373968
0.36759
0.369738
0.369923
0.361235
0.388924
0.409741
0.398696
0.41506
0.381649
0.379832
0.391419
0.40379
0.443272
0.451778
0.428265
0.427459
0.45041
0.406594
0.456357
0.475433
0.495869
0.491317
0.439591
0.496674
0.482278
0.466796
0.43295
0.387679
0.389167
0.387434
0.39106
0.384731
0.413571
0.443272
0.424351
0.448819
0.4199
0.403478
0.400823
0.412807
0.389706
0.411746
0.422235
0.430698
0.428363
0.41921
0.420873
0.420996
0.415405
0.412332
0.375482
0.41194
0.390589
0.373683
0.352875
0.348938
0.349038
0.364831
0.356396
0.358947
0.365432
0.35276
0.36757
0.393627
0.39579
0.39267
0.407234
0.39234
0.372645
0.358778
0.372852
0.389698
0.370186
0.374198
0.369471
0.388192
0.401865
0.40093
0.387115
0.3933
0.384417
0.361066
0.398902
0.384321
0.419826
0.382382
0.385005
0.374386
0.357397
0.353571
0.341247
0.344389
0.351861
0.347825
0.33913
0.349032
0.347886
0.347402
0.362047
0.365653
0.370766
0.359494
0.364167
0.396563
0.406228
0.40942
0.394044
0.395741
0.396877
0.392434
0.365013
0.353156
0.358319
0.355391
0.350864
0.355213
0.357584
0.381435
0.417255
0.381348
0.368281
0.386669
0.39624
0.391919
0.372741
0.378971
0.369202
0.398867
0.381001
0.405313
0.428691
0.455328
0.49957
0.411497
0.419328
0.433474
0.430956
0.436665
0.409931
0.419906
0.382167
0.396338
0.370446
0.382997
0.367821
0.370836
0.368382
0.365174
0.388482
0.395964
0.408761
0.469903
0.452326
0.451893
0.482457
0.459249
0.449263
0.423927
0.436964
0.420768
0.561586
0.542949
0.531955
0.490758
0.478046
0.528444
0.494049
0.454701
0.441346
0.449963
0.500819
0.498498
0.510738
0.522717
0.525487
0.525845
0.458952
0.463665
0.4201
0.394534
0.393808
0.367905
0.373482
0.395186
0.39541
0.391283
0.393699
0.389109
0.405567
0.414293
0.402499
0.40533
0.411187
0.382464
0.370169
0.361641
0.366005
0.361448
0.382819
0.376243
0.37689
0.386711
0.3808
0.365793
0.390919
0.410511
0.42954
0.427071
0.442101
0.402606
0.393213
0.372016
0.353852
0.356978
0.348882
0.341966
0.348305
0.355799
0.356973
0.349374
0.349832
0.344099
0.34807
0.347998
0.344921
0.344324
0.344349
0.345726
0.361899
0.365899
0.377078
0.414025
0.425904
0.417532
0.395091
0.418999
0.433528
0.432391
0.411627
0.40429
0.40808
0.377858
0.3607
0.355307
0.359389
0.362174
0.352668
0.350969
0.355051
0.364726
0.371548
0.384232
0.386608
0.388857
0.405332
0.407345
0.398968
0.415881
0.412161
0.397024
0.392159
0.399329
0.420913
0.418947
0.377032
0.363264
0.343659
0.345661
0.349639
0.346599
0.352817
0.353441
0.353994
0.362183
0.346336
0.34728
0.33688
0.345072
0.351116
0.338455
0.349331
0.348255
0.361769
0.37831
0.367599
0.37228
0.35314
0.357146
0.347927
0.395962
0.38894
0.368481
0.36166
0.376071
0.374719
0.376282
0.369039
0.380438
0.392292
0.407293
0.402776
0.412656
0.422513
0.384533
0.399893
0.37169
0.36424
0.359601
0.368482
0.362208
0.388407
0.390456
0.421182
0.412118
0.40189
0.377527
0.387006
0.370534
0.370597
0.367183
0.377321
0.405138
0.390835
0.407225
0.390026
0.383478
0.363893
0.357125
0.350759
0.352193
0.352209
0.354982
0.341648
0.346683
0.367175
0.377799
0.371636
0.37375
0.361842
0.353298
0.353188
0.355563
0.36341
0.39352
0.394089
0.380389
0.385562
0.361861
0.3635
0.371477
0.3664
0.386052
0.373923
0.362267
0.350003
0.361588
0.371262
0.367686
0.365446
0.363975
0.365771
0.388377
0.40303
0.391449
0.378558
0.398257
0.397822
0.372122
0.355393
0.364329
0.392545
0.387203
0.368616
0.365515
0.361776
0.349554
0.339974
0.342232
0.346613
0.341608
0.347351
0.363919
0.390483
0.386875
0.366515
0.361778
0.373774
0.378199
0.382742
0.368711
0.386418
0.38897
0.368128
0.361405
0.354529
0.354432
0.35214
0.350161
0.361217
0.376189
0.388351
0.408458
0.378917
0.365079
0.353105
0.350546
0.338953
0.364525
0.345473
0.344213
0.343666
0.348385
0.345208
0.344272
0.345013
0.338782
0.343338
0.354763
0.352367
0.356925
0.371068
0.411248
0.412066
0.418034
0.398531
0.394398
0.374599
0.367374
0.364965
0.372112
0.389413
0.374529
0.373018
0.383641
0.400636
0.393329
0.374083
0.378308
0.403595
0.392599
0.37591
0.365222
0.363741
0.379699
0.368563
0.407624
0.420407
0.394777
0.41423
0.422212
0.405604
0.381171
0.381537
0.369794
0.368416
0.358306
0.361069
0.353212
0.359012
0.380076
0.398769
0.386121
0.367821
0.352346
0.342164
0.343912
0.338846
0.352997
0.373965
0.367396
0.3521
0.378477
0.407307
0.376645
0.351858
0.351097
0.351827
0.359041
0.368637
0.397314
0.399672
0.396051
0.383571
0.351716
0.345922
0.357528
0.35766
0.382098
0.398581
0.37098
0.366663
0.358446
0.360071
0.357569
0.375094
0.362146
0.381921
0.354264
0.351721
0.350213
0.361101
0.353493
0.363541
0.371986
0.381592
0.390156
0.3842
0.426161
0.434785
0.432329
0.431993
0.435214
0.402847
0.41798
0.416761
0.39661
0.385751
0.421969
0.383755
0.390653
0.432096
0.515962
0.540434
0.536069
0.490977
0.453619
0.441772
0.446298
0.4186
0.391582
0.405559
0.428837
0.420769
0.45702
0.40861
0.409196
0.394071
0.383071
0.394333
0.405184
0.424656
0.454807
0.41011
0.381176
0.358104
0.355715
0.36364
0.391373
0.430244
0.434466
0.390382
0.395628
0.40092
0.441166
0.426628
0.370358
0.362526
0.346018
0.349784
0.349916
0.352167
0.352719
0.359355
0.354439
0.353531
0.355105
0.352381
0.351806
0.351223
0.348299
0.345657
0.356602
0.343272
0.34519
0.346795
0.344856
0.351238
0.344712
0.352325
0.351609
0.377544
0.427891
0.445322
0.419449
0.379608
0.404221
0.392963
0.413937
0.390114
0.391163
0.392045
0.381023
0.398672
0.41195
0.414836
0.386981
0.381475
0.364903
0.381403
0.389021
0.376623
0.370987
0.381094
0.426714
0.389154
0.367297
0.363027
0.35689
0.35845
0.380331
0.369784
0.355865
0.350475
0.353194
0.378176
0.381761
0.388551
0.410135
0.407336
0.393502
0.410914
0.41725
0.404744
0.396178
0.377304
0.381276
0.383692
0.371167
0.368817
0.393079
0.385145
0.405483
0.405182
0.392966
0.366165
0.362767
0.373647
0.370708
0.375205
0.388432
0.395728
0.392309
0.387195
0.388427
0.402411
0.405997
0.391897
0.408976
0.410149
0.397988
0.41918
0.399356
0.409632
0.406192
0.38737
0.387227
0.417699
0.419504
0.40015
0.399927
0.391031
0.414528
0.397329
0.418888
0.412058
0.398581
0.379796
0.390416
0.392205
0.369223
0.370266
0.358229
0.351257
0.341678
0.344558
0.347732
0.357089
0.36806
0.358841
0.37048
0.370447
0.360895
0.357082
0.369647
0.36945
0.390455
0.354291
0.346255
0.352393
0.373673
0.373858
0.36658
0.368646
0.374873
0.394751
0.385895
0.39194
0.37505
0.36592
0.367972
0.378047
0.359507
0.352165
0.360308
0.346751
0.354076
0.360263
0.366086
0.369918
0.364886
0.348715
0.349494
0.338696
0.344035
0.343911
0.352102
0.377708
0.375656
0.371398
0.366903
0.389055
0.379618
0.363102
0.372452
0.379369
0.381096
0.403015
0.408694
0.393599
0.377863
0.3778
0.388636
0.390866
0.373044
0.408183
0.373201
0.354935
0.355669
0.377687
0.390049
0.379124
0.357554
0.357581
0.349139
0.356473
0.380338
0.392351
0.390548
0.366741
0.386444
0.4018
0.371468
0.365139
0.390702
0.424038
0.386974
0.384232
0.371867
0.37089
0.356384
0.363308
0.362698
0.384531
0.385675
0.429029
0.443834
0.445949
0.454624
0.469625
0.449065
0.457553
0.454273
0.434657
0.395649
0.41582
0.421818
0.426633
0.45267
0.448488
0.502219
0.439027
0.415334
0.408826
0.476041
0.449103
0.435365
0.403326
0.392069
0.380372
0.366419
0.373913
0.395888
0.405149
0.397303
0.393412
0.37947
0.372157
0.40892
0.4543
0.460558
0.513352
0.431585
0.445455
0.417251
0.386742
0.375919
0.401173
0.417706
0.455551
0.423216
0.392178
0.380725
0.388678
0.419601
0.427793
0.418402
0.40014
0.400493
0.416712
0.452041
0.404742
0.382498
0.355829
0.358949
0.364107
0.378319
0.378888
0.356837
0.355667
0.359613
0.362127
0.37345
0.382799
0.377688
0.401583
0.449231
0.445795
0.421355
0.423828
0.4568
0.413648
0.438476
0.440625
0.469736
0.480243
0.456068
0.442166
0.441902
0.430088
0.430069
0.459891
0.519053
0.464021
0.482205
0.490985
0.465203
0.502202
0.483882
0.474835
0.448519
0.432291
0.431803
0.458173
0.39983
0.425117
0.450311
0.459489
0.432481
0.429472
0.430232
0.413267
0.427708
0.425333
0.455256
0.428571
0.416949
0.375494
0.371002
0.372834
0.395886
0.437054
0.419491
0.411555
0.395554
0.393318
0.422682
0.424432
0.42621
0.432272
0.445642
0.422261
0.434003
0.407601
0.415142
0.414668
0.41824
0.379739
0.379825
0.392094
0.422818
0.37973
0.408247
0.423277
0.380762
0.371208
0.368636
0.373881
0.406701
0.412985
0.394942
0.398369
0.430085
0.397166
0.421644
0.395974
0.413929
0.383494
0.448765
0.433261
0.481833
0.456643
0.512598
0.44672
0.41116
0.486016
0.527858
0.494113
0.43784
0.476967
0.42844
0.449734
0.489249
0.461433
0.430088
0.412368
0.41071
0.440986
0.430148
0.462634
0.447958
0.479948
0.480551
0.431835
0.482386
0.480064
0.505731
0.46149
0.378524
0.400596
0.409825
0.385655
0.403907
0.387265
0.365509
0.352787
0.357152
0.370005
0.355479
0.370813
0.372913
0.373907
0.411356
0.422422
0.417853
0.398588
0.361458
0.362241
0.355322
0.35079
0.369476
0.384875
0.381647
0.385447
0.370286
0.348332
0.35121
0.363171
0.388233
0.367084
0.353866
0.339382
0.344338
0.34874
0.344904
0.340187
0.339114
0.353277
0.350872
0.352741
0.369016
0.371122
0.383117
0.382652
0.369801
0.35811
0.369663
0.416028
0.406383
0.365177
0.364226
0.379472
0.381336
0.366842
0.362306
0.361216
0.366529
0.366315
0.3658
0.382937
0.377231
0.367897
0.348038
0.365038
0.378554
0.381879
0.37478
0.377759
0.382132
0.379264
0.395319
0.396939
0.383139
0.385995
0.386594
0.403374
0.397455
0.385102
0.42754
0.417831
0.395649
0.379712
0.362585
0.351782
0.346846
0.357332
0.344898
0.343935
0.343303
0.343151
0.353903
0.354892
0.371259
0.378694
0.353734
0.35276
0.375731
0.39898
0.386164
0.372118
0.357758
0.366222
0.338681
0.342137
0.341986
0.344065
0.350965
0.371867
0.378204
0.403769
0.402055
0.399398
0.435662
0.405642
0.428874
0.412599
0.409869
0.410939
0.40595
0.409703
0.41785
0.404555
0.405488
0.37692
0.357539
0.382738
0.384938
0.364979
0.356896
0.360829
0.374241
0.375421
0.376043
0.387269
0.386542
0.393218
0.38635
0.366781
0.344836
0.355247
0.368624
0.371192
0.362116
0.377389
0.351443
0.363232
0.357977
0.371424
0.393475
0.388757
0.360976
0.365566
0.37067
0.353488
0.361104
0.359557
0.371804
0.383368
0.384015
0.387542
0.390555
0.37892
0.377821
0.378793
0.375389
0.407243
0.401632
0.398902
0.369627
0.388525
0.39806
0.400093
0.402685
0.406055
0.414932
0.403658
0.392118
0.364009
0.348262
0.348679
0.354995
0.365931
0.391046
0.390676
0.401847
0.403777
0.37502
0.378374
0.370932
0.37222
0.370821
0.372025
0.388833
0.424647
0.409225
0.411518
0.448586
0.434705
0.430133
0.426328
0.396927
0.383304
0.376588
0.360546
0.374957
0.412224
0.421895
0.391853
0.383144
0.407903
0.409291
0.460827
0.438717
0.447275
0.440561
0.42321
0.444029
0.413939
0.415539
0.421323
0.398495
0.382799
0.411061
0.414683
0.408528
0.371787
0.388632
0.412664
0.432237
0.462799
0.459277
0.452967
0.493236
0.45004
0.435619
0.476019
0.465025
0.550811
0.554966
0.569044
0.550707
0.536477
0.49509
0.410308
0.442971
0.465785
0.496532
0.529352
0.46021
0.491233
0.402018
0.377141
0.389929
0.359025
0.349209
0.348288
0.357796
0.372644
0.362961
0.349426
0.365831
0.373849
0.349362
0.364257
0.348962
0.355629
0.351694
0.359775
0.377783
0.376106
0.37669
0.369768
0.356749
0.366531
0.359141
0.363724
0.38099
0.384676
0.388956
0.405579
0.417148
0.403084
0.406565
0.401121
0.399223
0.410011
0.411215
0.428208
0.390708
0.448024
0.392066
0.404998
0.408096
0.416584
0.412052
0.41427
0.493408
0.392557
0.394619
0.410839
0.407093
0.387035
0.407642
0.386004
0.394648
0.403762
0.433343
0.416088
0.41261
0.385328
0.388873
0.387254
0.403527
0.407731
0.387557
0.395614
0.392601
0.409277
0.396933
0.397112
0.417311
0.483527
0.47378
0.480884
0.430035
0.414502
0.38754
0.412022
0.472845
0.413517
0.38251
0.365619
0.383147
0.394676
0.441244
0.438803
0.396607
0.377556
0.367967
0.361868
0.361796
0.371246
0.405454
0.449916
0.446285
0.42346
0.454296
0.38904
0.369377
0.434984
0.402966
0.422132
0.411513
0.443835
0.461322
0.440115
0.441475
0.429661
0.432888
0.441766
0.400991
0.406108
0.441959
0.44379
0.437963
0.432259
0.468519
0.516574
0.51232
0.478139
0.489695
0.436666
0.403216
0.396377
0.369738
0.359421
0.352395
0.361019
0.362834
0.370223
0.35114
0.349226
0.366904
0.342743
0.352366
0.34455
0.344414
0.346931
0.34404
0.347095
0.364737
0.384553
0.369138
0.37435
0.35385
0.353617
0.359785
0.382036
0.377361
0.391299
0.381946
0.388105
0.383847
0.360272
0.362522
0.372222
0.367748
0.381823
0.387906
0.384989
0.395264
0.389464
0.465705
0.479592
0.463148
0.444771
0.490591
0.526918
0.506482
0.498172
0.492071
0.394219
0.38058
0.382319
0.404252
0.410631
0.442956
0.416499
0.404855
0.377267
0.399034
0.39277
0.381775
0.347662
0.355438
0.363909
0.365966
0.363716
0.393037
0.391949
0.370288
0.360727
0.360209
0.35109
0.363875
0.348546
0.35844
0.387046
0.39746
0.370041
0.376636
0.347239
0.343498
0.344739
0.350807
0.360074
0.368094
0.370136
0.372604
0.365205
0.367234
0.373367
0.365092
0.362672
0.355739
0.349
0.349851
0.370527
0.393442
0.428359
0.46627
0.466792
0.429259
0.445964
0.424501
0.412915
0.427332
0.450919
0.461006
0.406172
0.376712
0.395656
0.420639
0.404888
0.413826
0.398941
0.366911
0.368066
0.389426
0.41497
0.426559
0.423186
0.453589
0.444024
0.438413
0.424326
0.410509
0.404898
0.432954
0.424979
0.400197
0.376067
0.365645
0.356383
0.359518
0.358025
0.368453
0.383827
0.427436
0.439014
0.456136
0.461894
0.433222
0.530322
0.48295
0.404916
0.454026
0.419849
0.420904
0.423388
0.45683
0.487863
0.483027
0.429074
0.439613
0.513017
0.50465
0.482692
0.458682
0.454294
0.47259
0.483183
0.45877
0.393455
0.393582
0.386427
0.379469
0.378031
0.375933
0.385956
0.419602
0.451767
0.444265
0.429265
0.417734
0.417718
0.457874
0.457914
0.458923
0.447357
0.409289
0.374607
0.35749
0.346324
0.363848
0.369479
0.370393
0.359083
0.373857
0.411533
0.385992
0.394026
0.411271
0.415821
0.428334
0.43231
0.433102
0.468337
0.488473
0.482733
0.470221
0.433027
0.375579
0.379717
0.417819
0.404076
0.425207
0.424094
0.4265
0.451236
0.442458
0.409804
0.422614
0.42521
0.425092
0.413022
0.383781
0.371545
0.388515
0.376176
0.411771
0.409464
0.374065
0.37237
0.37989
0.388204
0.385086
0.390534
0.443173
0.476499
0.441152
0.418201
0.355526
0.387319
0.397099
0.433394
0.46175
0.444303
0.448298
0.422307
0.393547
0.402585
0.416499
0.416055
0.414781
0.432403
0.430646
0.37756
0.366143
0.362281
0.353026
0.37164
0.386782
0.397731
0.397917
0.3973
0.408276
0.42036
0.384576
0.402263
0.418668
0.402071
0.383299
0.402203
0.388575
0.385773
0.380786
0.361942
0.368584
0.408212
0.415469
0.38923
0.373819
0.371203
0.390877
0.377958
0.356608
0.380737
0.379094
0.396265
0.408723
0.410006
0.393797
0.398244
0.375025
0.366538
0.378601
0.408731
0.403266
0.386161
0.378484
0.385305
0.38006
0.391394
0.412417
0.401068
0.391275
0.365938
0.359631
0.347821
0.349466
0.364897
0.339582
0.350165
0.351339
0.358968
0.378876
0.410428
0.413488
0.398941
0.379701
0.360079
0.342178
0.347639
0.352059
0.354143
0.353027
0.38047
0.400506
0.384313
0.370313
0.348875
0.362179
0.357221
0.348696
0.372994
0.373114
0.38085
0.368654
0.369163
0.380337
0.370318
0.367212
0.398818
0.419273
0.401439
0.422686
0.392146
0.411111
0.395165
0.404432
0.43118
0.424634
0.387849
0.360165
0.380638
0.406217
0.435509
0.42881
0.40675
0.41334
0.440787
0.395021
0.349771
0.388572
0.378321
0.362877
0.365056
0.371618
0.374034
0.370319
0.377996
0.370287
0.373383
0.36836
0.359738
0.338904
0.344274
0.343482
0.35197
0.342282
0.333614
0.347933
0.345823
0.341599
0.363397
0.358729
0.375921
0.39493
0.385077
0.395279
0.402478
0.386925
0.38365
0.404738
0.381772
0.391958
0.376216
0.380688
0.380296
0.441363
0.428955
0.419256
0.419047
0.427693
0.434549
0.39654
0.402723
0.388541
0.410074
0.45576
0.390516
0.38302
0.391813
0.419044
0.426945
0.396976
0.382648
0.407077
0.41388
0.456207
0.460928
0.405264
0.434203
0.425738
0.415561
0.388944
0.370638
0.371997
0.381472
0.413223
0.455069
0.423074
0.494447
0.45585
0.433798
0.536977
0.535231
0.56335
0.529928
0.558008
0.571605
0.579642
0.482647
0.416831
0.4273
0.393535
0.401508
0.401849
0.390304
0.364892
0.400126
0.410751
0.392599
0.390739
0.395287
0.428339
0.398068
0.392893
0.38023
0.373141
0.35581
0.348291
0.347302
0.354387
0.35464
0.347407
0.34788
0.359673
0.370443
0.379659
0.389495
0.386239
0.402957
0.375028
0.425657
0.397232
0.371879
0.388051
0.37887
0.412266
0.41512
0.386582
0.385282
0.36959
0.37825
0.390855
0.363114
0.355675
0.378643
0.370036
0.358076
0.345531
0.357843
0.364219
0.381374
0.394736
0.398131
0.367868
0.353001
0.354132
0.350126
0.346546
0.344901
0.353876
0.361908
0.384826
0.413877
0.451109
0.428573
0.467234
0.454921
0.427955
0.454232
0.438187
0.458768
0.423503
0.456419
0.442692
0.392349
0.388874
0.401965
0.413487
0.424852
0.393412
0.405735
0.378451
0.377706
0.404568
0.402415
0.369474
0.349547
0.356463
0.370866
0.401966
0.387781
0.395794
0.418495
0.399299
0.399662
0.404118
0.395303
0.382822
0.39134
0.377291
0.361701
0.377416
0.424543
0.383515
0.387825
0.40514
0.400836
0.417856
0.406438
0.406855
0.402659
0.408088
0.406707
0.433649
0.445051
0.435141
0.422876
0.481876
0.429899
0.404193
0.429984
0.432526
0.430719
0.43237
0.496145
0.457716
0.424756
0.437003
0.436835
0.428999
0.442076
0.420002
0.428979
0.453864
0.457999
0.446749
0.406706
0.385598
0.400032
0.382484
0.385909
0.35982
0.348946
0.34784
0.353459
0.369285
0.388226
0.41302
0.391429
0.384021
0.393418
0.428255
0.43587
0.40115
0.414608
0.4396
0.416427
0.405777
0.376693
0.397557
0.409889
0.403723
0.435938
0.461304
0.455961
0.482202
0.415253
0.385941
0.38595
0.418527
0.416178
0.403743
0.373757
0.375422
0.381973
0.399602
0.43161
0.42352
0.429343
0.484578
0.452201
0.409868
0.421032
0.422253
0.480849
0.463854
0.434232
0.404229
0.461576
0.489724
0.460412
0.525739
0.523735
0.496855
0.531923
0.5064
0.51633
0.493256
0.495723
0.479509
0.473625
0.47317
0.536358
0.557692
0.556857
0.531829
0.533145
0.545241
0.591915
0.587706
0.576403
0.481383
0.445701
0.466871
0.481778
0.418976
0.396081
0.435925
0.44164
0.422572
0.382465
0.392032
0.447979
0.453695
0.432629
0.417043
0.436495
0.422627
0.393905
0.360986
0.359873
0.370989
0.396451
0.419456
0.441503
0.446005
0.457185
0.44338
0.442548
0.430525
0.427158
0.441614
0.39931
0.386561
0.410608
0.396003
0.403699
0.39896
0.391221
0.360139
0.373374
0.374444
0.385328
0.429306
0.389865
0.401157
0.401803
0.415047
0.389054
0.420329
0.406422
0.376691
0.387898
0.411632
0.399652
0.398031
0.383872
0.413305
0.42366
0.428464
0.441392
0.430567
0.415156
0.397136
0.408748
0.380355
0.405994
0.411956
0.410318
0.406167
0.427167
0.426508
0.385985
0.390259
0.376369
0.412456
0.400625
0.379071
0.385053
0.472878
0.464915
0.429295
0.424429
0.429962
0.414119
0.43671
0.440352
0.441306
0.451941
0.452141
0.398519
0.39091
0.363307
0.365916
0.36524
0.377439
0.35508
0.355841
0.344533
0.345943
0.341969
0.345671
0.349847
0.351231
0.353345
0.377654
0.380669
0.384096
0.3936
0.389397
0.378471
0.380168
0.372762
0.388318
0.408751
0.397186
0.395971
0.382184
0.35689
0.350442
0.354727
0.356409
0.361136
0.36278
0.392113
0.42073
0.429949
0.463543
0.4764
0.479852
0.487294
0.501412
0.511275
0.433132
0.399177
0.408433
0.456127
0.371054
0.430254
0.442758
0.422199
0.386802
0.409697
0.454051
0.474798
0.467518
0.517554
0.444262
0.454725
0.410979
0.354898
0.373647
0.372937
0.375122
0.366114
0.399725
0.419699
0.393325
0.397433
0.431609
0.476289
0.420241
0.382831
0.38795
0.37519
0.397209
0.384088
0.37412
0.396488
0.398359
0.394578
0.415552
0.411322
0.435694
0.407575
0.399824
0.385029
0.435789
0.395165
0.434778
0.447712
0.485019
0.454988
0.417355
0.38486
0.429691
0.434662
0.475239
0.483893
0.442625
0.459215
0.481048
0.430339
0.500864
0.414119
0.424162
0.391081
0.381393
0.367597
0.400988
0.380822
0.368997
0.371135
0.374319
0.388501
0.405925
0.435609
0.414904
0.401843
0.404516
0.403968
0.44088
0.43841
0.408029
0.442045
0.391311
0.34642
0.409097
0.41655
0.431944
0.443733
0.399634
0.414327
0.461497
0.476002
0.41096
0.417096
0.421954
0.437023
0.460844
0.444134
0.430801
0.45929
0.488747
0.494821
0.452414
0.426048
0.428447
0.438102
0.448242
0.42757
0.458163
0.442267
0.43048
0.468793
0.466781
0.464556
0.480658
0.493734
0.551525
0.558277
0.53411
0.534867
0.580487
0.556388
0.553915
0.530864
0.504644
0.44465
0.413052
0.36959
0.395588
0.388845
0.449621
0.375653
0.418723
0.440892
0.434787
0.436886
0.423195
0.387796
0.434263
0.434071
0.431213
0.444978
0.423747
0.418853
0.396567
0.414948
0.386249
0.40995
0.419874
0.352745
0.425944
0.447141
0.448253
0.416956
0.43102
0.43189
0.445918
0.404342
0.395751
0.369618
0.366575
0.363326
0.364422
0.355524
0.356763
0.351507
0.35056
0.353678
0.359836
0.364193
0.386296
0.400607
0.361105
0.378202
0.360886
0.369003
0.386448
0.381708
0.3591
0.395219
0.432104
0.391862
0.408053
0.431983
0.4473
0.398986
0.42118
0.422768
0.422561
0.383476
0.358615
0.348067
0.352456
0.351986
0.364548
0.374717
0.367504
0.362777
0.370005
0.364084
0.378036
0.398213
0.396085
0.449263
0.485146
0.482103
0.478852
0.460379
0.447052
0.464398
0.455071
0.422521
0.378196
0.357241
0.391136
0.395405
0.368023
0.364792
0.355648
0.37467
0.471802
0.433489
0.374751
0.395152
0.41286
0.396845
0.389139
0.492646
0.517984
0.488288
0.486419
0.44248
0.433709
0.553436
0.52804
0.51282
0.521015
0.506582
0.495362
0.496222
0.502881
0.502933
0.471801
0.523449
0.515306
0.498466
0.518718
0.491799
0.45229
0.484181
0.440476
0.45863
0.425748
0.426648
0.444614
0.491456
0.440059
0.453691
0.450087
0.405738
0.436282
0.421561
0.44371
0.408631
0.382101
0.370942
0.359406
0.356417
0.36156
0.387904
0.405444
0.380396
0.363855
0.367061
0.367515
0.393602
0.404126
0.41665
0.380511
0.372566
0.37698
0.35411
0.369558
0.358503
0.349169
0.355427
0.377006
0.390668
0.401766
0.398357
0.414388
0.403384
0.40698
0.39222
0.390217
0.373318
0.36282
0.355064
0.349879
0.359247
0.344664
0.34969
0.359725
0.386969
0.375587
0.377505
0.399723
0.395341
0.356083
0.386264
0.359912
0.357307
0.358935
0.354951
0.376269
0.362819
0.374933
0.416406
0.397409
0.386794
0.381255
0.384893
0.401712
0.390096
0.415838
0.41934
0.424642
0.421888
0.449576
0.448639
0.401603
0.423299
0.412592
0.434904
0.46676
0.439375
0.492994
0.47487
0.448311
0.484252
0.503146
0.489714
0.445412
0.432709
0.424772
0.39011
0.423529
0.434713
0.433398
0.372665
0.41317
0.457294
0.420002
0.46224
0.474753
0.411566
0.381064
0.388916
0.45006
0.392902
0.425667
0.453422
0.427242
0.427597
0.434215
0.423453
0.408978
0.424683
0.463044
0.471798
0.454604
0.473037
0.426069
0.406814
0.45134
0.476797
0.484695
0.493117
0.431543
0.420897
0.437542
0.436444
0.458481
0.494242
0.492619
0.396309
0.445212
0.42727
0.41935
0.380482
0.377758
0.370387
0.392252
0.430325
0.415101
0.435525
0.420486
0.399117
0.398911
0.382447
0.372516
0.383305
0.367033
0.355632
0.35449
0.355599
0.359594
0.379964
0.403554
0.372747
0.36469
0.356233
0.374081
0.380499
0.369802
0.375426
0.351329
0.3656
0.386493
0.392293
0.390828
0.395325
0.384632
0.393431
0.402647
0.355923
0.375923
0.382806
0.39035
0.397079
0.428806
0.423503
0.426835
0.408643
0.394869
0.360766
0.395843
0.390314
0.389437
0.36094
0.371287
0.368966
0.3649
0.366207
0.359056
0.379202
0.396276
0.39798
0.363793
0.377806
0.370537
0.366094
0.393619
0.380764
0.391215
0.384679
0.405059
0.466478
0.409197
0.487133
0.463472
0.480252
0.421968
0.429384
0.437116
0.497767
0.483662
0.49149
0.471897
0.47192
0.44908
0.373642
0.419541
0.48007
0.451588
0.480735
0.482958
0.39175
0.378736
0.363412
0.362226
0.345465
0.34936
0.358475
0.365388
0.368646
0.410718
0.375753
0.391448
0.41822
0.399617
0.383539
0.397983
0.392004
0.380523
0.402239
0.391912
0.404833
0.405246
0.397399
0.381363
0.388727
0.369002
0.382178
0.378036
0.358168
0.352368
0.346718
0.353719
0.349977
0.353896
0.390909
0.392649
0.389393
0.378854
0.357633
0.355718
0.345424
0.376975
0.373268
0.360797
0.360981
0.345209
0.357338
0.360503
0.374384
0.364642
0.35101
0.341067
0.345169
0.347187
0.351129
0.347137
0.341114
0.358249
0.357928
0.366461
0.379797
0.385078
0.36646
0.351444
0.356081
0.364598
0.39154
0.389972
0.416907
0.409613
0.414413
0.425982
0.410093
0.41064
0.41981
0.37817
0.385679
0.387043
0.409062
0.403022
0.368413
0.374551
0.406873
0.393726
0.399827
0.397492
0.387116
0.397376
0.394245
0.420859
0.446403
0.397324
0.418819
0.429897
0.41498
0.399518
0.449544
0.43949
0.460435
0.465683
0.481097
0.449637
0.452371
0.482958
0.467686
0.426305
0.439429
0.488491
0.48771
0.451249
0.450585
0.421483
0.430014
0.401965
0.46753
0.466713
0.450379
0.430278
0.425734
0.439764
0.436116
0.482793
0.457987
0.472476
0.503514
0.474332
0.466321
0.478696
0.459389
0.517061
0.512727
0.465003
0.413593
0.403931
0.404748
0.416031
0.416123
0.440563
0.462997
0.422466
0.44452
0.467224
0.48785
0.504964
0.516809
0.574794
0.457294
0.392098
0.418906
0.417235
0.428794
0.415252
0.434542
0.416633
0.397632
0.396325
0.400383
0.413428
0.439078
0.422492
0.416257
0.41706
0.402496
0.439313
0.426305
0.433974
0.409707
0.407046
0.42369
0.419807
0.421188
0.442371
0.403461
0.390869
0.392863
0.401741
0.393477
0.383116
0.392218
0.361057
0.367277
0.397789
0.391686
0.389624
0.362563
0.35842
0.363736
0.382268
0.381995
0.409293
0.427733
0.397868
0.392552
0.386422
0.400936
0.403903
0.380205
0.422163
0.417803
0.420598
0.425419
0.390281
0.394328
0.375554
0.398174
0.390888
0.398245
0.393299
0.416289
0.39643
0.404178
0.408016
0.425805
0.408731
0.416405
0.364348
0.357474
0.357429
0.347886
0.343164
0.339869
0.338014
0.348989
0.344169
0.344557
0.357996
0.380659
0.370749
0.376073
0.376491
0.356604
0.344725
0.346283
0.334955
0.34291
0.348595
0.337792
0.34396
0.343846
0.34568
0.354035
0.347099
0.348245
0.349061
0.340692
0.332598
0.34527
0.340856
0.344184
0.344935
0.339522
0.360642
0.37057
0.389056
0.389559
0.376568
0.375153
0.376913
0.385149
0.367212
0.378729
0.379162
0.379555
0.365323
0.381051
0.372658
0.379421
0.388997
0.361803
0.351355
0.345897
0.344773
0.338831
0.342102
0.350357
0.345487
0.346608
0.351381
0.345612
0.342744
0.346568
0.342129
0.341895
0.35154
0.339026
0.344853
0.34641
0.358403
0.365123
0.371171
0.355997
0.356382
0.361592
0.366152
0.368611
0.402437
0.40513
0.42607
0.379072
0.376459
0.398836
0.401403
0.428708
0.453507
0.420305
0.43521
0.421381
0.427405
0.39213
0.364778
0.375132
0.39117
0.386484
0.362949
0.356605
0.359935
0.357797
0.367481
0.395284
0.404405
0.379912
0.37288
0.37276
0.382819
0.39929
0.420605
0.454128
0.456352
0.462341
0.482956
0.462179
0.516496
0.513808
0.508821
0.399206
0.411775
0.444961
0.424941
0.380055
0.417679
0.470597
0.46832
0.451549
0.445278
0.391065
0.375695
0.368647
0.353111
0.348551
0.342127
0.350489
0.361581
0.354121
0.36793
0.379464
0.37479
0.408842
0.39222
0.39104
0.37848
0.376157
0.402444
0.425648
0.41872
0.415758
0.383146
0.393612
0.389169
0.373728
0.373036
0.377362
0.389123
0.384723
0.363493
0.3466
0.343975
0.350406
0.345787
0.341927
0.343233
0.347721
0.352155
0.380522
0.381028
0.369575
0.345673
0.345875
0.351368
0.35945
0.352381
0.35877
0.395636
0.429949
0.394432
0.409518
0.400225
0.40637
0.390514
0.394195
0.395285
0.38928
0.413833
0.422358
0.400946
0.411798
0.402541
0.395375
0.390963
0.400059
0.397998
0.394523
0.394029
0.379416
0.386974
0.400923
0.412391
0.384759
0.368263
0.38871
0.416979
0.413719
0.451935
0.444876
0.396163
0.40683
0.362966
0.405147
0.41606
0.400521
0.475972
0.438523
0.452043
0.412522
0.409309
0.412103
0.405565
0.431091
0.453129
0.443276
0.440582
0.482573
0.4363
0.459135
0.420373
0.457838
0.48359
0.452949
0.448051
0.414069
0.382985
0.385935
0.377785
0.371091
0.383178
0.406598
0.376344
0.356121
0.356832
0.345088
0.360713
0.359348
0.364547
0.380476
0.361692
0.356715
0.373316
0.394518
0.405678
0.38977
0.440441
0.425544
0.437101
0.454774
0.465617
0.409275
0.443328
0.477662
0.446407
0.459274
0.436288
0.469455
0.460908
0.451014
0.442548
0.432486
0.428802
0.416237
0.409811
0.43773
0.477876
0.477778
0.499312
0.492269
0.479011
0.459911
0.482334
0.481479
0.486982
0.480431
0.543085
0.556993
0.58325
0.45788
0.415174
0.392908
0.417707
0.424457
0.388989
0.400202
0.416027
0.440487
0.41398
0.409214
0.409701
0.419997
0.441531
0.451382
0.41761
0.427266
0.472832
0.417913
0.413966
0.406942
0.417112
0.416235
0.395421
0.367024
0.364822
0.370276
0.379254
0.366431
0.384723
0.402738
0.388083
0.400702
0.462893
0.470426
0.455379
0.477544
0.450582
0.420769
0.424038
0.442996
0.408386
0.434683
0.430368
0.397091
0.371083
0.35877
0.389481
0.393315
0.391599
0.385557
0.369536
0.393014
0.408014
0.418499
0.400038
0.432905
0.407229
0.390572
0.377394
0.362104
0.370977
0.403214
0.399009
0.379889
0.374682
0.406719
0.416984
0.419408
0.395436
0.427421
0.40891
0.404344
0.419416
0.405062
0.385308
0.432659
0.441176
0.429138
0.430511
0.41967
0.478561
0.456915
0.449219
0.458774
0.479985
0.390809
0.426654
0.469149
0.42728
0.454403
0.477028
0.449228
0.411958
0.422627
0.415405
0.428062
0.417454
0.448871
0.514669
0.487427
0.48558
0.453039
0.427703
0.400661
0.408225
0.526423
0.454825
0.482923
0.425074
0.421502
0.438948
0.445842
0.399049
0.413826
0.44995
0.424251
0.402068
0.443357
0.44743
0.427021
0.407526
0.388347
0.376966
0.415118
0.460948
0.467259
0.464344
0.471932
0.456013
0.467566
0.407483
0.433099
0.441597
0.441979
0.429019
0.391383
0.387438
0.384521
0.380589
0.386834
0.407631
0.385941
0.373368
0.408694
0.4414
0.443069
0.409611
0.445238
0.431835
0.472344
0.440301
0.546196
0.60752
0.600528
0.554539
0.546487
0.536494
0.482007
0.470883
0.535824
0.495205
0.447528
0.426448
0.409153
0.413288
0.417651
0.407103
0.449367
0.46866
0.420037
0.436131
0.453078
0.493026
0.479484
0.466462
0.457422
0.42484
0.415122
0.433786
0.455628
0.467393
0.459619
0.447528
0.422529
0.449327
0.444171
0.446175
0.427811
0.429406
0.437529
0.449125
0.432582
0.466615
0.434813
0.433635
0.449829
0.412865
0.412387
0.419855
0.456517
0.483175
0.480744
0.500996
0.491774
0.497796
0.52002
0.462033
0.41883
0.3906
0.41017
0.395816
0.400346
0.399334
0.438886
0.434074
0.446594
0.491371
0.455141
0.463834
0.426045
0.399541
0.38908
0.411858
0.401281
0.394032
0.448819
0.433943
0.420976
0.433244
0.460976
0.473901
0.492885
0.493137
0.449829
0.393425
0.370454
0.371269
0.363963
0.358283
0.360457
0.371921
0.367802
0.363567
0.361366
0.366088
0.372051
0.395184
0.424142
0.464164
0.473964
0.499265
0.51219
0.473053
0.453646
0.446836
0.442625
0.493546
0.432608
0.435774
0.396549
0.431517
0.430988
0.402653
0.434725
0.455347
0.46433
0.374105
0.363177
0.387493
0.409124
0.433706
0.42559
0.430209
0.429428
0.409904
0.416889
0.447548
0.491245
0.425268
0.423459
0.413597
0.435354
0.500523
0.484894
0.53717
0.537898
0.484747
0.491171
0.489243
0.527535
0.555769
0.587721
0.533818
0.518561
0.49449
0.524501
0.520472
0.489681
0.478872
0.459049
0.479773
0.472496
0.515499
0.476993
0.4546
0.462217
0.464419
0.510493
0.506208
0.495091
0.449606
0.468765
0.449126
0.447033
0.431277
0.429541
0.427824
0.394763
0.42069
0.398831
0.405837
0.410403
0.399992
0.431306
0.428337
0.453311
0.500466
0.529237
0.495341
0.479483
0.4531
0.439016
0.443972
0.474947
0.415767
0.406006
0.426932
0.471384
0.444734
0.494724
0.456123
0.423782
0.411562
0.449125
0.437637
0.443816
0.436209
0.436334
0.445215
0.434012
0.466666
0.450958
0.421871
0.45598
0.476197
0.420903
0.45473
0.512713
0.472286
0.480064
0.498718
0.418907
0.430285
0.511254
0.489397
0.489965
0.476544
0.501029
0.49245
0.497671
0.48904
0.443165
0.448492
0.436698
0.463708
0.457089
0.466072
0.468661
0.52003
0.50267
0.431343
0.422762
0.37824
0.369331
0.353787
0.360784
0.367274
0.37822
0.396381
0.40128
0.396772
0.438252
0.454223
0.479899
0.447152
0.427156
0.429595
0.41575
0.42668
0.382827
0.436355
0.389886
0.440056
0.39708
0.45451
0.469174
0.44004
0.450236
0.428265
0.394976
0.44859
0.445457
0.438637
0.451955
0.408761
0.375022
0.389514
0.375575
0.3688
0.375443
0.386634
0.4503
0.465357
0.491299
0.492402
0.511268
0.518144
0.497227
0.532143
0.506493
0.496091
0.513527
0.475578
0.531351
0.500365
0.548022
0.531809
0.515575
0.52225
0.580826
0.574378
0.536218
0.529594
0.423246
0.413377
0.365877
0.363725
0.384351
0.412625
0.421477
0.398709
0.368806
0.387387
0.395285
0.402638
0.398111
0.419213
0.420597
0.393229
0.437971
0.414303
0.417152
0.434653
0.425752
0.403899
0.422492
0.458938
0.421942
0.442115
0.43721
0.406895
0.395231
0.391569
0.40976
0.432868
0.387383
0.449047
0.432268
0.412824
0.412896
0.388594
0.391889
0.395975
0.404871
0.375197
0.371754
0.369083
0.351815
0.345113
0.347576
0.349045
0.362956
0.379633
0.409907
0.39307
0.366379
0.354014
0.354833
0.370787
0.389513
0.403131
0.416272
0.429794
0.395108
0.481098
0.38314
0.372462
0.363686
0.371911
0.362181
0.357567
0.354393
0.379238
0.376344
0.368569
0.360085
0.360646
0.362219
0.405474
0.4061
0.434696
0.449763
0.441815
0.425881
0.433974
0.458389
0.500733
0.397693
0.445592
0.427788
0.429732
0.409421
0.387828
0.377076
0.369375
0.363852
0.382449
0.379693
0.389269
0.37922
0.385787
0.391057
0.39992
0.429049
0.43032
0.436703
0.436743
0.421576
0.388394
0.354546
0.371643
0.403617
0.38405
0.419043
0.422925
0.389417
0.385363
0.357362
0.346616
0.347098
0.349751
0.338272
0.350162
0.352659
0.349043
0.359811
0.3514
0.375219
0.391866
0.379791
0.352668
0.350516
0.360992
0.375092
0.358754
0.404389
0.442134
0.391887
0.431138
0.406295
0.441014
0.456835
0.417957
0.40803
0.45332
0.456371
0.509435
0.487811
0.531269
0.605506
0.577314
0.583655
0.546018
0.528277
0.567193
0.54387
0.540286
0.54125
0.517343
0.505418
0.500294
0.461501
0.536694
0.515579
0.484641
0.43658
0.474899
0.525484
0.523456
0.524596
0.447986
0.440646
0.533626
0.486801
0.519081
0.517544
0.44971
0.503825
0.4678
0.50914
0.50308
0.530995
0.531254
0.54891
0.538842
0.519142
0.422618
0.399985
0.404425
0.413612
0.403638
0.420762
0.414501
0.412322
0.389644
0.419425
0.423357
0.458221
0.492069
0.456376
0.456034
0.438255
0.429513
0.436128
0.446497
0.494539
0.500509
0.446032
0.435946
0.501665
0.523097
0.484527
0.414884
0.429912
0.447473
0.525109
0.508952
0.493042
0.443079
0.519419
0.48163
0.475027
0.525227
0.469802
0.440088
0.467691
0.405049
0.505565
0.532675
0.519996
0.471952
0.499765
0.51307
0.486678
0.514863
0.533128
0.514655
0.514569
0.532228
0.49025
0.473784
0.426659
0.447354
0.445527
0.466178
0.507636
0.475366
0.538845
0.484906
0.45852
0.440877
0.441168
0.462703
0.501046
0.439377
0.483347
0.439919
0.452314
0.445795
0.470312
0.442912
0.483295
0.434909
0.452788
0.43093
0.426168
0.38625
0.38147
0.364455
0.375925
0.377758
0.394943
0.398227
0.390167
0.408455
0.388272
0.37985
0.393918
0.384689
0.403168
0.389602
0.377358
0.370539
0.381007
0.391566
0.404592
0.405443
0.400393
0.468953
0.427636
0.424481
0.425156
0.444402
0.418475
0.417705
0.414745
0.412411
0.4019
0.43212
0.451892
0.445187
0.436432
0.477577
0.469334
0.401708
0.387688
0.389571
0.416535
0.438934
0.476402
0.490518
0.483419
0.472108
0.460515
0.448335
0.448526
0.465498
0.464248
0.491388
0.464396
0.473042
0.466758
0.459457
0.453842
0.398648
0.394724
0.436541
0.442847
0.427182
0.427771
0.415278
0.440451
0.460928
0.473117
0.463957
0.431307
0.44741
0.489923
0.443296
0.461978
0.467025
0.473848
0.478903
0.458512
0.47099
0.49529
0.477463
0.467477
0.456792
0.414868
0.402929
0.427423
0.429967
0.395323
0.386024
0.373589
0.39567
0.44963
0.479822
0.495398
0.479632
0.45704
0.461557
0.464303
0.431664
0.427606
0.447217
0.507396
0.54016
0.58463
0.555824
0.58567
0.540434
0.427265
0.379894
0.402157
0.366541
0.37948
0.369178
0.358547
0.354878
0.378596
0.400701
0.36043
0.354601
0.3489
0.346465
0.352308
0.356923
0.339087
0.355155
0.346462
0.350266
0.340966
0.364507
0.345246
0.35721
0.369705
0.399675
0.386401
0.378124
0.359578
0.36312
0.371266
0.396216
0.394547
0.371844
0.364863
0.399387
0.439393
0.440043
0.4367
0.443545
0.423647
0.436043
0.444175
0.411024
0.410283
0.455218
0.458882
0.415092
0.433115
0.417034
0.433758
0.426338
0.435805
0.408041
0.411684
0.461129
0.49113
0.4965
0.50239
0.519968
0.530519
0.518873
0.5304
0.504769
0.478656
0.402156
0.397487
0.45763
0.46729
0.483998
0.473098
0.552264
0.525134
0.498904
0.465631
0.45746
0.493281
0.503661
0.488736
0.480013
0.480801
0.440488
0.446001
0.462384
0.465874
0.467349
0.385661
0.444047
0.489766
0.447281
0.51033
0.478221
0.467453
0.454057
0.448767
0.438913
0.443134
0.423468
0.408402
0.446965
0.475289
0.451268
0.493361
0.522752
0.538
0.519305
0.488095
0.518535
0.483359
0.44815
0.43661
0.491429
0.499658
0.502794
0.504477
0.526608
0.469101
0.50921
0.521685
0.486253
0.503577
0.525019
0.50326
0.47326
0.448972
0.521111
0.504822
0.501912
0.541021
0.543382
0.504266
0.466245
0.489569
0.464926
0.449582
0.414544
0.426807
0.375655
0.371709
0.379638
0.386962
0.394994
0.414319
0.392896
0.388133
0.394409
0.403205
0.45787
0.448572
0.394131
0.388491
0.393723
0.388857
0.403038
0.410709
0.413923
0.383381
0.378222
0.39198
0.399427
0.397696
0.427088
0.414777
0.421214
0.408311
0.437577
0.43134
0.427245
0.390815
0.37748
0.363677
0.406322
0.38383
0.370224
0.407384
0.429719
0.418418
0.398403
0.374114
0.368155
0.35951
0.361721
0.367838
0.361074
0.364995
0.362513
0.362469
0.382664
0.399035
0.393386
0.365678
0.353186
0.362346
0.356017
0.358745
0.360079
0.364641
0.371157
0.362205
0.357723
0.387314
0.388585
0.394018
0.415691
0.463476
0.493378
0.437405
0.421818
0.409411
0.392511
0.384621
0.374391
0.396698
0.399297
0.422717
0.389467
0.394348
0.397322
0.416619
0.455437
0.429454
0.456111
0.495879
0.438672
0.401192
0.400621
0.395484
0.400694
0.433467
0.462183
0.417184
0.429266
0.408511
0.395713
0.388377
0.398873
0.385828
0.385347
0.412
0.402094
0.381925
0.399701
0.39965
0.38378
0.411862
0.39618
0.380941
0.37661
0.383866
0.386618
0.443799
0.475564
0.402422
0.424214
0.401781
0.453974
0.44957
0.414508
0.402982
0.391055
0.407214
0.398542
0.384494
0.391895
0.384203
0.389093
0.390764
0.400215
0.3722
0.367471
0.364845
0.373515
0.37152
0.372197
0.360028
0.359448
0.36166
0.362335
0.359595
0.357794
0.369884
0.363344
0.373512
0.364369
0.356617
0.357616
0.362062
0.359048
0.355307
0.357803
0.35902
0.363672
0.359767
0.36443
0.363669
0.358076
0.356857
0.358841
0.365504
0.379362
0.36651
0.38287
0.366806
0.366987
0.358316
0.358888
0.386454
0.404583
0.424034
0.394187
0.403988
0.402694
0.409619
0.417667
0.382198
0.373563
0.368573
0.381796
0.379494
0.412131
0.42114
0.385426
0.367881
0.39265
0.41224
0.392946
0.392592
0.384179
0.394814
0.390376
0.382924
0.368082
0.368798
0.352932
0.383254
0.4227
0.363497
0.368016
0.376927
0.381985
0.40493
0.427563
0.451121
0.426642
0.410884
0.37895
0.36109
0.367395
0.371745
0.392019
0.40752
0.390305
0.36347
0.36687
0.364116
0.358208
0.358367
0.354847
0.351128
0.373362
0.38941
0.424465
0.455805
0.399225
0.393875
0.392869
0.385476
0.40059
0.417588
0.401258
0.398535
0.423753
0.413907
0.420479
0.403692
0.409298
0.403842
0.38746
0.375415
0.392377
0.384011
0.398051
0.39819
0.388999
0.380967
0.373616
0.370203
0.37892
0.361999
0.363188
0.370718
0.380369
0.385866
0.364762
0.371108
0.381368
0.38861
0.391437
0.41804
0.426849
0.437928
0.426956
0.420511
0.398782
0.428167
0.495551
0.542301
0.501899
0.392228
0.395186
0.368359
0.360462
0.371507
0.39709
0.414817
0.391117
0.421802
0.418675
0.404599
0.421036
0.40664
0.415333
0.383102
0.390737
0.388607
0.383755
0.397065
0.381777
0.373517
0.383458
0.392785
0.382054
0.392686
0.396897
0.393096
0.395029
